Open,High,Low,Close,Volume
56.97,57.0,56.81,57.0,0
57.13,57.13,57.13,57.13,0
57.1,57.1,57.1,57.1,0
57.73,57.73,57.73,57.73,0
57.35,57.35,57.35,57.35,0
56.630001068115234,56.7599983215332,55.95000076293945,56.31999969482422,154315
56.31650161743164,56.58000183105469,56.0,56.58000183105469,74697
56.599998474121094,56.689998626708984,56.369998931884766,56.429901123046875,53726
56.41999816894531,56.5099983215332,56.209999084472656,56.29499816894531,43735
56.25,56.25,56.0,56.064998626708984,76471
56.064998626708984,56.22999954223633,56.02000045776367,56.119998931884766,101546
56.11000061035156,56.13999938964844,56.029998779296875,56.060001373291016,63457
56.09000015258789,56.15999984741211,56.0099983215332,56.040000915527344,77157
56.029998779296875,56.27000045776367,55.869998931884766,56.13999938964844,32173
56.130001068115234,56.150001525878906,55.900001525878906,55.939998626708984,42252
55.93000030517578,55.95000076293945,55.59000015258789,55.7400016784668,74358
55.7400016784668,55.86000061035156,55.63999938964844,55.749900817871094,34158
55.72999954223633,55.72999954223633,55.595001220703125,55.595001220703125,36246
55.595001220703125,55.595001220703125,55.40999984741211,55.40999984741211,45489
55.40999984741211,55.439998626708984,55.26499938964844,55.369998931884766,35268
55.369998931884766,55.369998931884766,55.275001525878906,55.349998474121094,30934
55.34000015258789,55.5099983215332,55.310001373291016,55.494998931884766,40102
55.5,55.58000183105469,55.40999984741211,55.529998779296875,30775
55.52000045776367,55.56999969482422,55.44770050048828,55.47999954223633,38540
55.470001220703125,55.529998779296875,55.41999816894531,55.47999954223633,38533
55.4900016784668,55.549800872802734,55.470001220703125,55.5099983215332,61014
55.505001068115234,55.7150993347168,55.47999954223633,55.599998474121094,59628
55.61000061035156,55.625,55.470001220703125,55.5099983215332,33760
55.5,55.619998931884766,55.38999938964844,55.52000045776367,41329
55.52000045776367,55.52000045776367,55.32500076293945,55.38999938964844,58023
55.380001068115234,55.564998626708984,55.369998931884766,55.54999923706055,246924
55.56,55.56,55.56,55.56,0
55.56,55.56,55.56,55.56,0
55.56,55.57,55.55,55.55,0
55.57,55.57,55.57,55.57,0
56.0099983215332,56.0099983215332,55.279998779296875,55.630001068115234,100525
55.59000015258789,55.7599983215332,55.44940185546875,55.58000183105469,53874
55.59000015258789,55.625,55.13999938964844,55.18000030517578,82150
55.189998626708984,55.279998779296875,55.0099983215332,55.25,79876
55.25,55.28519821166992,55.0099983215332,55.02510070800781,75772
55.0,55.0099983215332,54.630001068115234,54.83000183105469,92656
54.81999969482422,54.939998626708984,54.7599983215332,54.790000915527344,72372
54.79999923706055,54.900001525878906,54.63999938964844,54.78499984741211,72476
54.79999923706055,55.0099983215332,54.7400016784668,55.0,126272
54.9900016784668,55.34000015258789,54.9900016784668,55.27000045776367,31563
55.2599983215332,55.65999984741211,55.2599983215332,55.60499954223633,54608
55.59000015258789,55.599998474121094,55.47999954223633,55.53499984741211,40614
55.540000915527344,55.58000183105469,55.41999816894531,55.45000076293945,66948
55.459999084472656,55.779998779296875,55.45000076293945,55.779998779296875,36379
55.7599983215332,55.76499938964844,55.65999984741211,55.724998474121094,26768
55.7400016784668,55.7400016784668,55.59000015258789,55.61000061035156,28685
55.59000015258789,55.650001525878906,55.497501373291016,55.540000915527344,31571
55.54499816894531,55.57899856567383,55.470001220703125,55.51499938964844,23943
55.5099983215332,55.540000915527344,55.279998779296875,55.310001373291016,36524
55.310001373291016,55.5,55.290000915527344,55.29999923706055,36969
55.29999923706055,55.369998931884766,55.150001525878906,55.369998931884766,26204
55.369998931884766,55.37900161743164,55.22999954223633,55.29999923706055,45877
55.29499816894531,55.349998474121094,55.2400016784668,55.34000015258789,36797
55.34000015258789,55.345001220703125,55.18000030517578,55.220001220703125,41474
55.20000076293945,55.220001220703125,55.04999923706055,55.11000061035156,84174
55.11000061035156,55.189998626708984,54.970001220703125,54.97999954223633,228325
54.99,55.010796,54.99,55.010796,0
54.99,54.99,54.99,54.99,0
54.78,54.78,54.78,54.78,0
55.0,55.0,55.0,55.0,0
55.22,55.22,55.22,55.22,0
55.05,55.05,55.05,55.05,0
55.40999984741211,56.19929885864258,55.290000915527344,56.154998779296875,108038
56.09000015258789,56.279998779296875,55.90999984741211,56.095001220703125,73016
56.099998474121094,56.29999923706055,56.0098991394043,56.279998779296875,14422
55.560001373291016,55.709999084472656,55.560001373291016,55.68000030517578,389654
55.65999984741211,55.75,55.6150016784668,55.720001220703125,22865
55.709999084472656,55.75,55.619998931884766,55.689998626708984,21058
55.691200256347656,55.79999923706055,55.63999938964844,55.779998779296875,16502
55.72999954223633,55.804100036621094,55.63999938964844,55.63999938964844,15118
55.685001373291016,55.83000183105469,55.630001068115234,55.6349983215332,28182
55.619998931884766,55.66999816894531,55.560001373291016,55.630001068115234,43223
55.619998931884766,55.619998931884766,55.38999938964844,55.400001525878906,16430
55.369998931884766,55.470001220703125,55.349998474121094,55.369998931884766,18940
55.369998931884766,55.419898986816406,55.209999084472656,55.209999084472656,44891
55.21500015258789,55.29999923706055,55.029998779296875,55.08000183105469,53606
55.060001373291016,55.09000015258789,54.86000061035156,54.95000076293945,60863
54.939998626708984,54.959999084472656,54.689998626708984,54.86000061035156,385565
54.87,54.87,54.85,54.85,38383
54.63,54.87,54.5,54.6,0
54.24,54.75,54.24,54.61,0
55.2,55.2,54.87,54.87,0
54.54,54.54,54.54,54.54,0
54.8,54.8,54.8,54.8,0
54.87,54.96,54.8,54.96,0
55.0,55.0,54.87,54.87,0
54.85,54.85,54.85,54.85,0
54.540000915527344,54.540000915527344,54.060001373291016,54.08000183105469,103013
54.060001373291016,54.43000030517578,53.939998626708984,54.03499984741211,92701
54.084999084472656,54.15999984741211,53.660400390625,53.7400016784668,58602
53.720001220703125,53.95500183105469,53.58000183105469,53.847999572753906,73444
53.86000061035156,54.239898681640625,53.790000915527344,54.040000915527344,51287
54.040000915527344,54.349998474121094,53.90999984741211,54.27000045776367,63246
54.29999923706055,54.41999816894531,54.165000915527344,54.20000076293945,45305
54.220001220703125,54.38999938964844,54.16999816894531,54.34000015258789,38567
54.34000015258789,54.36000061035156,53.93000030517578,53.95000076293945,53030
53.97999954223633,54.029998779296875,53.79999923706055,54.01499938964844,40931
54.0099983215332,54.0099983215332,53.755001068115234,53.779998779296875,44522
53.779998779296875,53.900001525878906,53.650001525878906,53.81999969482422,40823
53.810001373291016,53.88999938964844,53.709800720214844,53.709800720214844,40176
53.70000076293945,53.72999954223633,53.5099983215332,53.630001068115234,52999
53.630001068115234,53.869998931884766,53.630001068115234,53.84000015258789,42512
53.81999969482422,53.83000183105469,53.54999923706055,53.665000915527344,36320
53.650001525878906,54.06999969482422,53.650001525878906,54.03499984741211,42028
54.04499816894531,54.220001220703125,53.970001220703125,53.97999954223633,49297
53.9900016784668,54.15999984741211,53.90869903564453,54.064998626708984,50362
54.06999969482422,54.11000061035156,53.83000183105469,53.862300872802734,46861
53.86000061035156,54.0,53.83000183105469,53.869998931884766,52041
53.880001068115234,53.900001525878906,53.53499984741211,53.53499984741211,71003
53.540000915527344,53.560001373291016,53.33000183105469,53.33000183105469,98297
53.33000183105469,53.650001525878906,53.29999923706055,53.43000030517578,92975
53.41999816894531,53.720001220703125,53.40999984741211,53.599998474121094,127521
53.59000015258789,53.66999816894531,53.31999969482422,53.400001525878906,269595
53.39,53.39,52.74,53.07,39873
53.65308,53.65308,53.65308,53.65308,0
53.24,53.39,53.24,53.39,0
53.24,53.24,53.24,53.24,0
53.03,53.03,53.03,53.03,0
53.23,53.24,53.23,53.24,0
53.38,53.38,53.38,53.38,0
53.3,53.3,53.3,53.3,0
54.31999969482422,54.31999969482422,54.31999969482422,54.31999969482422,1230158
54.33000183105469,54.369998931884766,54.33000183105469,54.369998931884766,3368
54.41999816894531,54.41999816894531,54.16999816894531,54.27000045776367,83486
54.290000915527344,54.47999954223633,54.0,54.040000915527344,122219
54.040000915527344,54.18000030517578,53.900001525878906,53.959999084472656,335936
53.970001220703125,54.029998779296875,53.970001220703125,53.994998931884766,7755
53.85,53.85,53.85,53.85,392018
54.26409912109375,54.41999816894531,54.130001068115234,54.31999969482422,41829
54.5099983215332,54.68000030517578,54.5099983215332,54.68000030517578,257359
55.0099983215332,55.0099983215332,54.7400016784668,54.75,95030
54.720001220703125,54.790000915527344,54.45000076293945,54.45000076293945,157750
54.4900016784668,54.4900016784668,54.255001068115234,54.255001068115234,103386
54.04999923706055,54.130001068115234,53.95500183105469,54.130001068115234,109920
54.029998779296875,54.16999816894531,53.96009826660156,54.14500045776367,500057
54.150001525878906,54.29999923706055,54.09000015258789,54.29999923706055,104087
54.06740188598633,54.27000045776367,54.06399917602539,54.2599983215332,95383
54.20000076293945,54.209999084472656,54.06999969482422,54.209999084472656,43355
54.23500061035156,54.244998931884766,54.09000015258789,54.119998931884766,47072
54.08000183105469,54.099998474121094,53.98500061035156,54.08000183105469,56179
53.97999954223633,54.13999938964844,53.959999084472656,54.13999938964844,61778
54.11000061035156,54.220001220703125,54.11000061035156,54.20000076293945,51930
54.029998779296875,54.029998779296875,53.93000030517578,53.98619842529297,38495
54.16999816894531,54.16999816894531,53.970001220703125,54.0099983215332,35565
54.060001373291016,54.08000183105469,53.97999954223633,54.0099983215332,24353
53.970001220703125,54.040000915527344,53.970001220703125,54.040000915527344,69605
54.2599983215332,54.2599983215332,54.01499938964844,54.01539993286133,98493
53.75,54.209999084472656,53.75,54.209999084472656,75694
54.11000061035156,54.11000061035156,53.810001373291016,53.81999969482422,70317
53.5099983215332,53.5099983215332,53.38999938964844,53.38999938964844,89697
53.18000030517578,53.18000030517578,52.90599822998047,52.90999984741211,2355912
52.79999923706055,52.88970184326172,52.630001068115234,52.845001220703125,114279
52.939998626708984,52.959999084472656,52.66999816894531,52.75,145038
52.7400016784668,52.7400016784668,52.61000061035156,52.69499969482422,279295
52.73,52.73,52.73,52.73,0
52.74,52.74,52.01,52.01,0
52.73,52.73,52.73,52.73,0
52.02,52.02,52.02,52.02,0
52.05,52.05,52.05,52.05,0
53.01,53.4999,53.01,53.4999,0
53.39,53.39,53.39,53.39,0
53.2599983215332,53.26499938964844,52.5099983215332,52.709999084472656,345979
52.709999084472656,53.15999984741211,52.584999084472656,53.119998931884766,289218
53.11000061035156,53.439998626708984,52.900001525878906,53.2599983215332,105648
53.2599983215332,53.2599983215332,52.790000915527344,52.79999923706055,117081
52.79999923706055,52.92499923706055,52.650001525878906,52.900001525878906,121210
52.939998626708984,53.189998626708984,52.869998931884766,53.18000030517578,97114
53.20000076293945,53.349998474121094,53.15999984741211,53.209999084472656,67085
53.20000076293945,53.20000076293945,52.869998931884766,52.88999938964844,51589
52.900001525878906,53.224998474121094,52.880001068115234,53.04999923706055,64664
53.06999969482422,53.099998474121094,52.939998626708984,53.01499938964844,85365
53.0,53.005001068115234,52.7400016784668,52.779998779296875,58260
52.75,52.790000915527344,52.619998931884766,52.70000076293945,77395
52.689998626708984,52.7400016784668,52.52000045776367,52.58000183105469,65042
52.58000183105469,52.689998626708984,52.470001220703125,52.599998474121094,67236
52.60499954223633,52.66999816894531,52.369998931884766,52.459999084472656,64462
52.45000076293945,52.58000183105469,52.13999938964844,52.20000076293945,64767
52.20000076293945,52.41999816894531,52.150001525878906,52.279998779296875,79763
52.279998779296875,52.56999969482422,52.189998626708984,52.470001220703125,77447
52.459999084472656,52.72999954223633,52.45000076293945,52.65999984741211,67236
52.654998779296875,52.68000030517578,52.2599983215332,52.310001373291016,74500
52.314998626708984,52.54999923706055,52.13999938964844,52.459999084472656,66987
52.470001220703125,52.560001373291016,52.209999084472656,52.2599983215332,58980
52.27000045776367,52.5,52.27000045776367,52.310001373291016,108906
52.30500030517578,52.45000076293945,52.19499969482422,52.40999984741211,89966
52.404998779296875,52.540000915527344,52.25,52.47999954223633,110344
52.47999954223633,52.60499954223633,52.25,52.279998779296875,314232
52.28,52.28,52.28,52.28,50618
52.28,52.28,52.28,52.28,0
52.28,52.28,52.28,52.28,0
52.28,52.28,52.28,52.28,0
52.01,52.01,52.0,52.0,0
52.05,52.05,51.8,51.8,0
51.8,52.0,51.8,52.0,0
51.5,51.5,51.5,51.5,0
52.0,52.0,51.85,51.85,0
52.17499923706055,52.459999084472656,51.97800064086914,52.41999816894531,89621
52.41999816894531,52.54999923706055,52.130001068115234,52.20000076293945,196877
52.130001068115234,52.369998931884766,51.88999938964844,52.2400016784668,85015
52.2599983215332,52.560001373291016,52.040000915527344,52.13999938964844,62556
52.209999084472656,52.33000183105469,51.95000076293945,51.95000076293945,42488
51.939998626708984,52.470001220703125,51.880001068115234,52.465599060058594,47801
52.470001220703125,52.560001373291016,52.279998779296875,52.470001220703125,40138
52.470001220703125,52.70000076293945,52.470001220703125,52.6349983215332,37674
52.68899917602539,52.79999923706055,52.58000183105469,52.63869857788086,32710
52.65999984741211,52.869998931884766,52.58000183105469,52.83000183105469,34092
52.83000183105469,52.91999816894531,52.68000030517578,52.70000076293945,77488
52.70500183105469,52.84000015258789,52.59000015258789,52.599998474121094,46557
52.59000015258789,52.619998931884766,52.494998931884766,52.619998931884766,24459
52.61000061035156,52.619998931884766,52.34000015258789,52.36000061035156,24674
52.3400993347168,52.56999969482422,52.3400993347168,52.560001373291016,29017
52.58000183105469,52.63999938964844,52.41999816894531,52.54499816894531,21799
52.560001373291016,52.75910186767578,52.560001373291016,52.65999984741211,27698
52.70000076293945,52.70000076293945,52.58000183105469,52.63999938964844,74998
52.65999984741211,52.72999954223633,52.36000061035156,52.36000061035156,50010
52.349998474121094,52.380001068115234,52.119998931884766,52.130001068115234,30375
52.060001373291016,52.5099983215332,52.040000915527344,52.5099983215332,62321
52.5,52.709999084472656,52.439998626708984,52.630001068115234,93859
52.630001068115234,52.720001220703125,52.560001373291016,52.63999938964844,69658
52.650001525878906,52.849998474121094,52.650001525878906,52.790000915527344,78890
52.779998779296875,52.92499923706055,52.63999938964844,52.915000915527344,98121
52.90999984741211,53.220001220703125,52.86119842529297,53.15999984741211,341710
53.18,53.33,53.18,53.33,61569
53.89,54.0,53.75,53.75,0
53.75,53.75,53.75,53.75,0
53.3,53.3,53.3,53.3,0
53.0,53.75,52.88,52.88,0
52.5,54.0,52.5,54.0,0
53.75,53.75,53.75,53.75,0
52.89,52.94,52.89,52.89,0
52.900001525878906,53.790000915527344,52.83000183105469,53.540000915527344,121520
53.46500015258789,53.939998626708984,53.369998931884766,53.939998626708984,74851
53.939998626708984,54.20000076293945,53.900001525878906,54.119998931884766,61494
54.11000061035156,54.33000183105469,54.11000061035156,54.16999816894531,50605
54.15999984741211,54.5,54.13999938964844,54.439998626708984,79881
54.43000030517578,54.68000030517578,54.39500045776367,54.56999969482422,76354
54.58000183105469,54.70000076293945,54.459999084472656,54.560001373291016,63064
54.557498931884766,54.68000030517578,54.349998474121094,54.369998931884766,64012
54.40999984741211,54.58000183105469,54.349998474121094,54.53499984741211,50837
54.540000915527344,54.779998779296875,54.5,54.779998779296875,41939
54.779998779296875,54.810001373291016,54.650001525878906,54.650001525878906,54013
54.66999816894531,54.836700439453125,54.66999816894531,54.77000045776367,43644
54.779998779296875,54.869998931884766,54.72999954223633,54.790000915527344,34941
54.810001373291016,54.86000061035156,54.75,54.75,37340
54.72999954223633,54.72999954223633,54.6150016784668,54.720001220703125,27568
54.720001220703125,54.76499938964844,54.66999816894531,54.689998626708984,42997
54.70000076293945,54.75,54.66999816894531,54.709999084472656,30606
54.720001220703125,54.77000045776367,54.68000030517578,54.75,40300
54.75,54.77000045776367,54.65999984741211,54.68000030517578,63423
54.67499923706055,54.790000915527344,54.67499923706055,54.7400016784668,47572
54.7400016784668,54.97999954223633,54.724998474121094,54.959999084472656,108985
54.95000076293945,54.970001220703125,54.810001373291016,54.970001220703125,66470
54.970001220703125,55.029998779296875,54.775001525878906,54.790000915527344,51322
54.810001373291016,54.93000030517578,54.720001220703125,54.8849983215332,73234
54.8849983215332,55.099998474121094,54.81999969482422,54.900001525878906,232038
54.915000915527344,55.22999954223633,54.915000915527344,55.06999969482422,502279
55.08,55.1,55.08,55.1,41325
55.1,55.1,55.1,55.1,0
55.08,55.1,55.08,55.1,0
55.0,55.0,55.0,55.0,0
54.95,54.95,54.95,54.95,0
54.92,54.92,54.92,54.92,0
55.20000076293945,55.27000045776367,54.66999816894531,54.7400016784668,108134
54.7400016784668,55.0,54.709999084472656,54.98500061035156,55241
55.0099983215332,55.0099983215332,54.43000030517578,54.6150016784668,73111
54.61000061035156,54.83000183105469,54.4900016784668,54.54999923706055,58236
54.56999969482422,54.90999984741211,54.54999923706055,54.65999984741211,120001
54.6349983215332,54.84000015258789,54.59000015258789,54.84000015258789,40386
54.900001525878906,55.25,54.900001525878906,55.22999954223633,44019
55.220001220703125,55.27000045776367,55.09000015258789,55.15999984741211,92761
55.150001525878906,55.349998474121094,55.029998779296875,55.345001220703125,33027
55.349998474121094,55.400001525878906,55.275001525878906,55.33000183105469,111277
55.349998474121094,55.36000061035156,55.119998931884766,55.18000030517578,86433
55.189998626708984,55.29499816894531,55.14500045776367,55.22999954223633,34412
55.22999954223633,55.2599983215332,55.125,55.20000076293945,36566
55.20000076293945,55.279998779296875,55.16999816894531,55.2599983215332,31538
55.2599983215332,55.290000915527344,55.189998626708984,55.22999954223633,18221
55.209999084472656,55.29999923706055,55.18000030517578,55.29999923706055,25397
55.30500030517578,55.34000015258789,55.2400016784668,55.34000015258789,22829
55.34000015258789,55.400001525878906,55.29999923706055,55.34000015258789,15355
55.349998474121094,55.41999816894531,55.310001373291016,55.36000061035156,26200
55.400001525878906,55.41210174560547,55.290000915527344,55.41210174560547,19192
55.43000030517578,55.45000076293945,55.310001373291016,55.34000015258789,24903
55.34000015258789,55.36000061035156,55.290000915527344,55.33000183105469,32645
55.31999969482422,55.56230163574219,55.31999969482422,55.4900016784668,54486
55.494998931884766,55.5099983215332,55.39500045776367,55.459999084472656,96208
55.470001220703125,55.4900016784668,55.3849983215332,55.46500015258789,76742
55.45500183105469,55.63999938964844,55.45500183105469,55.564998626708984,221073
55.56,55.56,52.535,52.535,24589
52.535,52.535,52.535,52.535,0
55.68,55.68,55.56,55.56,0
52.535,52.535,52.535,52.535,0
55.15,55.5,55.15,55.5,0
55.5,55.5,55.5,55.5,0
55.5,55.54,55.5,55.54,0
55.55,55.78,55.55,55.78,0
55.0,55.0,55.0,55.0,0
55.65,55.83,55.6,55.6,0
55.6,55.6,55.6,55.6,0
56.0099983215332,56.060001373291016,55.630001068115234,55.68000030517578,52454
55.70000076293945,55.70000076293945,55.41999816894531,55.599998474121094,36991
55.650001525878906,55.77000045776367,55.52000045776367,55.54499816894531,35139
55.529998779296875,55.5989990234375,55.310001373291016,55.31999969482422,25895
55.31999969482422,55.45500183105469,55.21500015258789,55.39250183105469,24880
55.369998931884766,55.51639938354492,55.31999969482422,55.380001068115234,25952
55.38999938964844,55.439998626708984,55.29999923706055,55.31999969482422,20409
55.31999969482422,55.67499923706055,55.310001373291016,55.61249923706055,44002
55.599998474121094,55.599998474121094,55.380001068115234,55.5,21734
55.56999969482422,55.630001068115234,55.470001220703125,55.61000061035156,25306
55.58000183105469,55.709999084472656,55.540000915527344,55.66749954223633,125660
55.65999984741211,55.70000076293945,55.599998474121094,55.650001525878906,84516
55.65999984741211,55.720001220703125,55.60499954223633,55.720001220703125,16449
55.73500061035156,55.88999938964844,55.73189926147461,55.88999938964844,18118
55.900001525878906,55.959999084472656,55.790000915527344,55.849998474121094,36293
55.86000061035156,55.91999816894531,55.79999923706055,55.84130096435547,20967
55.86000061035156,56.0,55.86000061035156,55.959999084472656,28495
55.974998474121094,56.03499984741211,55.935001373291016,56.022499084472656,46003
56.02000045776367,56.099998474121094,55.869998931884766,55.869998931884766,40933
55.880001068115234,55.939998626708984,55.72999954223633,55.939998626708984,37497
55.93000030517578,56.04999923706055,55.90999984741211,55.93000030517578,35320
55.939998626708984,56.0099983215332,55.90999984741211,55.91999816894531,27971
55.93000030517578,55.970001220703125,55.869998931884766,55.869998931884766,29519
55.86000061035156,55.939998626708984,55.81999969482422,55.849998474121094,22822
55.849998474121094,55.939998626708984,55.849998474121094,55.900001525878906,45784
55.900001525878906,56.0099983215332,55.81999969482422,55.849998474121094,333491
55.85,55.85,55.5001,55.5001,28397
55.13,55.25,55.13,55.23,0
55.85,55.85,55.85,55.85,0
55.8,55.85,55.8,55.85,0
55.05,55.05,55.05,55.05,0
55.0,55.0,55.0,55.0,0
55.0,55.0,55.0,55.0,0
55.22999954223633,55.28499984741211,55.08000183105469,55.20000076293945,69759
55.189998626708984,55.189998626708984,54.790000915527344,54.83000183105469,53123
54.81999969482422,55.02000045776367,54.65999984741211,55.02000045776367,79955
55.04999923706055,55.130001068115234,54.97999954223633,55.099998474121094,187026
55.09000015258789,55.220001220703125,55.029998779296875,55.130001068115234,43639
55.130001068115234,55.15999984741211,54.970001220703125,55.060001373291016,58334
55.060001373291016,55.25,54.91999816894531,55.22999954223633,29337
55.220001220703125,55.220001220703125,54.970001220703125,55.0,60613
55.0,55.08000183105469,55.0,55.04499816894531,19453
55.029998779296875,55.11000061035156,54.9900016784668,54.9900016784668,46836
55.0,55.06999969482422,54.939998626708984,55.060001373291016,70883
55.06999969482422,55.08000183105469,54.935001373291016,55.02000045776367,43377
55.01499938964844,55.060001373291016,54.939998626708984,54.939998626708984,73732
54.95000076293945,54.97999954223633,54.869998931884766,54.91999816894531,50980
54.90999984741211,54.970001220703125,54.83000183105469,54.849998474121094,65313
54.84000015258789,55.05500030517578,54.84000015258789,55.0099983215332,36663
55.02000045776367,55.16999816894531,55.0,55.0099983215332,77595
55.0099983215332,55.040000915527344,54.95000076293945,54.96500015258789,63906
54.970001220703125,55.099998474121094,54.939998626708984,55.05500030517578,69771
55.05500030517578,55.09000015258789,54.94499969482422,54.95500183105469,78397
54.959999084472656,54.959999084472656,54.77000045776367,54.77000045776367,43370
54.7599983215332,54.849998474121094,54.75,54.84000015258789,37086
54.84000015258789,54.869998931884766,54.75,54.79999923706055,45358
54.959999084472656,55.02000045776367,54.939998626708984,54.959999084472656,63878
54.959999084472656,54.959999084472656,54.70000076293945,54.709999084472656,81741
54.689998626708984,54.689998626708984,54.38999938964844,54.400001525878906,447217
54.4,54.4,54.4,54.4,23763
54.98500061035156,55.02000045776367,54.98500061035156,55.0,12407
55.0,55.2599983215332,54.9900016784668,55.25910186767578,270469
55.255001068115234,55.27000045776367,55.02000045776367,55.06999969482422,111452
55.08000183105469,55.147499084472656,55.0,55.0,203438
55.0099983215332,55.02000045776367,54.59000015258789,54.619998931884766,637600
54.65,54.65,54.65,54.65,49013
54.65,54.65,54.65,54.65,0
54.51,54.51,54.51,54.51,0
55.78,55.78,55.78,55.78,13359
55.34,55.8,55.3,55.3,0
55.779998779296875,55.9900016784668,55.59000015258789,55.790000915527344,93844
55.79999923706055,55.83000183105469,55.58000183105469,55.58000183105469,61418
55.54999923706055,55.59000015258789,55.36000061035156,55.36000061035156,37104
55.380001068115234,55.47999954223633,55.119998931884766,55.150001525878906,42717
55.150001525878906,55.17599868774414,55.0099983215332,55.09000015258789,41091
55.099998474121094,55.4900016784668,55.095001220703125,55.47999954223633,45135
55.4900016784668,55.54999923706055,55.41999816894531,55.45000076293945,44366
55.470001220703125,55.5,55.38999938964844,55.47999954223633,22128
55.5,55.59000015258789,55.470001220703125,55.47999954223633,75588
55.48500061035156,55.720001220703125,55.47999954223633,55.70000076293945,52433
55.70500183105469,55.75,55.5,55.512001037597656,20404
55.5099983215332,55.54999923706055,55.470001220703125,55.529998779296875,18824
55.54999923706055,55.59000015258789,55.5098991394043,55.52000045776367,23353
55.54999923706055,55.650001525878906,55.529998779296875,55.58000183105469,25686
55.560001373291016,55.560001373291016,55.470001220703125,55.53499984741211,34872
55.529998779296875,55.68000030517578,55.47999954223633,55.599998474121094,61637
55.61000061035156,55.68000030517578,55.599998474121094,55.65999984741211,35562
55.68000030517578,55.86000061035156,55.66999816894531,55.86000061035156,39315
55.869598388671875,56.029998779296875,55.869598388671875,56.0099983215332,46948
56.005001068115234,56.02000045776367,55.79999923706055,55.86000061035156,54136
55.849998474121094,55.939998626708984,55.77000045776367,55.83000183105469,57575
55.84000015258789,55.970001220703125,55.81999969482422,55.90999984741211,83822
55.90999984741211,56.209999084472656,55.880001068115234,56.20500183105469,52102
56.20000076293945,56.2400016784668,56.150001525878906,56.220001220703125,58605
56.22999954223633,56.30500030517578,56.119998931884766,56.21500015258789,117402
56.209999084472656,56.28499984741211,56.099998474121094,56.119998931884766,222881
56.11,56.11,56.11,56.11,59164
56.43,56.43,56.11,56.11,0
56.43,56.43,56.43,56.43,0
56.8,56.8,56.43,56.8,0
56.16924,56.16924,56.16924,56.16924,0
56.75,57.470001220703125,56.75,57.400001525878906,483283
57.400001525878906,57.560001373291016,57.11000061035156,57.130001068115234,104945
57.130001068115234,57.34000015258789,57.06999969482422,57.2400016784668,57343
57.25,57.5,57.22999954223633,57.32500076293945,152047
57.34000015258789,57.5,57.31999969482422,57.34000015258789,717121
57.34000015258789,57.56999969482422,57.33000183105469,57.52000045776367,133762
57.53499984741211,57.53499984741211,57.290000915527344,57.334999084472656,169491
57.31999969482422,57.38999938964844,57.290000915527344,57.349998474121094,56459
57.33549880981445,57.349998474121094,57.09000015258789,57.20000076293945,67556
57.18000030517578,57.2400016784668,57.040000915527344,57.09000015258789,90626
57.08000183105469,57.130001068115234,56.84000015258789,56.95000076293945,69986
56.939998626708984,57.040000915527344,56.91999816894531,57.0,45144
56.98080062866211,57.04999923706055,56.959999084472656,57.0099983215332,34719
57.0,57.02000045776367,56.869998931884766,56.93000030517578,29906
56.91999816894531,56.970001220703125,56.7599983215332,56.779998779296875,36171
56.790000915527344,56.90999984741211,56.790000915527344,56.849998474121094,30487
56.849998474121094,56.93000030517578,56.83000183105469,56.89500045776367,30076
56.900001525878906,56.970001220703125,56.88999938964844,56.900001525878906,41364
56.900001525878906,56.970001220703125,56.849998474121094,56.92499923706055,29986
56.91999816894531,56.970001220703125,56.89500045776367,56.959999084472656,27419
56.970001220703125,57.060001373291016,56.93000030517578,57.025001525878906,50186
57.025001525878906,57.040000915527344,56.849998474121094,56.849998474121094,91874
56.84000015258789,56.880001068115234,56.720001220703125,56.779998779296875,60534
56.77000045776367,56.904998779296875,56.72999954223633,56.904998779296875,50437
56.900001525878906,57.0,56.849998474121094,56.91999816894531,124943
56.915000915527344,56.9900016784668,56.79999923706055,56.91999816894531,288901
56.97,56.97,54.5,54.5,66247
57.05,57.05,57.05,57.05,0
57.05,57.05,57.05,57.05,0
57.05,57.05,57.05,57.05,0
57.05,57.05,57.05,57.05,0
57.45,57.45,57.05,57.05,0
57.05,57.05,56.5,56.5,0
57.7,59.5,57.69,59.5,0
59.43,59.5,59.43,59.5,0
59.5,59.96,59.43,59.43,0
59.45,59.45,59.43,59.43,0
59.43,60.6,58.58,60.6,0
60.5,61.0,60.5,61.0,0
61.0,62.0,60.99,61.6,0
61.6,61.6,60.95,61.41,0
61.5,61.6,60.22,61.0,0
59.70000076293945,62.20000076293945,59.52000045776367,61.3849983215332,1261945
61.41999816894531,61.4900016784668,60.82500076293945,60.91999816894531,537065
60.93000030517578,60.97999954223633,60.43000030517578,60.869998931884766,270612
60.87379837036133,61.439998626708984,60.58000183105469,61.400001525878906,313727
61.38999938964844,61.91999816894531,61.310001373291016,61.75,274725
61.76240158081055,62.31999969482422,61.560001373291016,61.59000015258789,216155
61.59000015258789,62.08000183105469,61.470001220703125,62.02000045776367,131908
62.029998779296875,62.339298248291016,61.939998626708984,62.0,120325
62.0,62.209999084472656,61.945499420166016,62.11000061035156,88355
62.10499954223633,62.130001068115234,61.97999954223633,62.040000915527344,79877
62.040000915527344,62.04499816894531,61.689998626708984,61.744998931884766,83610
61.72999954223633,62.150001525878906,61.72999954223633,62.13999938964844,218374
62.13999938964844,62.46500015258789,62.0,62.45500183105469,180439
62.439998626708984,62.45500183105469,61.38999938964844,61.38999938964844,80544
61.34000015258789,61.7400016784668,61.28499984741211,61.685001373291016,88468
61.65999984741211,61.65999984741211,61.16999816894531,61.30500030517578,73692
61.33000183105469,61.47999954223633,61.25,61.47999954223633,63692
61.459999084472656,61.529998779296875,61.31999969482422,61.38999938964844,70212
61.43000030517578,61.470001220703125,61.130001068115234,61.26969909667969,90681
61.255001068115234,61.31999969482422,61.08000183105469,61.15999984741211,113330
61.165000915527344,61.27000045776367,60.86000061035156,61.09000015258789,79880
61.09000015258789,61.20000076293945,60.290000915527344,60.34000015258789,126397
60.34000015258789,60.560001373291016,60.060001373291016,60.46500015258789,242241
60.459999084472656,60.5099983215332,60.22999954223633,60.290000915527344,189264
60.279998779296875,60.290000915527344,59.880001068115234,59.900001525878906,189073
59.880001068115234,59.880001068115234,59.58000183105469,59.7400016784668,569626
59.74,59.75,59.7,59.75,109580
59.72,59.72,59.72,59.72,0
59.7,60.0,59.7,60.0,0
59.81,59.81,59.81,59.81,0
60.0,60.0,59.12,59.12,0
60.0,60.0,60.0,60.0,0
59.5,59.5,59.5,59.5,0
61.22,61.22,61.22,61.22,0
60.78,60.78,60.78,60.78,0
61.5,61.5,60.2,60.2,0
59.65,59.65,59.65,59.65,0
59.9900016784668,60.20000076293945,58.97999954223633,59.22999954223633,203344
59.220001220703125,59.619998931884766,59.029998779296875,59.19499969482422,162361
59.22999954223633,59.650001525878906,58.939998626708984,59.13999938964844,244413
59.130001068115234,59.2400016784668,59.0099983215332,59.20000076293945,171244
59.2400016784668,59.599998474121094,59.2400016784668,59.59000015258789,61476
59.560001373291016,59.689998626708984,59.25,59.279998779296875,80168
59.29999923706055,59.63999938964844,59.27000045776367,59.4900016784668,47663
59.47999954223633,59.790000915527344,59.40999984741211,59.720001220703125,63700
59.72999954223633,59.880001068115234,59.529998779296875,59.584999084472656,72113
59.630001068115234,59.81999969482422,59.52000045776367,59.81999969482422,45092
59.81999969482422,59.97999954223633,59.7599983215332,59.94499969482422,50651
59.95000076293945,59.95000076293945,59.7599983215332,59.779998779296875,33422
59.790000915527344,59.809898376464844,59.564998626708984,59.56800079345703,32855
59.54999923706055,59.54999923706055,59.279998779296875,59.38999938964844,29960
59.380001068115234,59.439998626708984,59.15999984741211,59.189998626708984,124477
59.189998626708984,59.27000045776367,59.08000183105469,59.08000183105469,32705
59.06999969482422,59.088401794433594,58.5,58.529998779296875,118175
58.47999954223633,58.599998474121094,58.2599983215332,58.380001068115234,63220
58.349998474121094,58.68000030517578,58.15999984741211,58.66999816894531,130991
58.66999816894531,59.09000015258789,58.61000061035156,58.630001068115234,233183
58.650001525878906,58.86000061035156,58.540000915527344,58.588401794433594,65982
58.599998474121094,58.599998474121094,58.209999084472656,58.45500183105469,48654
58.470001220703125,58.72999954223633,58.380001068115234,58.52000045776367,70096
58.529998779296875,58.650001525878906,58.3849983215332,58.61000061035156,92011
58.56999969482422,58.630001068115234,58.209999084472656,58.369998931884766,94225
58.349998474121094,58.38999938964844,57.97999954223633,58.06999969482422,604591
58.03,58.05,58.02,58.05,58882
58.05,58.25,58.0,58.0,0
57.1,57.1,57.1,57.1,0
59.0,59.0,59.0,59.0,0
57.66,57.66,57.51,57.51,0
57.51,57.51,57.51,57.51,0
57.51,57.51,57.51,57.51,0
57.73,57.73,57.73,57.73,0
57.74,57.74,57.74,57.74,0
57.74,57.74,57.74,57.74,0
57.5201,57.74,57.5201,57.74,0
58.6,58.6,58.6,58.6,0
58.57,58.57,58.57,58.57,0
58.06999969482422,58.06999969482422,57.36000061035156,57.400001525878906,148125
57.380001068115234,57.89500045776367,57.33000183105469,57.43000030517578,65824
57.41999816894531,57.630001068115234,57.2400016784668,57.42499923706055,70696
57.439998626708984,57.470001220703125,57.11000061035156,57.2400016784668,69045
57.2599983215332,57.47999954223633,57.04999923706055,57.43000030517578,74844
57.380001068115234,57.47999954223633,57.18000030517578,57.20000076293945,39850
57.18920135498047,57.3130989074707,57.095001220703125,57.18000030517578,36454
57.189998626708984,57.45000076293945,57.150001525878906,57.349998474121094,81134
57.36000061035156,57.404998779296875,57.25,57.2599983215332,45303
57.275001525878906,57.36000061035156,57.099998474121094,57.18000030517578,42173
57.18000030517578,57.25,57.0099983215332,57.11000061035156,33584
57.11000061035156,57.33000183105469,57.060001373291016,57.31999969482422,42772
57.34000015258789,57.43000030517578,57.2400016784668,57.34000015258789,42158
57.345001220703125,57.43000030517578,57.2599983215332,57.29999923706055,33064
57.310001373291016,57.400001525878906,57.22999954223633,57.27000045776367,33524
57.279998779296875,57.334999084472656,56.959999084472656,56.970001220703125,46091
56.95000076293945,57.0099983215332,56.79999923706055,56.96500015258789,41782
56.939998626708984,56.970001220703125,56.459999084472656,56.4900016784668,57444
56.470001220703125,56.534000396728516,56.310001373291016,56.43000030517578,80460
56.41999816894531,56.79999923706055,56.290000915527344,56.66999816894531,79487
56.599998474121094,56.78499984741211,56.4900016784668,56.720001220703125,111068
56.709999084472656,56.959999084472656,56.69499969482422,56.790000915527344,114011
56.78499984741211,57.040000915527344,56.7400016784668,57.040000915527344,102736
57.0099983215332,57.08000183105469,56.810001373291016,57.0099983215332,58035
56.97999954223633,57.060001373291016,56.869998931884766,56.90999984741211,113482
56.90999984741211,56.97999954223633,56.619998931884766,56.66999816894531,271804
56.66,56.66,56.66,56.66,240786
56.5,56.5,56.5,56.5,0
56.53,56.53,56.53,56.53,0
57.0,57.0,57.0,57.0,0
56.5,56.5,56.5,56.5,0
56.5,56.5,56.5,56.5,0
56.5,56.5,56.5,56.5,0
56.38999938964844,56.630001068115234,56.060001373291016,56.08000183105469,62786
56.060001373291016,56.34000015258789,55.88999938964844,55.93000030517578,30191
55.90999984741211,56.22999954223633,55.90999984741211,56.08000183105469,30864
56.06999969482422,56.22999954223633,55.85499954223633,56.15999984741211,39981
56.15999984741211,56.380001068115234,56.150001525878906,56.380001068115234,63848
56.380001068115234,56.38999938964844,56.16999816894531,56.22999954223633,66971
56.25,56.27000045776367,56.040000915527344,56.130001068115234,32424
56.130001068115234,56.20000076293945,56.08000183105469,56.18000030517578,36476
56.165000915527344,56.209999084472656,55.98500061035156,56.029998779296875,21032
56.060001373291016,56.06999969482422,55.90999984741211,55.95000076293945,21984
55.939998626708984,56.029998779296875,55.93000030517578,55.97999954223633,21534
55.970001220703125,56.11000061035156,55.959999084472656,56.025001525878906,26047
56.029998779296875,56.040000915527344,55.78499984741211,55.86000061035156,29514
55.85499954223633,55.98440170288086,55.849998474121094,55.900001525878906,24271
55.880001068115234,55.91999816894531,55.810001373291016,55.91999816894531,24397
55.95000076293945,56.02000045776367,55.939998626708984,56.0,21790
55.9900016784668,56.11000061035156,55.9900016784668,56.0,21404
56.0099983215332,56.18000030517578,55.9900016784668,56.099998474121094,34288
56.119998931884766,56.31999969482422,55.95000076293945,56.2578010559082,40738
56.25,56.439998626708984,56.25,56.38999938964844,36951
56.400001525878906,56.5,56.29999923706055,56.29999923706055,30111
56.29499816894531,56.529998779296875,56.255001068115234,56.525001525878906,91451
56.540000915527344,56.685001373291016,56.5099983215332,56.58000183105469,34958
56.59000015258789,56.61000061035156,56.5099983215332,56.529998779296875,44136
56.529998779296875,56.57500076293945,56.43000030517578,56.540000915527344,82473
56.529998779296875,56.595001220703125,56.349998474121094,56.40999984741211,445282
