Open,High,Low,Close,Volume
31.76,31.76,31.76,31.76,0
31.76,31.76,31.76,31.76,0
31.89,31.89,31.89,31.89,0
31.9,31.9,31.9,31.9,0
31.9,31.9,31.9,31.9,0
31.9,31.9,31.9,31.9,0
31.85,31.85,31.85,31.85,0
31.86,31.86,31.85,31.85,0
31.85,31.85,31.85,31.85,0
31.85,31.85,31.85,31.85,0
31.760000228881836,31.940000534057617,31.719999313354492,31.719999313354492,42751
31.709999084472656,31.709999084472656,31.709999084472656,31.709999084472656,121
31.639999389648438,31.670000076293945,31.56999969482422,31.621299743652344,5573
31.690000534057617,31.690000534057617,31.6200008392334,31.68000030517578,6825
31.690399169921875,31.770000457763672,31.65999984741211,31.768999099731445,16108
31.760000228881836,31.760000228881836,31.760000228881836,31.760000228881836,621
31.719999313354492,31.719999313354492,31.68000030517578,31.700000762939453,4751
31.719999313354492,31.739999771118164,31.700000762939453,31.739999771118164,5744
31.760000228881836,31.7632999420166,31.739999771118164,31.739999771118164,1162
31.75,31.809999465942383,31.739999771118164,31.799999237060547,5758
31.799999237060547,31.889999389648438,31.799999237060547,31.8799991607666,10921
31.889999389648438,31.959999084472656,31.889999389648438,31.920000076293945,7585
31.940000534057617,31.959999084472656,31.90999984741211,31.90999984741211,3026
31.90999984741211,31.90999984741211,31.860000610351562,31.8700008392334,15862
31.8799991607666,31.920000076293945,31.8799991607666,31.90999984741211,15287
31.920000076293945,31.920000076293945,31.899999618530273,31.90999984741211,58026
31.979999542236328,31.979999542236328,31.93000030517578,31.934999465942383,9078
31.940200805664062,31.940200805664062,31.872900009155273,31.875,12217
31.8799991607666,31.8799991607666,31.84000015258789,31.8700008392334,5628
31.8799991607666,31.90999984741211,31.8799991607666,31.90999984741211,15560
31.93000030517578,32.0,31.93000030517578,31.979999542236328,10540
32.0099983215332,32.09000015258789,32.0099983215332,32.06880187988281,5550
32.06999969482422,32.06999969482422,32.04499816894531,32.060001373291016,3392
32.09000015258789,32.130001068115234,32.09000015258789,32.130001068115234,15384
32.13999938964844,32.13999938964844,32.06999969482422,32.09000015258789,10880
32.08000183105469,32.11000061035156,32.08000183105469,32.099998474121094,1963
32.09000015258789,32.11000061035156,32.08000183105469,32.099998474121094,3135
32.0994987487793,32.099998474121094,32.040000915527344,32.099998474121094,3279
32.1150016784668,32.13999938964844,32.1150016784668,32.130001068115234,2762
32.119998931884766,32.150001525878906,32.10499954223633,32.130001068115234,4366
32.119998931884766,32.119998931884766,32.040000915527344,32.060001373291016,1953
32.119998931884766,32.129798889160156,32.119998931884766,32.129798889160156,1427
32.11000061035156,32.189998626708984,32.11000061035156,32.18000030517578,7665
32.189998626708984,32.19499969482422,32.119998931884766,32.130001068115234,12571
32.1150016784668,32.147300720214844,32.09000015258789,32.147300720214844,3510
32.15999984741211,32.165000915527344,32.13999938964844,32.15999984741211,3461
32.165000915527344,32.18000030517578,32.15999984741211,32.15999984741211,2475
32.16999816894531,32.16999816894531,32.150001525878906,32.150001525878906,971
32.154998779296875,32.15999984741211,32.150001525878906,32.15999984741211,945
32.189998626708984,32.209999084472656,32.16999816894531,32.189998626708984,8229
32.189998626708984,32.209999084472656,32.189998626708984,32.209999084472656,1601
32.209999084472656,32.25,32.20000076293945,32.2400016784668,7919
32.2400016784668,32.2400016784668,32.224998474121094,32.22999954223633,2736
32.2400016784668,32.25,32.22999954223633,32.2400016784668,3434
32.2494010925293,32.25,32.224998474121094,32.224998474121094,4455
32.224998474121094,32.2598991394043,32.220001220703125,32.2598991394043,11807
32.25,32.25,32.209999084472656,32.209999084472656,1534
32.20000076293945,32.209999084472656,32.189998626708984,32.209999084472656,5397
32.189998626708984,32.189998626708984,32.150001525878906,32.18000030517578,4684
32.16999816894531,32.16999816894531,32.150001525878906,32.150001525878906,1332
32.13999938964844,32.13999938964844,32.099998474121094,32.119998931884766,5824
32.119998931884766,32.150001525878906,32.119998931884766,32.130001068115234,2161
32.119998931884766,32.119998931884766,32.099998474121094,32.119998931884766,2935
32.130001068115234,32.150001525878906,32.119998931884766,32.119998931884766,3681
32.119998931884766,32.125,32.099998474121094,32.11000061035156,2625
32.099998474121094,32.099998474121094,32.08000183105469,32.08000183105469,1500
32.08000183105469,32.09000015258789,32.08000183105469,32.09000015258789,1094
32.084999084472656,32.084999084472656,32.060001373291016,32.060001373291016,1129
32.040000915527344,32.040000915527344,32.029998779296875,32.040000915527344,2876
32.029998779296875,32.05500030517578,32.0099983215332,32.0099983215332,4899
32.010501861572266,32.04999923706055,32.0099983215332,32.04999923706055,4220
32.040000915527344,32.06999969482422,32.040000915527344,32.060001373291016,5288
32.04999923706055,32.078800201416016,32.04999923706055,32.064998626708984,3897
32.060001373291016,32.060001373291016,32.02000045776367,32.02000045776367,5330
32.02000045776367,32.029998779296875,32.0099983215332,32.029998779296875,3548
32.02000045776367,32.02830123901367,32.02000045776367,32.02830123901367,2460
32.029998779296875,32.029998779296875,32.029998779296875,32.029998779296875,841
32.02000045776367,32.04999923706055,32.0099983215332,32.04999923706055,3691
32.04999923706055,32.09000015258789,32.04990005493164,32.084999084472656,6011
32.08000183105469,32.08000183105469,32.03499984741211,32.040000915527344,5729
32.04499816894531,32.05500030517578,32.039398193359375,32.05500030517578,3975
32.05500030517578,32.060001373291016,32.040000915527344,32.060001373291016,2481
32.029998779296875,32.029998779296875,31.969999313354492,31.969999313354492,12752
31.969999313354492,31.969999313354492,31.920000076293945,31.950000762939453,10930
31.959999084472656,31.969999313354492,31.959999084472656,31.969999313354492,2300
31.950000762939453,31.95989990234375,31.950000762939453,31.95989990234375,6545
31.950000762939453,31.969999313354492,31.950000762939453,31.969999313354492,1550
31.959999084472656,31.959999084472656,31.954999923706055,31.959999084472656,1650
31.969999313354492,31.975000381469727,31.96500015258789,31.96500015258789,2547
31.94499969482422,31.950000762939453,31.889999389648438,31.889999389648438,8388
31.8799991607666,31.889999389648438,31.8700008392334,31.8700008392334,1906
31.8700008392334,31.885000228881836,31.8700008392334,31.875,1572
31.8799991607666,31.8799991607666,31.850000381469727,31.854999542236328,6202
31.864999771118164,31.864999771118164,31.799999237060547,31.809999465942383,16983
31.809999465942383,31.809999465942383,31.739999771118164,31.80500030517578,21912
31.809999465942383,31.809999465942383,31.780000686645508,31.799999237060547,2089
31.790000915527344,31.790000915527344,31.780000686645508,31.790000915527344,2958
31.78499984741211,31.790000915527344,31.780000686645508,31.790000915527344,511
31.795000076293945,31.799999237060547,31.795000076293945,31.799999237060547,1887
31.790000915527344,31.790000915527344,31.75,31.770000457763672,3186
31.770000457763672,31.78499984741211,31.770000457763672,31.770000457763672,2080
31.780000686645508,31.809999465942383,31.780000686645508,31.799999237060547,1429
31.81999969482422,31.84000015258789,31.81999969482422,31.84000015258789,1116
31.84000015258789,31.84000015258789,31.799999237060547,31.799999237060547,3438
31.799999237060547,31.809999465942383,31.795000076293945,31.809999465942383,870
31.84000015258789,31.84000015258789,31.84000015258789,31.84000015258789,251
31.84000015258789,31.850000381469727,31.84000015258789,31.84000015258789,841
31.849000930786133,31.849000930786133,31.81999969482422,31.823999404907227,3025
31.815000534057617,31.815000534057617,31.780000686645508,31.790000915527344,4081
31.790000915527344,31.790000915527344,31.75,31.75,1936
31.756799697875977,31.760000228881836,31.709999084472656,31.719999313354492,4357
31.725000381469727,31.729999542236328,31.700000762939453,31.704999923706055,2058
31.709999084472656,31.725000381469727,31.709999084472656,31.719999313354492,1801
31.719999313354492,31.725000381469727,31.68000030517578,31.690000534057617,3081
31.700000762939453,31.75,31.700000762939453,31.729999542236328,5318
31.725000381469727,31.75,31.725000381469727,31.75,1397
31.7450008392334,31.75,31.739999771118164,31.75,1510
31.739999771118164,31.739999771118164,31.709999084472656,31.719999313354492,1798
31.729999542236328,31.75,31.725000381469727,31.739999771118164,2976
31.729999542236328,31.729999542236328,31.709999084472656,31.709999084472656,775
31.700000762939453,31.709999084472656,31.68000030517578,31.709699630737305,4008
31.709999084472656,31.729999542236328,31.709999084472656,31.719999313354492,3323
31.709999084472656,31.739999771118164,31.709999084472656,31.739999771118164,2498
31.760000228881836,31.760000228881836,31.75,31.75,1661
31.709999084472656,31.709999084472656,31.68000030517578,31.700000762939453,4145
31.719999313354492,31.729999542236328,31.715999603271484,31.729999542236328,4399
31.729999542236328,31.758699417114258,31.71500015258789,31.758699417114258,4930
31.760000228881836,31.760000228881836,31.71500015258789,31.729999542236328,2556
31.729999542236328,31.729999542236328,31.729999542236328,31.729999542236328,210
31.729999542236328,31.75,31.729999542236328,31.75,1555
31.760000228881836,31.760000228881836,31.7549991607666,31.7549991607666,1298
31.75,31.760000228881836,31.719999313354492,31.735000610351562,3663
31.739999771118164,31.75,31.739999771118164,31.7450008392334,1021
31.739999771118164,31.770000457763672,31.735000610351562,31.770000457763672,3663
31.774999618530273,31.774999618530273,31.75,31.75,2872
31.75,31.760000228881836,31.739999771118164,31.760000228881836,3105
31.760000228881836,31.760000228881836,31.7450008392334,31.75,1388
31.7450008392334,31.75,31.739999771118164,31.7450008392334,3159
31.75,31.760000228881836,31.739999771118164,31.75,2184
31.75,31.7549991607666,31.7450008392334,31.75,4212
31.75,31.75,31.739999771118164,31.75,2027
31.7549991607666,31.764999389648438,31.7549991607666,31.760000228881836,1492
31.764999389648438,31.770000457763672,31.760000228881836,31.770000457763672,3288
31.760000228881836,31.760000228881836,31.760000228881836,31.760000228881836,2165
31.80500030517578,31.81999969482422,31.80500030517578,31.81999969482422,1129
31.81999969482422,31.829999923706055,31.81999969482422,31.81999969482422,1926
31.829999923706055,31.829999923706055,31.825000762939453,31.825000762939453,674
31.825000762939453,31.844999313354492,31.82229995727539,31.844999313354492,4603
31.84000015258789,31.84000015258789,31.84000015258789,31.84000015258789,253
31.829999923706055,31.829999923706055,31.81999969482422,31.81999969482422,2147
31.825000762939453,31.825000762939453,31.815000534057617,31.815000534057617,1088
31.809999465942383,31.81999969482422,31.809999465942383,31.81999969482422,1043
31.825000762939453,31.825000762939453,31.770000457763672,31.770000457763672,9593
31.770000457763672,31.78499984741211,31.75,31.78499984741211,9848
31.780000686645508,31.790000915527344,31.780000686645508,31.790000915527344,675
31.799999237060547,31.826799392700195,31.799999237060547,31.799999237060547,5784
31.790000915527344,31.798999786376953,31.790000915527344,31.798999786376953,723
31.780000686645508,31.78499984741211,31.780000686645508,31.78499984741211,508
31.760000228881836,31.770000457763672,31.75,31.770000457763672,3852
31.78890037536621,31.790000915527344,31.78499984741211,31.790000915527344,1122
31.780000686645508,31.78499984741211,31.760000228881836,31.760499954223633,2522
31.739999771118164,31.739999771118164,31.719999313354492,31.729999542236328,1207
31.75,31.780000686645508,31.75,31.780000686645508,1725
31.770000457763672,31.774999618530273,31.770000457763672,31.774999618530273,3375
31.790000915527344,31.81999969482422,31.790000915527344,31.809999465942383,2799
31.81999969482422,31.825000762939453,31.815000534057617,31.815000534057617,1037
31.809999465942383,31.809999465942383,31.790000915527344,31.790000915527344,2736
31.780000686645508,31.799999237060547,31.780000686645508,31.799999237060547,449
31.80500030517578,31.80500030517578,31.799999237060547,31.799999237060547,1054
31.795000076293945,31.834999084472656,31.795000076293945,31.809999465942383,11619
31.81999969482422,31.81999969482422,31.799999237060547,31.809999465942383,2009
31.809999465942383,31.825000762939453,31.809999465942383,31.825000762939453,458
31.81999969482422,31.825000762939453,31.81999969482422,31.825000762939453,207
31.81999969482422,31.81999969482422,31.8085994720459,31.8085994720459,3163
31.80500030517578,31.829999923706055,31.80500030517578,31.829999923706055,1976
31.84000015258789,31.84000015258789,31.84000015258789,31.84000015258789,349
31.83989906311035,31.849000930786133,31.83989906311035,31.844999313354492,1302
31.844999313354492,31.850000381469727,31.844999313354492,31.850000381469727,1163
31.850000381469727,31.850000381469727,31.834999084472656,31.83989906311035,3799
31.84000015258789,31.860000610351562,31.84000015258789,31.854999542236328,1782
31.854799270629883,31.854999542236328,31.850000381469727,31.854999542236328,969
31.850000381469727,31.850000381469727,31.84000015258789,31.84000015258789,1544
31.84000015258789,31.860000610351562,31.84000015258789,31.856300354003906,2638
31.860000610351562,31.8700008392334,31.860000610351562,31.864999771118164,945
31.8700008392334,31.885000228881836,31.8700008392334,31.885000228881836,726
31.8799991607666,31.889999389648438,31.8799991607666,31.889999389648438,3037
31.889999389648438,31.889999389648438,31.889999389648438,31.889999389648438,403
31.8799991607666,31.895000457763672,31.8799991607666,31.889999389648438,5396
31.889999389648438,31.889999389648438,31.8700008392334,31.8700008392334,5571
31.864999771118164,31.864999771118164,31.864999771118164,31.864999771118164,125
31.864999771118164,31.864999771118164,31.850000381469727,31.850000381469727,3163
31.850000381469727,31.850000381469727,31.829999923706055,31.850000381469727,4502
31.864999771118164,31.8700008392334,31.860000610351562,31.86009979248047,2083
31.860000610351562,31.8700008392334,31.860000610351562,31.8700008392334,389
31.860000610351562,31.864999771118164,31.860000610351562,31.864999771118164,249
31.8700008392334,31.875,31.8700008392334,31.875,587
31.8700008392334,31.8700008392334,31.864999771118164,31.8700008392334,2054
31.875,31.875,31.8700008392334,31.8700008392334,1420
31.875,31.875,31.860000610351562,31.860000610351562,850
31.864999771118164,31.875,31.850000381469727,31.850000381469727,5573
31.850000381469727,31.850000381469727,31.83489990234375,31.84000015258789,2014
31.84000015258789,31.84000015258789,31.75,31.750099182128906,9460
31.739999771118164,31.739999771118164,31.709999084472656,31.719999313354492,6627
31.709999084472656,31.719999313354492,31.700000762939453,31.709999084472656,3946
31.700000762939453,31.700000762939453,31.649999618530273,31.655000686645508,2524
31.649999618530273,31.68000030517578,31.6299991607666,31.68000030517578,2762
31.670000076293945,31.68000030517578,31.670000076293945,31.68000030517578,1226
31.690000534057617,31.690000534057617,31.655000686645508,31.655000686645508,1092
31.65999984741211,31.68000030517578,31.649999618530273,31.670000076293945,3304
31.68000030517578,31.700000762939453,31.68000030517578,31.690000534057617,2090
31.690000534057617,31.710399627685547,31.690000534057617,31.700000762939453,6082
31.68000030517578,31.699899673461914,31.68000030517578,31.690000534057617,4253
31.690000534057617,31.690000534057617,31.684999465942383,31.690000534057617,2191
31.690000534057617,31.700000762939453,31.684999465942383,31.684999465942383,7029
31.700000762939453,31.729999542236328,31.700000762939453,31.729999542236328,1021
31.719999313354492,31.720600128173828,31.690000534057617,31.700000762939453,13118
31.690000534057617,31.690000534057617,31.639999389648438,31.639999389648438,8698
31.639999389648438,31.65999984741211,31.6200008392334,31.649999618530273,17925
31.639999389648438,31.639999389648438,31.604999542236328,31.610000610351562,4378
31.625,31.625,31.600000381469727,31.600000381469727,1783
31.608800888061523,31.610000610351562,31.59000015258789,31.610000610351562,7670
31.604999542236328,31.6200008392334,31.59000015258789,31.59000015258789,1818
31.584999084472656,31.584999084472656,31.559999465942383,31.56999969482422,18340
31.579999923706055,31.59000015258789,31.549999237060547,31.59000015258789,5464
31.59000015258789,31.59000015258789,31.549999237060547,31.549999237060547,4193
31.545000076293945,31.559999465942383,31.510000228881836,31.559999465942383,15746
31.56130027770996,31.56999969482422,31.530000686645508,31.56999969482422,8671
31.59000015258789,31.59000015258789,31.520000457763672,31.53499984741211,4628
31.524999618530273,31.530000686645508,31.489999771118164,31.530000686645508,15129
31.53499984741211,31.53499984741211,31.450000762939453,31.459999084472656,8063
31.459999084472656,31.459999084472656,31.440000534057617,31.450000762939453,6336
31.44499969482422,31.44499969482422,31.399999618530273,31.420000076293945,5105
31.40999984741211,31.40999984741211,31.3700008392334,31.3799991607666,5077
31.3700008392334,31.3700008392334,31.31999969482422,31.334999084472656,20504
31.329999923706055,31.344999313354492,31.315000534057617,31.34000015258789,3637
31.329999923706055,31.329999923706055,31.290000915527344,31.295000076293945,4165
31.299999237060547,31.30500030517578,31.270000457763672,31.290000915527344,18108
31.299999237060547,31.350000381469727,31.299999237060547,31.344999313354492,32284
31.350000381469727,31.43000030517578,31.350000381469727,31.40999984741211,32974
31.40999984741211,31.420000076293945,31.399999618530273,31.420000076293945,11331
31.450000762939453,31.459999084472656,31.43000030517578,31.450000762939453,3302
31.459999084472656,31.459999084472656,31.450000762939453,31.459999084472656,1859
31.479999542236328,31.5,31.479999542236328,31.5,3231
31.489999771118164,31.5049991607666,31.459999084472656,31.5,25642
31.510000228881836,31.540000915527344,31.5,31.530000686645508,15223
31.530000686645508,31.540000915527344,31.520000457763672,31.520000457763672,4768
31.514999389648438,31.530000686645508,31.489999771118164,31.5049991607666,25750
31.5,31.520000457763672,31.4950008392334,31.510000228881836,6715
31.510000228881836,31.510000228881836,31.489999771118164,31.5,10834
31.5,31.520000457763672,31.489999771118164,31.4950008392334,2323
31.5,31.510000228881836,31.479999542236328,31.479999542236328,10001
31.469999313354492,31.469999313354492,31.399999618530273,31.399999618530273,27105
31.399999618530273,31.405000686645508,31.350000381469727,31.350000381469727,3276
31.34000015258789,31.34000015258789,31.280000686645508,31.289499282836914,1656
31.290000915527344,31.329999923706055,31.290000915527344,31.329999923706055,7301
31.34000015258789,31.3799991607666,31.34000015258789,31.3799991607666,904
31.399999618530273,31.399999618530273,31.398500442504883,31.399999618530273,2240
31.40999984741211,31.420000076293945,31.40999984741211,31.420000076293945,2356
31.420000076293945,31.422700881958008,31.399999618530273,31.420000076293945,3382
31.440000534057617,31.440000534057617,31.434999465942383,31.440000534057617,1388
31.450000762939453,31.479999542236328,31.450000762939453,31.479999542236328,1706
31.469999313354492,31.475000381469727,31.454999923706055,31.454999923706055,6364
31.43000030517578,31.469999313354492,31.43000030517578,31.469999313354492,4077
31.479999542236328,31.5,31.459999084472656,31.459999084472656,2308
31.459999084472656,31.459999084472656,31.40999984741211,31.415000915527344,1648
31.40999984741211,31.420000076293945,31.40999984741211,31.420000076293945,3155
31.420000076293945,31.440000534057617,31.420000076293945,31.43000030517578,1796
31.43000030517578,31.43000030517578,31.399999618530273,31.399999618530273,5235
31.405000686645508,31.420000076293945,31.389999389648438,31.420000076293945,2134
31.424999237060547,31.424999237060547,31.3799991607666,31.3799991607666,2967
31.389999389648438,31.43000030517578,31.389999389648438,31.420000076293945,1498
31.399999618530273,31.415000915527344,31.389999389648438,31.415000915527344,4001
31.420000076293945,31.42970085144043,31.399999618530273,31.399999618530273,50567
31.399999618530273,31.424999237060547,31.399999618530273,31.424999237060547,3479
31.43000030517578,31.440000534057617,31.43000030517578,31.440000534057617,2150
31.450000762939453,31.469999313354492,31.450000762939453,31.459999084472656,6178
31.469999313354492,31.479999542236328,31.459999084472656,31.469999313354492,2670
31.46500015258789,31.46500015258789,31.43000030517578,31.440000534057617,3842
31.440000534057617,31.454999923706055,31.43000030517578,31.454999923706055,4495
31.459999084472656,31.459999084472656,31.420000076293945,31.43000030517578,2839
31.43000030517578,31.450000762939453,31.420000076293945,31.420000076293945,2900
31.420000076293945,31.424999237060547,31.389999389648438,31.399999618530273,3219
31.399999618530273,31.440000534057617,31.399999618530273,31.440000534057617,2305
31.440000534057617,31.469999313354492,31.43000030517578,31.459999084472656,1794
31.46500015258789,31.46500015258789,31.43000030517578,31.434999465942383,4557
31.440000534057617,31.450000762939453,31.440000534057617,31.450000762939453,948
31.479999542236328,31.5,31.475000381469727,31.5,3957
31.510000228881836,31.510000228881836,31.469999313354492,31.469999313354492,6167
31.45009994506836,31.489999771118164,31.45009994506836,31.479999542236328,2397
31.489999771118164,31.489999771118164,31.489999771118164,31.489999771118164,300
31.479999542236328,31.479999542236328,31.450000762939453,31.450000762939453,2572
31.454999923706055,31.454999923706055,31.420000076293945,31.434999465942383,4501
31.420000076293945,31.424999237060547,31.420000076293945,31.420000076293945,887
31.420000076293945,31.434999465942383,31.420000076293945,31.43000030517578,2002
31.424999237060547,31.43000030517578,31.40999984741211,31.420000076293945,7212
31.424999237060547,31.424999237060547,31.395000457763672,31.399999618530273,4665
31.40999984741211,31.440000534057617,31.40999984741211,31.440000534057617,1645
31.43000030517578,31.440000534057617,31.399999618530273,31.420000076293945,1961
31.43000030517578,31.434999465942383,31.420000076293945,31.434999465942383,3935
31.43000030517578,31.44499969482422,31.43000030517578,31.440000534057617,2128
31.459999084472656,31.479999542236328,31.459999084472656,31.479999542236328,1220
31.479999542236328,31.5049991607666,31.479999542236328,31.5,7162
31.5,31.518999099731445,31.5,31.518999099731445,1401
31.540000915527344,31.549999237060547,31.540000915527344,31.549999237060547,2176
31.540000915527344,31.540000915527344,31.520000457763672,31.530000686645508,4520
31.530000686645508,31.540000915527344,31.510000228881836,31.510000228881836,5523
31.510000228881836,31.540000915527344,31.5,31.5,2273
31.5,31.509000778198242,31.485000610351562,31.485000610351562,2185
31.489999771118164,31.4950008392334,31.450000762939453,31.450000762939453,8456
31.459999084472656,31.459999084472656,31.43000030517578,31.440000534057617,2046
31.459999084472656,31.459999084472656,31.459999084472656,31.459999084472656,1044
31.459999084472656,31.459999084472656,31.434999465942383,31.434999465942383,2784
31.440000534057617,31.510000228881836,31.440000534057617,31.510000228881836,15105
31.4950008392334,31.4950008392334,31.479999542236328,31.489999771118164,3485
31.5,31.5,31.5,31.5,1364
31.5,31.5,31.485000610351562,31.489999771118164,875
31.489999771118164,31.5049991607666,31.489999771118164,31.500099182128906,1433
31.510000228881836,31.530000686645508,31.489999771118164,31.489999771118164,3597
31.485000610351562,31.489999771118164,31.469999313354492,31.489999771118164,3185
31.489999771118164,31.520000457763672,31.489999771118164,31.510000228881836,1761
31.489999771118164,31.4950008392334,31.479999542236328,31.489999771118164,1985
31.489999771118164,31.510000228881836,31.489999771118164,31.510000228881836,2597
31.530000686645508,31.540000915527344,31.524999618530273,31.529300689697266,1733
31.549999237060547,31.549999237060547,31.540000915527344,31.540000915527344,985
31.520000457763672,31.520000457763672,31.479999542236328,31.479999542236328,3301
31.489999771118164,31.4950008392334,31.479999542236328,31.479999542236328,2834
31.479999542236328,31.479999542236328,31.450000762939453,31.450000762939453,2796
31.450000762939453,31.469999313354492,31.440000534057617,31.459999084472656,5379
31.450000762939453,31.450000762939453,31.399999618530273,31.399999618530273,2111
31.405000686645508,31.405000686645508,31.3700008392334,31.385000228881836,4469
31.3799991607666,31.386999130249023,31.3700008392334,31.3799991607666,1596
31.3799991607666,31.399999618530273,31.3799991607666,31.399999618530273,966
31.399999618530273,31.399999618530273,31.385000228881836,31.385000228881836,1863
31.405000686645508,31.409000396728516,31.399999618530273,31.399999618530273,802
31.3799991607666,31.40999984741211,31.3799991607666,31.40999984741211,2154
31.40999984741211,31.415000915527344,31.375,31.3799991607666,4979
31.360000610351562,31.360000610351562,31.34000015258789,31.34000015258789,1826
31.350000381469727,31.360000610351562,31.350000381469727,31.360000610351562,1471
31.354999542236328,31.399999618530273,31.354999542236328,31.389999389648438,3349
31.389999389648438,31.420000076293945,31.3799991607666,31.399999618530273,3907
31.399999618530273,31.420000076293945,31.389999389648438,31.420000076293945,2542
31.40999984741211,31.43000030517578,31.405000686645508,31.420000076293945,1594
31.43000030517578,31.43000030517578,31.389999389648438,31.40999984741211,3798
31.399999618530273,31.420000076293945,31.399999618530273,31.40999984741211,2554
31.43000030517578,31.450000762939453,31.43000030517578,31.450000762939453,712
31.459999084472656,31.469999313354492,31.44499969482422,31.459999084472656,2634
31.469999313354492,31.479999542236328,31.454999923706055,31.454999923706055,1684
31.459999084472656,31.469999313354492,31.459999084472656,31.469999313354492,3217
31.469999313354492,31.479999542236328,31.469999313354492,31.469999313354492,2336
31.461200714111328,31.469999313354492,31.44499969482422,31.44499969482422,5029
31.440000534057617,31.454999923706055,31.43000030517578,31.450000762939453,4178
31.440000534057617,31.450000762939453,31.434999465942383,31.440000534057617,2226
31.44499969482422,31.44499969482422,31.399999618530273,31.399999618530273,3347
31.395000457763672,31.399999618530273,31.360000610351562,31.360000610351562,3510
31.3700008392334,31.3799991607666,31.350000381469727,31.350799560546875,4598
31.360000610351562,31.3799991607666,31.334999084472656,31.34000015258789,3888
31.34000015258789,31.34000015258789,31.299999237060547,31.299999237060547,4545
31.290000915527344,31.290000915527344,31.280000686645508,31.290000915527344,1886
31.295000076293945,31.295000076293945,31.264999389648438,31.264999389648438,1598
31.270000457763672,31.299999237060547,31.264999389648438,31.295000076293945,6395
31.30500030517578,31.309999465942383,31.290000915527344,31.309999465942383,2733
31.309999465942383,31.309999465942383,31.290000915527344,31.299999237060547,5123
31.309999465942383,31.31999969482422,31.299999237060547,31.31999969482422,2174
31.329999923706055,31.34000015258789,31.309999465942383,31.31999969482422,3663
31.329999923706055,31.350000381469727,31.309999465942383,31.309999465942383,2199
31.30500030517578,31.30500030517578,31.253999710083008,31.253999710083008,5711
31.260000228881836,31.260000228881836,31.239999771118164,31.239999771118164,3246
31.239999771118164,31.239999771118164,31.200000762939453,31.219999313354492,2776
31.209999084472656,31.209999084472656,31.200000762939453,31.204999923706055,3239
31.200000762939453,31.21500015258789,31.190000534057617,31.200000762939453,4985
31.19499969482422,31.21500015258789,31.19499969482422,31.21500015258789,2495
31.21500015258789,31.219999313354492,31.19499969482422,31.19499969482422,4791
31.200000762939453,31.25,31.200000762939453,31.219999313354492,7455
31.219999313354492,31.264999389648438,31.219999313354492,31.2549991607666,4058
31.25,31.25,31.229999542236328,31.25,4221
31.260000228881836,31.28890037536621,31.2549991607666,31.270000457763672,4793
31.280000686645508,31.280000686645508,31.25,31.25,7309
31.25,31.2549991607666,31.229999542236328,31.235000610351562,4189
31.229999542236328,31.239999771118164,31.209999084472656,31.239999771118164,9715
31.249300003051758,31.260000228881836,31.229999542236328,31.239999771118164,4304
31.229999542236328,31.229999542236328,31.21500015258789,31.219999313354492,4528
31.18000030517578,31.19499969482422,31.18000030517578,31.18000030517578,7402
31.170000076293945,31.174999237060547,31.15999984741211,31.165000915527344,3924
31.170000076293945,31.190000534057617,31.149999618530273,31.149999618530273,13423
31.149999618530273,31.18000030517578,31.139999389648438,31.18000030517578,7840
31.170000076293945,31.18000030517578,31.148700714111328,31.170000076293945,12934
31.15999984741211,31.209999084472656,31.159000396728516,31.209999084472656,12454
31.209999084472656,31.229999542236328,31.204999923706055,31.209999084472656,10763
31.204999923706055,31.21500015258789,31.200000762939453,31.200000762939453,6386
31.204999923706055,31.225000381469727,31.19499969482422,31.219999313354492,12339
31.225000381469727,31.30500030517578,31.225000381469727,31.290000915527344,22212
31.280000686645508,31.295000076293945,31.274999618530273,31.28499984741211,10795
31.280000686645508,31.290000915527344,31.264999389648438,31.264999389648438,15267
31.264999389648438,31.280000686645508,31.260000228881836,31.268999099731445,18816
31.260000228881836,31.295000076293945,31.25,31.280000686645508,70537
31.28,31.28,31.27,31.28,150794
31.28,31.28,31.28,31.28,0
31.28,31.28,31.28,31.28,0
31.28,31.28,31.28,31.28,0
31.2,31.2,31.2,31.2,0
31.2,31.2,31.2,31.2,0
31.05,31.05,31.05,31.05,0
31.1,31.1,31.1,31.1,0
31.2,31.2,31.2,31.2,0
31.25,31.25,31.25,31.25,0
31.25,31.25,31.2,31.2,0
31.290000915527344,31.360000610351562,31.290000915527344,31.360000610351562,6801
31.270000457763672,31.299999237060547,31.270000457763672,31.290000915527344,1216
31.315000534057617,31.350000381469727,31.309999465942383,31.34000015258789,3098
31.440000534057617,31.469999313354492,31.420000076293945,31.43000030517578,2732
31.489999771118164,31.489999771118164,31.450000762939453,31.450000762939453,5668
31.450000762939453,31.459999084472656,31.350000381469727,31.350000381469727,8739
31.3700008392334,31.3700008392334,31.299999237060547,31.3700008392334,2826
31.40999984741211,31.420000076293945,31.399999618530273,31.420000076293945,1115
31.420000076293945,31.420000076293945,31.420000076293945,31.420000076293945,220
31.415000915527344,31.479999542236328,31.415000915527344,31.459999084472656,4098
31.440000534057617,31.479999542236328,31.434900283813477,31.479999542236328,2109
31.510000228881836,31.559999465942383,31.510000228881836,31.55500030517578,4417
31.55500030517578,31.565000534057617,31.450000762939453,31.450000762939453,2352
31.420000076293945,31.43000030517578,31.399999618530273,31.43000030517578,6087
31.43000030517578,31.510000228881836,31.43000030517578,31.485000610351562,1925
31.489999771118164,31.530000686645508,31.489999771118164,31.520000457763672,4771
31.559999465942383,31.56999969482422,31.520000457763672,31.520000457763672,852
31.540000915527344,31.540000915527344,31.506399154663086,31.520000457763672,1563
31.5,31.5,31.469999313354492,31.489999771118164,1174
31.489999771118164,31.510000228881836,31.479999542236328,31.5,2012
31.4950008392334,31.530000686645508,31.459999084472656,31.469999313354492,3630
31.5,31.530000686645508,31.5,31.510000228881836,2416
31.530000686645508,31.549999237060547,31.530000686645508,31.530000686645508,1622
31.530000686645508,31.56999969482422,31.530000686645508,31.540000915527344,1324
31.530000686645508,31.540000915527344,31.5,31.530000686645508,2263
31.540000915527344,31.540000915527344,31.479999542236328,31.487499237060547,1712
31.469999313354492,31.469999313354492,31.459999084472656,31.469999313354492,566
31.43000030517578,31.43000030517578,31.40999984741211,31.420000076293945,1817
31.399999618530273,31.40999984741211,31.389999389648438,31.40999984741211,1241
31.40999984741211,31.459999084472656,31.399999618530273,31.454999923706055,3147
31.479999542236328,31.479999542236328,31.469999313354492,31.469999313354492,1328
31.489999771118164,31.53499984741211,31.489999771118164,31.530000686645508,7389
31.540000915527344,31.625,31.540000915527344,31.6200008392334,21370
31.59000015258789,31.600000381469727,31.56999969482422,31.579999923706055,3422
31.56999969482422,31.610000610351562,31.56999969482422,31.610000610351562,1962
31.610000610351562,31.610000610351562,31.579999923706055,31.579999923706055,1474
31.549999237060547,31.5851993560791,31.549999237060547,31.5851993560791,3137
31.59000015258789,31.59000015258789,31.56999969482422,31.56999969482422,698
31.59000015258789,31.59000015258789,31.55500030517578,31.559999465942383,1692
31.549999237060547,31.56999969482422,31.530000686645508,31.56999969482422,1147
31.56999969482422,31.56999969482422,31.489999771118164,31.489999771118164,2042
31.479999542236328,31.479999542236328,31.43000030517578,31.43000030517578,1801
31.420000076293945,31.420000076293945,31.40999984741211,31.415000915527344,5894
31.40999984741211,31.479999542236328,31.399999618530273,31.479999542236328,2969
31.469999313354492,31.489999771118164,31.469999313354492,31.489999771118164,1294
31.520000457763672,31.530000686645508,31.520000457763672,31.530000686645508,1272
31.530000686645508,31.549999237060547,31.530000686645508,31.53969955444336,1356
31.540000915527344,31.540000915527344,31.489999771118164,31.510000228881836,1434
31.549999237060547,31.614999771118164,31.549999237060547,31.614999771118164,1457
31.6299991607666,31.649999618530273,31.6200008392334,31.6299991607666,2169
31.65999984741211,31.670000076293945,31.639999389648438,31.639999389648438,1525
31.639999389648438,31.670000076293945,31.639999389648438,31.670000076293945,1795
31.68000030517578,31.690000534057617,31.6299991607666,31.649999618530273,2780
31.649999618530273,31.649999618530273,31.649999618530273,31.649999618530273,728
31.6200008392334,31.6200008392334,31.610000610351562,31.610000610351562,1061
31.600000381469727,31.6200008392334,31.600000381469727,31.6200008392334,779
31.64859962463379,31.649999618530273,31.610000610351562,31.610000610351562,1505
31.600000381469727,31.600000381469727,31.56999969482422,31.600000381469727,1885
31.610000610351562,31.6200008392334,31.575300216674805,31.6200008392334,5574
31.614999771118164,31.65999984741211,31.614999771118164,31.655000686645508,3801
31.65999984741211,31.665000915527344,31.6299991607666,31.649999618530273,2146
31.639999389648438,31.649999618530273,31.6200008392334,31.6200008392334,7201
31.6299991607666,31.6299991607666,31.59000015258789,31.614999771118164,6067
31.59000015258789,31.59000015258789,31.56999969482422,31.575000762939453,2134
31.56999969482422,31.600000381469727,31.56999969482422,31.579999923706055,2053
31.56999969482422,31.600000381469727,31.56999969482422,31.594999313354492,848
31.6200008392334,31.6200008392334,31.614999771118164,31.6200008392334,1303
31.6299991607666,31.65999984741211,31.610000610351562,31.610000610351562,2604
31.6299991607666,31.639999389648438,31.625,31.6299991607666,1118
31.639999389648438,31.639999389648438,31.639999389648438,31.639999389648438,364
31.614999771118164,31.6200008392334,31.610000610351562,31.6200008392334,4312
31.6200008392334,31.635000228881836,31.610000610351562,31.6200008392334,4621
31.636499404907227,31.645000457763672,31.6299991607666,31.639999389648438,2512
31.639999389648438,31.648000717163086,31.6299991607666,31.6299991607666,992
31.6299991607666,31.6299991607666,31.6200008392334,31.6200008392334,3755
31.6299991607666,31.6299991607666,31.6200008392334,31.6200008392334,200
31.610000610351562,31.610000610351562,31.59000015258789,31.600000381469727,901
31.600000381469727,31.60770034790039,31.559999465942383,31.559999465942383,2062
31.56999969482422,31.572900772094727,31.56999969482422,31.572900772094727,619
31.549999237060547,31.549999237060547,31.530000686645508,31.540000915527344,727
31.540000915527344,31.56999969482422,31.540000915527344,31.549999237060547,2751
31.56999969482422,31.59000015258789,31.56999969482422,31.59000015258789,747
31.59000015258789,31.6200008392334,31.59000015258789,31.600000381469727,1067
31.610000610351562,31.610000610351562,31.600000381469727,31.600000381469727,1191
31.579999923706055,31.600000381469727,31.579999923706055,31.600000381469727,924
31.610000610351562,31.614999771118164,31.600000381469727,31.61009979248047,1190
31.610000610351562,31.610000610351562,31.56999969482422,31.579999923706055,1255
31.579999923706055,31.579999923706055,31.579999923706055,31.579999923706055,673
31.579999923706055,31.610000610351562,31.579999923706055,31.610000610351562,1800
31.610000610351562,31.610000610351562,31.600000381469727,31.604999542236328,842
31.6299991607666,31.639999389648438,31.6200008392334,31.639999389648438,650
31.639999389648438,31.639999389648438,31.639999389648438,31.639999389648438,393
31.649999618530273,31.65999984741211,31.649999618530273,31.65999984741211,1352
31.65999984741211,31.65999984741211,31.649999618530273,31.649999618530273,2999
31.649999618530273,31.649999618530273,31.649999618530273,31.649999618530273,1597
31.649999618530273,31.649999618530273,31.6299991607666,31.6471004486084,4269
31.639999389648438,31.639999389648438,31.6200008392334,31.625,1737
31.6200008392334,31.6299991607666,31.59000015258789,31.600000381469727,5046
31.610000610351562,31.614999771118164,31.604999542236328,31.608200073242188,1528
31.600000381469727,31.604999542236328,31.600000381469727,31.604999542236328,784
31.604999542236328,31.604999542236328,31.600000381469727,31.600000381469727,646
31.604999542236328,31.610000610351562,31.594999313354492,31.610000610351562,2076
31.6200008392334,31.635000228881836,31.6200008392334,31.635000228881836,3376
31.6299991607666,31.65999984741211,31.6299991607666,31.65999984741211,855
31.65999984741211,31.65999984741211,31.610000610351562,31.6299991607666,3636
31.639999389648438,31.639999389648438,31.639999389648438,31.639999389648438,2459
31.670000076293945,31.690000534057617,31.663700103759766,31.68000030517578,3492
31.682899475097656,31.690000534057617,31.68000030517578,31.68000030517578,2675
31.700000762939453,31.739999771118164,31.690000534057617,31.719999313354492,12240
31.729999542236328,31.770000457763672,31.729999542236328,31.7450008392334,4367
31.760000228881836,31.780000686645508,31.760000228881836,31.770000457763672,2976
31.770000457763672,31.770000457763672,31.770000457763672,31.770000457763672,1795
31.770000457763672,31.770000457763672,31.770000457763672,31.770000457763672,777
31.770000457763672,31.780000686645508,31.770000457763672,31.770000457763672,1712
31.75,31.75,31.719999313354492,31.719999313354492,1096
31.725000381469727,31.75,31.725000381469727,31.748300552368164,1336
31.760000228881836,31.760000228881836,31.700000762939453,31.700000762939453,2611
31.700000762939453,31.719999313354492,31.700000762939453,31.719999313354492,1613
31.729999542236328,31.729999542236328,31.729999542236328,31.729999542236328,975
31.729999542236328,31.730100631713867,31.649999618530273,31.690000534057617,32464
31.690000534057617,31.690000534057617,31.6299991607666,31.6299991607666,32717
31.600000381469727,31.600000381469727,31.540000915527344,31.559999465942383,13115
31.550899505615234,31.579999923706055,31.550899505615234,31.579999923706055,1062
31.579999923706055,31.6200008392334,31.579999923706055,31.6200008392334,1472
31.604999542236328,31.6200008392334,31.56999969482422,31.600000381469727,7948
31.579999923706055,31.579999923706055,31.549999237060547,31.549999237060547,1463
31.559999465942383,31.559999465942383,31.549999237060547,31.559999465942383,2464
31.559999465942383,31.559999465942383,31.559999465942383,31.559999465942383,856
31.559999465942383,31.56999969482422,31.559999465942383,31.56999969482422,1377
31.56999969482422,31.56999969482422,31.559999465942383,31.559999465942383,946
31.559999465942383,31.575000762939453,31.549999237060547,31.559999465942383,2780
31.56999969482422,31.56999969482422,31.56999969482422,31.56999969482422,290
31.565000534057617,31.56999969482422,31.565000534057617,31.56999969482422,2404
31.59000015258789,31.592500686645508,31.59000015258789,31.59000015258789,2685
31.579999923706055,31.59000015258789,31.579999923706055,31.59000015258789,1053
31.600000381469727,31.614999771118164,31.600000381469727,31.610000610351562,7902
31.6200008392334,31.6200008392334,31.59000015258789,31.59000015258789,8677
31.59000015258789,31.59000015258789,31.559999465942383,31.559999465942383,710
31.549999237060547,31.559999465942383,31.540000915527344,31.559999465942383,2268
31.56999969482422,31.56999969482422,31.56999969482422,31.56999969482422,473
31.600000381469727,31.600000381469727,31.600000381469727,31.600000381469727,211
31.610000610351562,31.6200008392334,31.579999923706055,31.579999923706055,1880
31.579999923706055,31.589399337768555,31.56999969482422,31.589399337768555,2378
31.59000015258789,31.600000381469727,31.59000015258789,31.600000381469727,663
31.597900390625,31.597900390625,31.597900390625,31.597900390625,293
31.6200008392334,31.6200008392334,31.600000381469727,31.600000381469727,1500
31.604999542236328,31.610000610351562,31.600000381469727,31.610000610351562,1753
31.600000381469727,31.600000381469727,31.56999969482422,31.600000381469727,2867
31.600000381469727,31.617900848388672,31.600000381469727,31.617900848388672,2410
31.6299991607666,31.64699935913086,31.62220001220703,31.639999389648438,2910
31.649999618530273,31.674999237060547,31.649999618530273,31.674999237060547,2358
31.68000030517578,31.68899917602539,31.670000076293945,31.679899215698242,4484
31.68000030517578,31.68000030517578,31.639999389648438,31.639999389648438,4349
31.6200008392334,31.6299991607666,31.6200008392334,31.6299991607666,727
31.639999389648438,31.639999389648438,31.639999389648438,31.639999389648438,218
31.649999618530273,31.65999984741211,31.649999618530273,31.65999984741211,1456
31.670000076293945,31.68000030517578,31.65999984741211,31.65999984741211,4975
31.665000915527344,31.665000915527344,31.65999984741211,31.65999984741211,634
31.670000076293945,31.674999237060547,31.670000076293945,31.670000076293945,1005
31.68000030517578,31.700000762939453,31.68000030517578,31.700000762939453,3050
31.704999923706055,31.704999923706055,31.700000762939453,31.700000762939453,1367
31.690000534057617,31.690000534057617,31.68000030517578,31.68000030517578,986
31.68000030517578,31.68000030517578,31.670000076293945,31.674999237060547,987
31.68000030517578,31.690000534057617,31.68000030517578,31.690000534057617,1448
31.69499969482422,31.69499969482422,31.670000076293945,31.670000076293945,2194
31.67609977722168,31.67609977722168,31.639999389648438,31.649999618530273,3339
31.655000686645508,31.65999984741211,31.655000686645508,31.65999984741211,884
31.65999984741211,31.665000915527344,31.645000457763672,31.645000457763672,2274
31.645000457763672,31.645000457763672,31.6299991607666,31.6299991607666,2770
31.639999389648438,31.645000457763672,31.636699676513672,31.639999389648438,3348
31.655000686645508,31.677200317382812,31.655000686645508,31.674999237060547,2224
31.68000030517578,31.684999465942383,31.68000030517578,31.684999465942383,3106
31.68000030517578,31.68000030517578,31.65999984741211,31.65999984741211,1111
31.684999465942383,31.684999465942383,31.684999465942383,31.684999465942383,310
31.674999237060547,31.679899215698242,31.670000076293945,31.670000076293945,2798
31.68000030517578,31.700000762939453,31.679000854492188,31.69499969482422,1535
31.690000534057617,31.69499969482422,31.690000534057617,31.690000534057617,982
31.69499969482422,31.69499969482422,31.684999465942383,31.6875,3396
31.690000534057617,31.700000762939453,31.690000534057617,31.690000534057617,2000
31.684999465942383,31.684999465942383,31.674999237060547,31.68000030517578,2839
31.670000076293945,31.670000076293945,31.65489959716797,31.670000076293945,3015
31.68000030517578,31.690000534057617,31.68000030517578,31.6875,1136
31.690000534057617,31.69499969482422,31.690000534057617,31.69499969482422,856
31.69499969482422,31.709999084472656,31.690000534057617,31.709999084472656,3777
31.704999923706055,31.704999923706055,31.700000762939453,31.700000762939453,2471
31.690000534057617,31.700000762939453,31.690000534057617,31.69499969482422,1606
31.700000762939453,31.729999542236328,31.700000762939453,31.729999542236328,7264
31.735000610351562,31.735000610351562,31.729999542236328,31.729999542236328,1777
31.729999542236328,31.735000610351562,31.729999542236328,31.729999542236328,1693
31.729999542236328,31.739999771118164,31.719999313354492,31.719999313354492,5499
31.719999313354492,31.725000381469727,31.700000762939453,31.700000762939453,4282
31.709999084472656,31.709999084472656,31.709999084472656,31.709999084472656,290
31.71500015258789,31.71500015258789,31.700000762939453,31.700000762939453,668
31.65999984741211,31.65999984741211,31.635000228881836,31.635000228881836,11089
31.6299991607666,31.6299991607666,31.6200008392334,31.6200008392334,798
31.6200008392334,31.6299991607666,31.6200008392334,31.6299991607666,926
31.649999618530273,31.65999984741211,31.645000457763672,31.65999984741211,3186
31.649999618530273,31.655000686645508,31.649999618530273,31.649999618530273,1493
31.639999389648438,31.639999389648438,31.59000015258789,31.595600128173828,7923
31.600000381469727,31.625099182128906,31.600000381469727,31.625099182128906,2338
31.6299991607666,31.6299991607666,31.6200008392334,31.6200008392334,2034
31.610000610351562,31.610000610351562,31.600000381469727,31.600000381469727,989
31.600000381469727,31.610000610351562,31.600000381469727,31.600000381469727,1829
31.594999313354492,31.610000610351562,31.594999313354492,31.600000381469727,1508
31.594999313354492,31.6200008392334,31.594999313354492,31.614999771118164,3036
31.6299991607666,31.639999389648438,31.6299991607666,31.639999389648438,1849
31.639999389648438,31.639999389648438,31.639999389648438,31.639999389648438,2229
31.645000457763672,31.645000457763672,31.610000610351562,31.610000610351562,3725
31.6200008392334,31.6200008392334,31.610000610351562,31.610000610351562,1661
31.610000610351562,31.610000610351562,31.610000610351562,31.610000610351562,826
31.610000610351562,31.6299991607666,31.610000610351562,31.6299991607666,1324
31.624799728393555,31.6299991607666,31.624799728393555,31.6299991607666,630
31.639999389648438,31.649999618530273,31.6299991607666,31.6299991607666,3460
31.639999389648438,31.665000915527344,31.639999389648438,31.649999618530273,1732
31.655000686645508,31.684999465942383,31.655000686645508,31.684999465942383,4824
31.674999237060547,31.674999237060547,31.670000076293945,31.670000076293945,1385
31.68000030517578,31.684999465942383,31.68000030517578,31.68000030517578,1791
31.674999237060547,31.674999237060547,31.65999984741211,31.65999984741211,1084
31.65999984741211,31.665000915527344,31.65999984741211,31.65999984741211,1386
31.65999984741211,31.65999984741211,31.65999984741211,31.65999984741211,381
31.65999984741211,31.674999237060547,31.65999984741211,31.670000076293945,2300
31.670000076293945,31.670000076293945,31.639999389648438,31.639999389648438,2240
31.649999618530273,31.649999618530273,31.6200008392334,31.6200008392334,1423
31.610000610351562,31.610000610351562,31.600000381469727,31.607099533081055,2776
31.600000381469727,31.600000381469727,31.56999969482422,31.59000015258789,1539
31.594999313354492,31.6299991607666,31.594999313354492,31.6299991607666,747
31.6299991607666,31.639999389648438,31.6299991607666,31.6299991607666,2651
31.6299991607666,31.6299991607666,31.625,31.625,1425
31.6299991607666,31.639999389648438,31.610000610351562,31.610000610351562,2910
31.6200008392334,31.6200008392334,31.6200008392334,31.6200008392334,594
31.6200008392334,31.6200008392334,31.6200008392334,31.6200008392334,185
31.6299991607666,31.6299991607666,31.6200008392334,31.6200008392334,1376
31.6299991607666,31.639999389648438,31.610000610351562,31.610000610351562,4241
31.59910011291504,31.610000610351562,31.59910011291504,31.604999542236328,2017
31.600000381469727,31.604999542236328,31.579999923706055,31.594999313354492,2849
31.59000015258789,31.59000015258789,31.579999923706055,31.579999923706055,1412
31.579999923706055,31.579999923706055,31.540000915527344,31.540000915527344,3891
31.540000915527344,31.545000076293945,31.540000915527344,31.545000076293945,1752
31.549999237060547,31.55500030517578,31.510000228881836,31.520000457763672,7751
31.524999618530273,31.524999618530273,31.510000228881836,31.510000228881836,846
31.510000228881836,31.520099639892578,31.5,31.5,2983
31.479999542236328,31.479999542236328,31.450000762939453,31.475000381469727,2556
31.475000381469727,31.489999771118164,31.469999313354492,31.479999542236328,2294
31.479999542236328,31.479999542236328,31.440000534057617,31.450000762939453,3870
31.440000534057617,31.440000534057617,31.43000030517578,31.43000030517578,3321
31.399999618530273,31.40999984741211,31.354999542236328,31.354999542236328,8525
31.360000610351562,31.40999984741211,31.350000381469727,31.399999618530273,4043
31.3799991607666,31.389999389648438,31.3700008392334,31.3700008392334,2691
31.3700008392334,31.3700008392334,31.34000015258789,31.350000381469727,8014
31.350000381469727,31.389999389648438,31.350000381469727,31.350000381469727,3108
31.350000381469727,31.3799991607666,31.34040069580078,31.34040069580078,4589
31.34000015258789,31.34000015258789,31.299999237060547,31.299999237060547,2503
31.239999771118164,31.260000228881836,31.239999771118164,31.260000228881836,7590
31.260000228881836,31.280000686645508,31.225000381469727,31.270000457763672,4116
31.280000686645508,31.280000686645508,31.229999542236328,31.270000457763672,1513
31.260000228881836,31.260000228881836,31.19499969482422,31.200000762939453,7647
31.209999084472656,31.2101993560791,31.100000381469727,31.1299991607666,37410
31.15999984741211,31.15999984741211,31.131099700927734,31.149999618530273,2228
31.190000534057617,31.219999313354492,31.16320037841797,31.219999313354492,3590
31.200000762939453,31.239999771118164,31.200000762939453,31.219999313354492,2048
31.219999313354492,31.239999771118164,31.219999313354492,31.239999771118164,2964
31.229999542236328,31.239999771118164,31.170000076293945,31.170000076293945,4229
31.149999618530273,31.15999984741211,31.139999389648438,31.149999618530273,5683
31.139999389648438,31.165000915527344,31.1299991607666,31.15999984741211,4239
31.159700393676758,31.1825008392334,31.159700393676758,31.174999237060547,3676
31.170000076293945,31.170000076293945,31.15999984741211,31.170000076293945,3812
31.170000076293945,31.18000030517578,31.15999984741211,31.170000076293945,5553
31.200000762939453,31.219999313354492,31.18000030517578,31.18000030517578,4282
31.16200065612793,31.16200065612793,31.09000015258789,31.09000015258789,3603
31.100000381469727,31.1200008392334,31.100000381469727,31.100000381469727,2897
31.09000015258789,31.1200008392334,31.09000015258789,31.1200008392334,3968
31.149999618530273,31.170000076293945,31.110000610351562,31.1299991607666,7466
31.100000381469727,31.110000610351562,31.09000015258789,31.09000015258789,1521
31.1299991607666,31.170000076293945,31.1200008392334,31.15999984741211,2655
31.170000076293945,31.200000762939453,31.149999618530273,31.15999984741211,5594
31.170000076293945,31.170000076293945,31.1200008392334,31.139999389648438,6877
31.139999389648438,31.170000076293945,31.130300521850586,31.170000076293945,7357
31.170000076293945,31.200000762939453,31.149999618530273,31.149999618530273,3349
31.15999984741211,31.15999984741211,31.1299991607666,31.149999618530273,2030
31.18000030517578,31.18000030517578,31.18000030517578,31.18000030517578,594
31.204999923706055,31.219999313354492,31.170000076293945,31.219999313354492,1925
31.219999313354492,31.270000457763672,31.209999084472656,31.25,6971
31.270000457763672,31.270000457763672,31.239999771118164,31.264999389648438,18017
31.280000686645508,31.299999237060547,31.280000686645508,31.299999237060547,4219
31.295000076293945,31.329999923706055,31.295000076293945,31.329999923706055,3921
31.329999923706055,31.329999923706055,31.299999237060547,31.329999923706055,3613
31.299999237060547,31.34000015258789,31.280000686645508,31.280000686645508,14174
31.290000915527344,31.31999969482422,31.270000457763672,31.31999969482422,1669
31.31999969482422,31.325000762939453,31.309999465942383,31.31999969482422,3590
31.325000762939453,31.325000762939453,31.309999465942383,31.31999969482422,4885
31.31999969482422,31.31999969482422,31.270000457763672,31.270000457763672,2159
31.270000457763672,31.290000915527344,31.2450008392334,31.2450008392334,2537
31.229999542236328,31.235000610351562,31.200000762939453,31.200000762939453,6005
31.200000762939453,31.209999084472656,31.190000534057617,31.209999084472656,2324
31.209999084472656,31.21500015258789,31.186199188232422,31.190000534057617,1536
31.200000762939453,31.200000762939453,31.170000076293945,31.170000076293945,3158
31.170000076293945,31.190000534057617,31.170000076293945,31.190000534057617,4431
31.18000030517578,31.18000030517578,31.15999984741211,31.15999984741211,2169
31.170000076293945,31.184999465942383,31.15999984741211,31.15999984741211,2339
31.200000762939453,31.274999618530273,31.200000762939453,31.274999618530273,3954
31.299999237060547,31.312700271606445,31.290000915527344,31.309999465942383,8192
31.315000534057617,31.315000534057617,31.270000457763672,31.270000457763672,4217
31.270000457763672,31.290000915527344,31.258499145507812,31.260000228881836,2811
31.25,31.260000228881836,31.25,31.260000228881836,950
31.267000198364258,31.280000686645508,31.260000228881836,31.270000457763672,2588
31.25,31.260000228881836,31.239999771118164,31.25,1298
31.229999542236328,31.229999542236328,31.18000030517578,31.200000762939453,4031
31.190000534057617,31.200000762939453,31.190000534057617,31.19499969482422,1200
31.190000534057617,31.190000534057617,31.15999984741211,31.16230010986328,5068
31.190000534057617,31.209999084472656,31.18000030517578,31.209999084472656,3258
31.190000534057617,31.200000762939453,31.170000076293945,31.170000076293945,3341
31.170299530029297,31.170299530029297,31.15999984741211,31.15999984741211,3001
31.149999618530273,31.149999618530273,31.100000381469727,31.1200008392334,26383
31.1200008392334,31.1200008392334,31.09000015258789,31.100000381469727,3729
31.0846004486084,31.097999572753906,31.030000686645508,31.030000686645508,13322
31.040000915527344,31.040000915527344,31.020000457763672,31.040000915527344,4046
31.030000686645508,31.030000686645508,31.0,31.010000228881836,3792
31.0049991607666,31.010000228881836,30.969999313354492,30.969999313354492,9261
30.969999313354492,30.969999313354492,30.959999084472656,30.96109962463379,1787
30.96500015258789,30.989999771118164,30.96500015258789,30.989999771118164,1266
31.0,31.0,30.989999771118164,30.989999771118164,1423
31.020000457763672,31.02989959716797,31.020000457763672,31.02989959716797,555
31.030000686645508,31.059999465942383,31.023000717163086,31.059999465942383,3451
31.06999969482422,31.079999923706055,31.06999969482422,31.079999923706055,2218
31.09000015258789,31.1200008392334,31.09000015258789,31.1200008392334,23137
31.110000610351562,31.110000610351562,31.079999923706055,31.094999313354492,4637
31.110000610351562,31.114999771118164,31.09000015258789,31.104999542236328,1950
31.1299991607666,31.15999984741211,31.1299991607666,31.139999389648438,23817
31.15999984741211,31.190000534057617,31.1200008392334,31.1299991607666,16533
31.1299991607666,31.200000762939453,31.1299991607666,31.190000534057617,6694
31.209999084472656,31.260000228881836,31.209999084472656,31.239999771118164,28713
31.229999542236328,31.25,31.229999542236328,31.239999771118164,2172
31.229999542236328,31.229999542236328,31.200000762939453,31.200000762939453,2580
31.200000762939453,31.200000762939453,31.170000076293945,31.170000076293945,2759
31.170000076293945,31.219999313354492,31.170000076293945,31.204999923706055,3901
31.18000030517578,31.189899444580078,31.149999618530273,31.170000076293945,2473
31.18000030517578,31.184999465942383,31.139999389648438,31.145000457763672,5861
31.139999389648438,31.149999618530273,31.114999771118164,31.1200008392334,3431
31.1299991607666,31.200000762939453,31.1299991607666,31.200000762939453,4508
31.190000534057617,31.190000534057617,31.15999984741211,31.15999984741211,4417
31.15999984741211,31.18000030517578,31.15999984741211,31.18000030517578,1857
31.184999465942383,31.25,31.184999465942383,31.25,3005
31.260000228881836,31.260000228881836,31.229999542236328,31.239999771118164,5376
31.219999313354492,31.225000381469727,31.200000762939453,31.209999084472656,3849
31.209999084472656,31.219999313354492,31.18000030517578,31.200000762939453,6267
31.209999084472656,31.229999542236328,31.200000762939453,31.209999084472656,5836
31.190000534057617,31.190000534057617,31.170000076293945,31.184999465942383,3315
31.18000030517578,31.229999542236328,31.170000076293945,31.229999542236328,6868
31.229999542236328,31.239999771118164,31.225000381469727,31.235000610351562,2457
31.235000610351562,31.260000228881836,31.219999313354492,31.219999313354492,8292
31.219999313354492,31.239999771118164,31.21500015258789,31.239999771118164,4327
31.2450008392334,31.25,31.21500015258789,31.229999542236328,8919
31.229999542236328,31.264999389648438,31.219999313354492,31.264999389648438,3924
31.280000686645508,31.280000686645508,31.260000228881836,31.260000228881836,2175
31.270000457763672,31.280000686645508,31.239999771118164,31.25,3390
31.274999618530273,31.315000534057617,31.270000457763672,31.299999237060547,9950
31.295000076293945,31.295000076293945,31.269100189208984,31.269100189208984,9616
31.25,31.264999389648438,31.238500595092773,31.260000228881836,2789
31.25,31.2549991607666,31.200000762939453,31.200000762939453,2750
31.209999084472656,31.25,31.200000762939453,31.239999771118164,5818
31.280000686645508,31.31999969482422,31.280000686645508,31.31999969482422,12874
31.309999465942383,31.309999465942383,31.260000228881836,31.260000228881836,6082
31.280000686645508,31.295000076293945,31.270000457763672,31.28499984741211,1870
31.280000686645508,31.280000686645508,31.239999771118164,31.2450008392334,16758
31.239999771118164,31.270000457763672,31.239999771118164,31.260000228881836,4147
31.266000747680664,31.266000747680664,31.229999542236328,31.2450008392334,5415
31.239999771118164,31.2450008392334,31.190000534057617,31.190000534057617,6767
31.19499969482422,31.204999923706055,31.19499969482422,31.200000762939453,7066
31.204999923706055,31.205699920654297,31.18000030517578,31.18000030517578,6790
31.190000534057617,31.239999771118164,31.190000534057617,31.239999771118164,7573
31.229999542236328,31.260000228881836,31.229999542236328,31.229999542236328,8546
31.229999542236328,31.25,31.229999542236328,31.2450008392334,2079
31.260000228881836,31.274999618530273,31.2549991607666,31.260000228881836,16103
31.260000228881836,31.309999465942383,31.25,31.309999465942383,4280
31.309999465942383,31.364999771118164,31.309999465942383,31.364999771118164,20344
31.364999771118164,31.3799991607666,31.329999923706055,31.360000610351562,13163
31.360000610351562,31.3799991607666,31.354999542236328,31.360000610351562,10483
31.360000610351562,31.375,31.309999465942383,31.34000015258789,48867
31.329999923706055,31.3799991607666,31.31730079650879,31.340099334716797,15407
31.344999313354492,31.3799991607666,31.309999465942383,31.350000381469727,29858
31.34000015258789,31.350000381469727,31.28860092163086,31.290000915527344,22968
31.299999237060547,31.3700008392334,31.295000076293945,31.364999771118164,47755
31.364999771118164,31.3700008392334,31.350000381469727,31.354999542236328,28584
31.360000610351562,31.360000610351562,31.31999969482422,31.336999893188477,31280
31.329999923706055,31.3700008392334,31.329999923706055,31.364999771118164,27744
31.364999771118164,31.3700008392334,31.280000686645508,31.280000686645508,47289
31.29,31.29,31.28,31.28,226325
31.28,31.28,31.28,31.28,0
31.28,31.28,31.28,31.28,0
31.27,31.27,31.27,31.27,0
31.28,31.28,31.28,31.28,0
31.2,31.28,31.2,31.28,0
31.38,31.38,31.38,31.38,0
31.78,31.78,31.68,31.68,0
31.2,31.2,31.2,31.2,0
31.21,31.21,31.2,31.2,0
31.5,31.5,31.5,31.5,0
31.420000076293945,31.420000076293945,31.350000381469727,31.389999389648438,13580
31.399999618530273,31.469999313354492,31.399999618530273,31.469999313354492,10002
31.43000030517578,31.440000534057617,31.420000076293945,31.43000030517578,3398
31.440000534057617,31.440000534057617,31.364999771118164,31.364999771118164,2370
31.360000610351562,31.360000610351562,31.360000610351562,31.360000610351562,562
31.360000610351562,31.360000610351562,31.360000610351562,31.360000610351562,2012
31.3700008392334,31.489999771118164,31.3700008392334,31.450000762939453,88488
31.450000762939453,31.549999237060547,31.450000762939453,31.489999771118164,28411
31.510000228881836,31.520000457763672,31.479999542236328,31.5,1309
31.469999313354492,31.469999313354492,31.420000076293945,31.420000076293945,5854
31.440000534057617,31.59000015258789,31.440000534057617,31.56999969482422,15545
31.549999237060547,31.549999237060547,31.540000915527344,31.540000915527344,2066
31.540000915527344,31.540000915527344,31.489999771118164,31.489999771118164,1748
31.5,31.510000228881836,31.479999542236328,31.479999542236328,792
31.459999084472656,31.459999084472656,31.389999389648438,31.389999389648438,1661
31.3700008392334,31.385000228881836,31.3700008392334,31.3799991607666,2481
31.31999969482422,31.31999969482422,31.309999465942383,31.309999465942383,7561
31.309999465942383,31.31999969482422,31.300100326538086,31.309999465942383,6612
31.350000381469727,31.350000381469727,31.329999923706055,31.329999923706055,1146
31.360000610351562,31.440000534057617,31.360000610351562,31.420000076293945,4721
31.43000030517578,31.43000030517578,31.3799991607666,31.3799991607666,2508
31.399999618530273,31.450000762939453,31.399999618530273,31.447200775146484,1529
31.435100555419922,31.469999313354492,31.435100555419922,31.469999313354492,1720
31.476999282836914,31.479999542236328,31.469999313354492,31.469999313354492,1926
31.469999313354492,31.469999313354492,31.469999313354492,31.469999313354492,521
31.470399856567383,31.470399856567383,31.43000030517578,31.440000534057617,6680
31.440000534057617,31.450000762939453,31.420000076293945,31.420000076293945,2394
31.3799991607666,31.3799991607666,31.360000610351562,31.3700008392334,2745
31.350000381469727,31.354999542236328,31.34000015258789,31.350000381469727,826
31.329999923706055,31.33989906311035,31.309999465942383,31.31999969482422,6574
31.329999923706055,31.34000015258789,31.299999237060547,31.299999237060547,2075
31.280000686645508,31.280000686645508,31.239999771118164,31.239999771118164,1929
31.209999084472656,31.219999313354492,31.190000534057617,31.190000534057617,4624
31.18000030517578,31.18000030517578,31.170000076293945,31.170000076293945,1822
31.200000762939453,31.200000762939453,31.18000030517578,31.190000534057617,949
31.200000762939453,31.200000762939453,31.190000534057617,31.190000534057617,711
31.219999313354492,31.25,31.219999313354492,31.25,2198
31.270000457763672,31.270000457763672,31.25,31.25,1215
31.25,31.270000457763672,31.25,31.250499725341797,3346
31.25,31.280000686645508,31.25,31.280000686645508,1396
31.329999923706055,31.329999923706055,31.329999923706055,31.329999923706055,101
31.329999923706055,31.360000610351562,31.320100784301758,31.360000610351562,3548
31.3700008392334,31.3799991607666,31.368099212646484,31.3799991607666,1687
31.360000610351562,31.360000610351562,31.34000015258789,31.350000381469727,1653
31.329999923706055,31.329999923706055,31.309999465942383,31.309999465942383,790
31.299999237060547,31.299999237060547,31.190000534057617,31.200000762939453,4134
31.18000030517578,31.18000030517578,31.09000015258789,31.09000015258789,15583
31.100000381469727,31.151100158691406,31.100000381469727,31.151100158691406,6224
31.15999984741211,31.15999984741211,31.1299991607666,31.139999389648438,1094
31.139999389648438,31.149999618530273,31.139999389648438,31.149999618530273,765
31.149999618530273,31.149999618530273,31.149999618530273,31.149999618530273,110
31.15999984741211,31.18000030517578,31.15999984741211,31.18000030517578,2202
31.149999618530273,31.15999984741211,31.1200008392334,31.149999618530273,2947
31.16699981689453,31.226999282836914,31.165000915527344,31.204999923706055,8574
31.170000076293945,31.209999084472656,31.170000076293945,31.209999084472656,1074
31.200000762939453,31.200000762939453,31.15999984741211,31.170000076293945,789
31.18000030517578,31.18000030517578,31.15999984741211,31.18000030517578,819
31.170000076293945,31.170000076293945,31.139999389648438,31.139999389648438,1476
31.139999389648438,31.18899917602539,31.1299991607666,31.18899917602539,2431
31.18000030517578,31.209999084472656,31.170000076293945,31.170000076293945,2409
31.18000030517578,31.209999084472656,31.149999618530273,31.155000686645508,6225
31.1200008392334,31.1200008392334,31.110000610351562,31.1200008392334,1196
31.1200008392334,31.1299991607666,31.09000015258789,31.09000015258789,2265
31.1200008392334,31.1200008392334,31.079999923706055,31.09000015258789,27643
31.079999923706055,31.09000015258789,31.079999923706055,31.09000015258789,1109
31.079999923706055,31.09000015258789,31.06999969482422,31.09000015258789,2445
31.100000381469727,31.1299991607666,31.099899291992188,31.1299991607666,2198
31.1200008392334,31.1299991607666,31.110000610351562,31.1200008392334,2601
31.110000610351562,31.110000610351562,31.079999923706055,31.100000381469727,2837
31.110000610351562,31.110000610351562,31.110000610351562,31.110000610351562,135
31.1299991607666,31.139999389648438,31.09000015258789,31.100000381469727,5300
31.100099563598633,31.139999389648438,31.100000381469727,31.1299991607666,3183
31.126699447631836,31.15999984741211,31.126699447631836,31.149999618530273,1218
31.149999618530273,31.190000534057617,31.149999618530273,31.18000030517578,2085
31.15999984741211,31.15999984741211,31.139999389648438,31.139999389648438,636
31.1299991607666,31.1299991607666,31.1299991607666,31.1299991607666,449
31.15489959716797,31.15489959716797,31.15489959716797,31.15489959716797,5380
31.16900062561035,31.170000076293945,31.149999618530273,31.149999618530273,3798
31.170000076293945,31.18000030517578,31.170000076293945,31.170000076293945,1983
31.170000076293945,31.170000076293945,31.149999618530273,31.15999984741211,1031
31.15999984741211,31.190000534057617,31.159000396728516,31.15999984741211,2473
31.1299991607666,31.1299991607666,31.1299991607666,31.1299991607666,593
31.1200008392334,31.1200008392334,31.11009979248047,31.114999771118164,920
31.100000381469727,31.1200008392334,31.09000015258789,31.1200008392334,1872
31.1299991607666,31.1299991607666,31.125,31.125,611
31.1200008392334,31.15999984741211,31.1200008392334,31.145000457763672,3465
31.139999389648438,31.139999389648438,31.107099533081055,31.114999771118164,2219
31.1200008392334,31.1200008392334,31.06999969482422,31.06999969482422,4291
31.079999923706055,31.079999923706055,31.030000686645508,31.079999923706055,18306
31.079999923706055,31.079999923706055,31.06999969482422,31.06999969482422,6004
31.079999923706055,31.084999084472656,31.059999465942383,31.084999084472656,931
31.09000015258789,31.1299991607666,31.079999923706055,31.1200008392334,1192
31.110000610351562,31.114999771118164,31.100000381469727,31.110000610351562,1101
31.104999542236328,31.110000610351562,31.079999923706055,31.100000381469727,6269
31.139999389648438,31.149999618530273,31.139999389648438,31.145000457763672,4415
31.149999618530273,31.149999618530273,31.100900650024414,31.100900650024414,3994
31.110000610351562,31.114999771118164,31.110000610351562,31.110000610351562,1285
31.139999389648438,31.139999389648438,31.139999389648438,31.139999389648438,834
31.1200008392334,31.139999389648438,31.1200008392334,31.139999389648438,1183
31.170000076293945,31.170000076293945,31.1299991607666,31.139999389648438,1269
31.149999618530273,31.149999618530273,31.1200008392334,31.1299991607666,3085
31.1200008392334,31.1299991607666,31.110000610351562,31.1299991607666,1966
31.134000778198242,31.149999618530273,31.134000778198242,31.149999618530273,613
31.139999389648438,31.155000686645508,31.12190055847168,31.145000457763672,1535
31.149999618530273,31.155000686645508,31.11840057373047,31.11840057373047,1429
31.1299991607666,31.1299991607666,31.114999771118164,31.1200008392334,2311
31.135000228881836,31.190000534057617,31.135000228881836,31.18000030517578,2319
31.200000762939453,31.209999084472656,31.15999984741211,31.170000076293945,1344
31.18000030517578,31.18000030517578,31.165000915527344,31.170000076293945,1752
31.18000030517578,31.200000762939453,31.18000030517578,31.184999465942383,1295
31.184999465942383,31.190000534057617,31.174999237060547,31.190000534057617,1349
31.19499969482422,31.19499969482422,31.170000076293945,31.174999237060547,366
31.18000030517578,31.189899444580078,31.18000030517578,31.189899444580078,1720
31.200000762939453,31.229999542236328,31.190099716186523,31.225000381469727,2550
31.219999313354492,31.219999313354492,31.200000762939453,31.21500015258789,1029
31.219999313354492,31.229999542236328,31.209999084472656,31.209999084472656,2384
31.219999313354492,31.229999542236328,31.219999313354492,31.229999542236328,274
31.229999542236328,31.260000228881836,31.229999542236328,31.25,2425
31.260000228881836,31.270000457763672,31.260000228881836,31.270000457763672,1021
31.260000228881836,31.264999389648438,31.243900299072266,31.243900299072266,1796
31.260000228881836,31.270000457763672,31.260000228881836,31.270000457763672,875
31.270000457763672,31.28499984741211,31.260000228881836,31.28499984741211,3093
31.280000686645508,31.290000915527344,31.280000686645508,31.280000686645508,2816
31.264999389648438,31.309999465942383,31.264999389648438,31.280000686645508,7982
31.290000915527344,31.34000015258789,31.268999099731445,31.34000015258789,18320
31.34000015258789,31.34000015258789,31.309999465942383,31.309999465942383,2545
31.34000015258789,31.34000015258789,31.329999923706055,31.329999923706055,693
31.329999923706055,31.329999923706055,31.329999923706055,31.329999923706055,259
31.34000015258789,31.34000015258789,31.34000015258789,31.34000015258789,722
31.309999465942383,31.309999465942383,31.309999465942383,31.309999465942383,186
31.31999969482422,31.34000015258789,31.31999969482422,31.329999923706055,11194
31.329999923706055,31.329999923706055,31.31999969482422,31.329999923706055,658
31.329999923706055,31.34000015258789,31.329999923706055,31.34000015258789,705
31.341400146484375,31.341400146484375,31.334999084472656,31.334999084472656,5409
31.350000381469727,31.350000381469727,31.329999923706055,31.329999923706055,1364
31.329999923706055,31.360000610351562,31.329999923706055,31.360000610351562,9299
31.34000015258789,31.358999252319336,31.34000015258789,31.358999252319336,599
31.360000610351562,31.3799991607666,31.360000610351562,31.3700008392334,2573
31.3799991607666,31.399999618530273,31.3799991607666,31.399999618530273,747
31.409000396728516,31.40999984741211,31.389999389648438,31.389999389648438,1420
31.395000457763672,31.395000457763672,31.344999313354492,31.344999313354492,1838
31.34000015258789,31.34000015258789,31.31999969482422,31.31999969482422,2643
31.31999969482422,31.32699966430664,31.315000534057617,31.323200225830078,2094
31.31999969482422,31.31999969482422,31.31999969482422,31.31999969482422,368
31.31999969482422,31.329999923706055,31.31999969482422,31.329999923706055,540
31.34000015258789,31.34000015258789,31.3125,31.3125,1067
31.329999923706055,31.360000610351562,31.329999923706055,31.360000610351562,2333
31.36009979248047,31.3700008392334,31.350000381469727,31.3700008392334,1882
31.3700008392334,31.3799991607666,31.3700008392334,31.3799991607666,1022
31.378999710083008,31.389999389648438,31.378999710083008,31.3799991607666,11157
31.389999389648438,31.399999618530273,31.389999389648438,31.399999618530273,2754
31.399999618530273,31.399999618530273,31.3799991607666,31.3799991607666,1941
31.3700008392334,31.3700008392334,31.3700008392334,31.3700008392334,507
31.366899490356445,31.3700008392334,31.350000381469727,31.350000381469727,657
31.350000381469727,31.350000381469727,31.329999923706055,31.329999923706055,1104
31.329999923706055,31.360000610351562,31.329999923706055,31.358999252319336,1343
31.350000381469727,31.360000610351562,31.350000381469727,31.360000610351562,1908
31.350000381469727,31.350000381469727,31.329999923706055,31.329999923706055,556
31.31999969482422,31.325000762939453,31.31999969482422,31.325000762939453,446
31.329999923706055,31.329999923706055,31.329999923706055,31.329999923706055,822
31.325000762939453,31.325000762939453,31.31999969482422,31.31999969482422,545
31.329999923706055,31.329999923706055,31.329999923706055,31.329999923706055,403
31.31999969482422,31.31999969482422,31.299999237060547,31.309999465942383,582
31.315000534057617,31.31999969482422,31.315000534057617,31.31999969482422,384
31.31999969482422,31.32900047302246,31.299999237060547,31.299999237060547,3690
31.309999465942383,31.309999465942383,31.292299270629883,31.292299270629883,584
31.30699920654297,31.309999465942383,31.30699920654297,31.309999465942383,360
31.309999465942383,31.315000534057617,31.309999465942383,31.309999465942383,1253
31.309999465942383,31.31999969482422,31.299999237060547,31.299999237060547,2575
31.309999465942383,31.309999465942383,31.290000915527344,31.290000915527344,1363
31.30900001525879,31.30900001525879,31.299999237060547,31.299999237060547,5353
31.290000915527344,31.290000915527344,31.290000915527344,31.290000915527344,229
31.299999237060547,31.309999465942383,31.299999237060547,31.309999465942383,1335
31.31999969482422,31.31999969482422,31.309999465942383,31.313600540161133,1393
31.31999969482422,31.31999969482422,31.31999969482422,31.31999969482422,191
31.329999923706055,31.329999923706055,31.329999923706055,31.329999923706055,400
31.329999923706055,31.349899291992188,31.31999969482422,31.347000122070312,3891
31.34000015258789,31.360000610351562,31.34000015258789,31.360000610351562,1491
31.360000610351562,31.3799991607666,31.360000610351562,31.3799991607666,1412
31.385000228881836,31.399999618530273,31.385000228881836,31.399999618530273,3624
31.395000457763672,31.399999618530273,31.389999389648438,31.395000457763672,3615
31.395000457763672,31.395000457763672,31.3700008392334,31.3700008392334,4580
31.3700008392334,31.40999984741211,31.3700008392334,31.385000228881836,5554
31.360000610351562,31.360000610351562,31.325000762939453,31.325000762939453,8510
31.32900047302246,31.334999084472656,31.32900047302246,31.334999084472656,535
31.360000610351562,31.360000610351562,31.360000610351562,31.360000610351562,346
31.3700008392334,31.378999710083008,31.3700008392334,31.378999710083008,948
31.375,31.3799991607666,31.3700008392334,31.375,2165
31.399999618530273,31.399999618530273,31.399999618530273,31.399999618530273,515
31.420000076293945,31.434999465942383,31.420000076293945,31.434999465942383,11557
31.43000030517578,31.43000030517578,31.41710090637207,31.41710090637207,1961
31.399999618530273,31.399999618530273,31.392000198364258,31.392000198364258,378
31.399999618530273,31.43000030517578,31.399999618530273,31.424999237060547,1081
31.43000030517578,31.439199447631836,31.43000030517578,31.439199447631836,2310
31.434999465942383,31.440000534057617,31.434999465942383,31.440000534057617,2271
31.440000534057617,31.440000534057617,31.43899917602539,31.43899917602539,1501
31.43910026550293,31.450000762939453,31.43000030517578,31.44059944152832,6747
31.44499969482422,31.44499969482422,31.440000534057617,31.440000534057617,462
31.43000030517578,31.4330997467041,31.421199798583984,31.4330997467041,5076
31.440000534057617,31.44499969482422,31.440000534057617,31.44499969482422,852
31.450000762939453,31.450000762939453,31.424999237060547,31.43000030517578,2732
31.424999237060547,31.424999237060547,31.420000076293945,31.420000076293945,1098
31.40999984741211,31.420000076293945,31.40999984741211,31.40999984741211,666
31.40999984741211,31.40999984741211,31.399999618530273,31.399999618530273,649
31.389999389648438,31.399999618530273,31.389999389648438,31.399999618530273,1756
31.405000686645508,31.420000076293945,31.405000686645508,31.415000915527344,857
31.415000915527344,31.415000915527344,31.389999389648438,31.389999389648438,1217
31.3799991607666,31.3799991607666,31.3700008392334,31.375,1203
31.3799991607666,31.3799991607666,31.3799991607666,31.3799991607666,681
31.405000686645508,31.40999984741211,31.405000686645508,31.405000686645508,1548
31.40999984741211,31.440000534057617,31.40999984741211,31.440000534057617,4476
31.440000534057617,31.440000534057617,31.40999984741211,31.415000915527344,1999
31.43000030517578,31.434999465942383,31.420000076293945,31.43000030517578,1583
31.430400848388672,31.430400848388672,31.420000076293945,31.420000076293945,971
31.420000076293945,31.420000076293945,31.405000686645508,31.415000915527344,34088
31.420000076293945,31.450000762939453,31.420000076293945,31.44499969482422,3543
31.440000534057617,31.459999084472656,31.440000534057617,31.454999923706055,3842
31.44499969482422,31.44499969482422,31.43000030517578,31.43000030517578,2708
31.424999237060547,31.43000030517578,31.424999237060547,31.43000030517578,760
31.440000534057617,31.44499969482422,31.40999984741211,31.40999984741211,3671
31.40999984741211,31.424999237060547,31.40999984741211,31.420000076293945,1015
31.420000076293945,31.420000076293945,31.415000915527344,31.415000915527344,526
31.40999984741211,31.40999984741211,31.40999984741211,31.40999984741211,427
31.415000915527344,31.420000076293945,31.40999984741211,31.420000076293945,1172
31.43000030517578,31.434999465942383,31.43000030517578,31.434999465942383,582
31.434999465942383,31.434999465942383,31.41390037536621,31.420000076293945,2249
31.420000076293945,31.420000076293945,31.40999984741211,31.412700653076172,3604
31.415000915527344,31.415000915527344,31.40999984741211,31.415000915527344,3170
31.415000915527344,31.415000915527344,31.399999618530273,31.399999618530273,1284
31.3700008392334,31.3700008392334,31.361000061035156,31.361000061035156,1164
31.364999771118164,31.385000228881836,31.364999771118164,31.385000228881836,1258
31.3799991607666,31.385000228881836,31.3700008392334,31.385000228881836,2720
31.388999938964844,31.388999938964844,31.3799991607666,31.3799991607666,589
31.375,31.376800537109375,31.3700008392334,31.376800537109375,831
31.375,31.38520050048828,31.375,31.385000228881836,2148
31.385000228881836,31.389999389648438,31.360000610351562,31.3700008392334,2884
31.3700008392334,31.375,31.3700008392334,31.3700008392334,2363
31.34000015258789,31.344999313354492,31.34000015258789,31.344999313354492,559
31.360000610351562,31.3700008392334,31.360000610351562,31.3700008392334,1209
31.367000579833984,31.375,31.364999771118164,31.375,1052
31.375,31.375,31.3700008392334,31.3700008392334,1222
31.375,31.389999389648438,31.3700008392334,31.3799991607666,3735
31.385000228881836,31.389999389648438,31.385000228881836,31.389999389648438,2712
31.385000228881836,31.389999389648438,31.385000228881836,31.385000228881836,702
31.385000228881836,31.385000228881836,31.360000610351562,31.364999771118164,2389
31.367000579833984,31.375,31.360000610351562,31.360000610351562,2412
31.364999771118164,31.364999771118164,31.364999771118164,31.364999771118164,201
31.3700008392334,31.3700008392334,31.3700008392334,31.3700008392334,221
31.3700008392334,31.3799991607666,31.3700008392334,31.3700008392334,3445
31.364099502563477,31.3700008392334,31.364099502563477,31.3700008392334,562
31.379899978637695,31.3799991607666,31.374000549316406,31.3799991607666,875
31.3799991607666,31.3799991607666,31.3799991607666,31.3799991607666,340
31.3799991607666,31.385000228881836,31.371000289916992,31.371000289916992,3047
31.3700008392334,31.375,31.34000015258789,31.344999313354492,2641
31.329999923706055,31.334999084472656,31.31999969482422,31.31999969482422,7840
31.309999465942383,31.309999465942383,31.229999542236328,31.239999771118164,6592
31.229999542236328,31.260000228881836,31.229999542236328,31.260000228881836,3846
31.270000457763672,31.28499984741211,31.2450008392334,31.2450008392334,3358
31.229999542236328,31.229999542236328,31.209999084472656,31.209999084472656,1149
31.190000534057617,31.200000762939453,31.190000534057617,31.200000762939453,322
31.190000534057617,31.209999084472656,31.190000534057617,31.200000762939453,2743
31.170000076293945,31.184999465942383,31.165000915527344,31.184999465942383,1051
31.170000076293945,31.204999923706055,31.165000915527344,31.200000762939453,1075
31.190000534057617,31.19499969482422,31.190000534057617,31.190000534057617,741
31.170000076293945,31.170000076293945,31.149999618530273,31.149999618530273,1527
31.149999618530273,31.200000762939453,31.1200008392334,31.15999984741211,6045
31.170000076293945,31.170000076293945,31.1299991607666,31.139999389648438,1625
31.149999618530273,31.174999237060547,31.149999618530273,31.15999984741211,3344
31.15999984741211,31.165000915527344,31.15999984741211,31.165000915527344,655
31.15999984741211,31.15999984741211,31.149999618530273,31.149999618530273,833
31.145000457763672,31.15999984741211,31.145000457763672,31.155000686645508,1970
31.139999389648438,31.139999389648438,31.1200008392334,31.1200008392334,2112
31.1200008392334,31.1200008392334,31.100000381469727,31.110000610351562,3154
31.125,31.139999389648438,31.125,31.139999389648438,813
31.139999389648438,31.165000915527344,31.1299991607666,31.1299991607666,2480
31.1200008392334,31.1200008392334,31.1200008392334,31.1200008392334,452
31.139999389648438,31.139999389648438,31.139999389648438,31.139999389648438,332
31.145099639892578,31.170000076293945,31.145099639892578,31.170000076293945,2398
31.170000076293945,31.190000534057617,31.15999984741211,31.15999984741211,6677
31.15999984741211,31.15999984741211,31.1299991607666,31.145000457763672,6357
31.139999389648438,31.139999389648438,31.104999542236328,31.110000610351562,3657
31.110000610351562,31.110000610351562,31.100000381469727,31.100000381469727,512
31.139999389648438,31.139999389648438,31.1299991607666,31.139999389648438,1347
31.1200008392334,31.139999389648438,31.1200008392334,31.1200008392334,2789
31.1200008392334,31.139999389648438,31.110000610351562,31.139999389648438,5211
31.139999389648438,31.170000076293945,31.139999389648438,31.170000076293945,5378
31.139999389648438,31.139999389648438,31.110000610351562,31.1299991607666,7560
31.139999389648438,31.139999389648438,31.139999389648438,31.139999389648438,156
31.149999618530273,31.149999618530273,31.139999389648438,31.139999389648438,1287
31.13010025024414,31.13010025024414,31.110000610351562,31.110000610351562,780
31.110000610351562,31.110000610351562,31.100000381469727,31.110000610351562,2118
31.110000610351562,31.110000610351562,31.110000610351562,31.110000610351562,782
31.100000381469727,31.104999542236328,31.09000015258789,31.104999542236328,5152
31.114999771118164,31.190000534057617,31.110000610351562,31.170000076293945,6172
31.190000534057617,31.260000228881836,31.190000534057617,31.219999313354492,8227
31.200000762939453,31.200000762939453,31.15999984741211,31.15999984741211,1115
31.18000030517578,31.18000030517578,31.15999984741211,31.18000030517578,2640
31.200000762939453,31.200000762939453,31.18000030517578,31.184999465942383,3837
31.19499969482422,31.19499969482422,31.174999237060547,31.184999465942383,2657
31.184999465942383,31.239999771118164,31.184999465942383,31.235000610351562,2419
31.239999771118164,31.239999771118164,31.221599578857422,31.229999542236328,1461
31.219999313354492,31.229999542236328,31.219999313354492,31.229999542236328,833
31.209999084472656,31.219999313354492,31.18000030517578,31.184999465942383,2384
31.209999084472656,31.219999313354492,31.209999084472656,31.219999313354492,255
31.214000701904297,31.214000701904297,31.214000701904297,31.214000701904297,363
31.239999771118164,31.260000228881836,31.239999771118164,31.260000228881836,810
31.270000457763672,31.270000457763672,31.25,31.25,903
31.239999771118164,31.239999771118164,31.208999633789062,31.219999313354492,11339
31.204999923706055,31.229999542236328,31.204999923706055,31.227800369262695,1913
31.219999313354492,31.239999771118164,31.219999313354492,31.239999771118164,1218
31.219999313354492,31.219999313354492,31.219999313354492,31.219999313354492,1583
31.239999771118164,31.239999771118164,31.209999084472656,31.209999084472656,1355
31.20199966430664,31.20199966430664,31.18000030517578,31.18000030517578,4987
31.18000030517578,31.19499969482422,31.170000076293945,31.19499969482422,1010
31.200000762939453,31.25,31.200000762939453,31.25,1306
31.260000228881836,31.295000076293945,31.260000228881836,31.295000076293945,4270
31.309999465942383,31.31999969482422,31.309999465942383,31.309999465942383,1318
31.309999465942383,31.309999465942383,31.270000457763672,31.270000457763672,1914
31.270000457763672,31.290000915527344,31.270000457763672,31.28380012512207,1391
31.280000686645508,31.295000076293945,31.280000686645508,31.295000076293945,1422
31.309999465942383,31.31999969482422,31.309999465942383,31.31999969482422,6144
31.309999465942383,31.309999465942383,31.299999237060547,31.309999465942383,885
31.329999923706055,31.360000610351562,31.329999923706055,31.34000015258789,3108
31.339599609375,31.34000015258789,31.329999923706055,31.329999923706055,6994
31.34000015258789,31.350000381469727,31.329999923706055,31.344999313354492,2422
31.329999923706055,31.329999923706055,31.31999969482422,31.329999923706055,1227
31.329999923706055,31.34000015258789,31.31999969482422,31.329999923706055,2580
31.31999969482422,31.31999969482422,31.31999969482422,31.31999969482422,1112
31.350000381469727,31.350000381469727,31.31999969482422,31.325000762939453,1184
31.309999465942383,31.309999465942383,31.25,31.25,6901
31.239999771118164,31.239999771118164,31.239999771118164,31.239999771118164,963
31.239999771118164,31.249000549316406,31.229999542236328,31.2450008392334,1345
31.25,31.297000885009766,31.25,31.290000915527344,4150
31.309999465942383,31.31999969482422,31.299999237060547,31.299999237060547,1728
31.309999465942383,31.319000244140625,31.264999389648438,31.279600143432617,4064
31.280000686645508,31.280000686645508,31.270000457763672,31.270000457763672,1749
31.270000457763672,31.299999237060547,31.270000457763672,31.290000915527344,1506
31.274999618530273,31.290000915527344,31.274999618530273,31.290000915527344,1481
31.290000915527344,31.309999465942383,31.280000686645508,31.309999465942383,1671
31.309999465942383,31.309999465942383,31.280000686645508,31.280000686645508,2349
31.270000457763672,31.270000457763672,31.239999771118164,31.239999771118164,1697
31.229999542236328,31.239999771118164,31.209999084472656,31.239999771118164,1535
31.229999542236328,31.229999542236328,31.229999542236328,31.229999542236328,713
31.225000381469727,31.239999771118164,31.225000381469727,31.225000381469727,709
31.209999084472656,31.229999542236328,31.200000762939453,31.229999542236328,4097
31.219999313354492,31.239999771118164,31.209999084472656,31.239999771118164,2565
31.239999771118164,31.260000228881836,31.235000610351562,31.25,1897
31.25,31.309999465942383,31.239999771118164,31.309999465942383,2841
31.315000534057617,31.399999618530273,31.315000534057617,31.360000610351562,29299
31.34000015258789,31.34000015258789,31.31999969482422,31.34000015258789,4027
31.34000015258789,31.34000015258789,31.329999923706055,31.329999923706055,1227
31.31999969482422,31.349899291992188,31.290000915527344,31.309999465942383,12625
31.329999923706055,31.3700008392334,31.329999923706055,31.360000610351562,23586
31.350000381469727,31.350000381469727,31.334999084472656,31.350000381469727,5777
31.329999923706055,31.3799991607666,31.309999465942383,31.3700008392334,4716
31.3700008392334,31.3700008392334,31.33989906311035,31.360000610351562,4705
31.360000610351562,31.364999771118164,31.350000381469727,31.360000610351562,1285
31.3700008392334,31.3700008392334,31.34000015258789,31.350000381469727,1398
31.354999542236328,31.3700008392334,31.350000381469727,31.3700008392334,2181
31.360000610351562,31.360000610351562,31.344999313354492,31.350000381469727,1428
31.34000015258789,31.360000610351562,31.334999084472656,31.350000381469727,3261
31.350000381469727,31.354999542236328,31.34000015258789,31.350000381469727,2485
31.34000015258789,31.344999313354492,31.329999923706055,31.34000015258789,3343
31.350000381469727,31.350000381469727,31.309999465942383,31.309999465942383,1812
31.325000762939453,31.34000015258789,31.325000762939453,31.34000015258789,1392
31.329999923706055,31.334999084472656,31.329999923706055,31.329999923706055,2531
31.31999969482422,31.329999923706055,31.31999969482422,31.329999923706055,2417
31.31999969482422,31.31999969482422,31.299999237060547,31.309999465942383,1913
31.31999969482422,31.350000381469727,31.31999969482422,31.344999313354492,6431
31.344999313354492,31.344999313354492,31.290000915527344,31.290000915527344,3628
31.260000228881836,31.274999618530273,31.2549991607666,31.274999618530273,8105
31.290000915527344,31.34000015258789,31.290000915527344,31.334999084472656,6775
31.34000015258789,31.3799991607666,31.34000015258789,31.3700008392334,6683
31.360000610351562,31.3799991607666,31.344999313354492,31.350000381469727,3627
31.350000381469727,31.350000381469727,31.225000381469727,31.25,15430
31.25,31.290000915527344,31.2450008392334,31.264999389648438,10554
31.264999389648438,31.274999618530273,31.2549991607666,31.270000457763672,4509
31.270000457763672,31.270000457763672,31.2450008392334,31.25,6782
31.25,31.295000076293945,31.2450008392334,31.295000076293945,6773
31.290000915527344,31.34000015258789,31.280000686645508,31.315000534057617,13393
31.309999465942383,31.315000534057617,31.299999237060547,31.30500030517578,8622
31.30500030517578,31.334999084472656,31.299999237060547,31.31999969482422,12237
31.31999969482422,31.31999969482422,31.309999465942383,31.31999969482422,14453
31.329999923706055,31.334999084472656,31.290000915527344,31.299999237060547,30897
31.3,31.3,31.3,31.3,106353
31.89,31.89,31.89,31.89,0
31.75,31.85,31.75,31.85,0
31.89,31.89,31.89,31.89,0
31.8,31.8,31.8,31.8,0
31.8,31.8,31.8,31.8,0
31.8,31.8,31.8,31.8,0
31.90999984741211,31.920000076293945,31.850000381469727,31.8700008392334,8703
31.93000030517578,31.93000030517578,31.93000030517578,31.93000030517578,269
31.979999542236328,32.0,31.93000030517578,31.959999084472656,7451
31.969999313354492,31.989999771118164,31.920000076293945,31.920000076293945,15411
31.93000030517578,31.93000030517578,31.90999984741211,31.90999984741211,727
31.899999618530273,31.900999069213867,31.899999618530273,31.900999069213867,432
31.93000030517578,31.93000030517578,31.920000076293945,31.920000076293945,727
31.90999984741211,31.954999923706055,31.900999069213867,31.900999069213867,2468
31.889999389648438,31.940000534057617,31.8799991607666,31.93000030517578,2094
31.93000030517578,31.940000534057617,31.920000076293945,31.93000030517578,1958
31.92020034790039,31.93000030517578,31.920000076293945,31.93000030517578,742
31.950000762939453,31.979999542236328,31.950000762939453,31.979999542236328,3724
31.959999084472656,31.969999313354492,31.950000762939453,31.969999313354492,1364
31.940000534057617,31.959999084472656,31.940000534057617,31.959999084472656,2932
32.029998779296875,32.029998779296875,32.029998779296875,32.029998779296875,124
32.040000915527344,32.04999923706055,32.040000915527344,32.040000915527344,2955
32.040000915527344,32.040000915527344,32.0,32.0,1154
31.989999771118164,31.989999771118164,31.954999923706055,31.960100173950195,7458
31.940000534057617,31.969999313354492,31.8799991607666,31.889999389648438,1848
31.8799991607666,31.889999389648438,31.8799991607666,31.889999389648438,935
31.93000030517578,31.93000030517578,31.8799991607666,31.88129997253418,659
31.84000015258789,31.8799991607666,31.84000015258789,31.8799991607666,1411
31.90999984741211,31.90999984741211,31.860000610351562,31.8799991607666,1608
31.899999618530273,31.920000076293945,31.899999618530273,31.920000076293945,325
31.920000076293945,31.950000762939453,31.920000076293945,31.950000762939453,6285
31.954999923706055,31.954999923706055,31.940500259399414,31.940500259399414,1500
31.940000534057617,31.950000762939453,31.90999984741211,31.90999984741211,2219
31.90999984741211,31.940099716186523,31.90999984741211,31.940000534057617,1275
31.940000534057617,31.959999084472656,31.940000534057617,31.959999084472656,1030
31.954999923706055,31.954999923706055,31.950000762939453,31.950000762939453,882
31.92799949645996,31.92799949645996,31.90999984741211,31.920000076293945,900
31.899999618530273,31.93000030517578,31.861000061035156,31.889999389648438,22561
31.8700008392334,31.889999389648438,31.8700008392334,31.889999389648438,541
31.88330078125,31.889999389648438,31.8799991607666,31.889999389648438,994
31.920000076293945,31.920000076293945,31.889999389648438,31.889999389648438,465
31.899999618530273,31.90999984741211,31.899999618530273,31.90999984741211,2168
31.90999984741211,31.90999984741211,31.90999984741211,31.90999984741211,1749
31.8799991607666,31.8799991607666,31.8700008392334,31.8700008392334,3352
31.8700008392334,31.8700008392334,31.850000381469727,31.864999771118164,1213
31.8700008392334,31.8799991607666,31.8700008392334,31.875,2224
31.8799991607666,31.8799991607666,31.860000610351562,31.860000610351562,768
31.850000381469727,31.850000381469727,31.81999969482422,31.84000015258789,1822
31.850000381469727,31.860000610351562,31.850000381469727,31.860000610351562,1583
31.850000381469727,31.860000610351562,31.850000381469727,31.860000610351562,813
31.834999084472656,31.844900131225586,31.834999084472656,31.844900131225586,1646
31.850000381469727,31.850000381469727,31.850000381469727,31.850000381469727,191
31.829999923706055,31.829999923706055,31.81999969482422,31.829999923706055,1517
31.829999923706055,31.829999923706055,31.829999923706055,31.829999923706055,289
31.822999954223633,31.829999923706055,31.822999954223633,31.829999923706055,1433
31.844999313354492,31.85700035095215,31.844999313354492,31.85700035095215,577
31.860000610351562,31.860000610351562,31.860000610351562,31.860000610351562,670
31.879899978637695,31.879899978637695,31.8700008392334,31.8700008392334,708
31.8799991607666,31.889999389648438,31.8799991607666,31.88010025024414,3079
31.875,31.889999389648438,31.875,31.889999389648438,602
31.90999984741211,31.93000030517578,31.90999984741211,31.93000030517578,914
31.93000030517578,31.93000030517578,31.93000030517578,31.93000030517578,244
31.93000030517578,31.934999465942383,31.924999237060547,31.934999465942383,1545
31.93000030517578,31.940000534057617,31.920000076293945,31.940000534057617,1301
31.940000534057617,31.940000534057617,31.940000534057617,31.940000534057617,258
31.940000534057617,31.940000534057617,31.940000534057617,31.940000534057617,438
31.940000534057617,31.979999542236328,31.940000534057617,31.979999542236328,1983
31.979999542236328,32.02000045776367,31.979999542236328,31.9950008392334,14619
32.0,32.00709915161133,32.0,32.00709915161133,545
32.0099983215332,32.0099983215332,32.0,32.0,619
32.0099983215332,32.0099983215332,32.0099983215332,32.0099983215332,381
32.0099983215332,32.0099983215332,32.0,32.005001068115234,1236
32.005001068115234,32.005001068115234,31.9950008392334,31.9950008392334,511
31.9950008392334,31.9950008392334,31.989999771118164,31.989999771118164,1298
31.985700607299805,31.985700607299805,31.979999542236328,31.979999542236328,623
31.979999542236328,31.979999542236328,31.979999542236328,31.979999542236328,314
31.9950008392334,32.0099983215332,31.9950008392334,32.0099983215332,1528
32.01499938964844,32.01969909667969,32.01499938964844,32.01969909667969,2442
32.01499938964844,32.01499938964844,32.01499938964844,32.01499938964844,200
32.01499938964844,32.01499938964844,32.005001068115234,32.005001068115234,1017
32.0,32.0,31.985000610351562,31.988399505615234,3229
31.989700317382812,31.989999771118164,31.984699249267578,31.989999771118164,3157
31.979999542236328,31.989999771118164,31.975000381469727,31.989999771118164,606
31.989999771118164,32.0,31.985000610351562,31.985000610351562,2032
31.985000610351562,31.989999771118164,31.979999542236328,31.989999771118164,1761
31.984699249267578,31.984699249267578,31.979999542236328,31.979999542236328,773
31.959999084472656,31.959999084472656,31.950000762939453,31.950000762939453,1434
31.93000030517578,31.934999465942383,31.920000076293945,31.920000076293945,619
31.923599243164062,31.924999237060547,31.920000076293945,31.920000076293945,5166
31.924999237060547,31.934999465942383,31.920000076293945,31.934999465942383,2058
31.940000534057617,31.940000534057617,31.940000534057617,31.940000534057617,581
31.93000030517578,31.93000030517578,31.90999984741211,31.90999984741211,551
31.920000076293945,31.940000534057617,31.920000076293945,31.940000534057617,1266
31.940000534057617,31.950000762939453,31.940000534057617,31.950000762939453,1842
31.94499969482422,31.94499969482422,31.940000534057617,31.940000534057617,769
31.940000534057617,31.940000534057617,31.90999984741211,31.90999984741211,1560
31.899999618530273,31.934999465942383,31.899999618530273,31.934999465942383,1223
31.934999465942383,31.950000762939453,31.934999465942383,31.950000762939453,1109
31.93000030517578,31.93000030517578,31.93000030517578,31.93000030517578,225
31.950000762939453,31.950000762939453,31.950000762939453,31.950000762939453,334
31.940000534057617,31.940000534057617,31.93000030517578,31.93000030517578,2167
31.920000076293945,31.920000076293945,31.920000076293945,31.920000076293945,505
31.905000686645508,31.905000686645508,31.905000686645508,31.905000686645508,290
31.90999984741211,31.90999984741211,31.899999618530273,31.899999618530273,1501
31.90999984741211,31.920000076293945,31.90999984741211,31.920000076293945,675
31.924999237060547,31.940000534057617,31.924999237060547,31.940000534057617,1211
31.950000762939453,31.959999084472656,31.950000762939453,31.959999084472656,2500
31.966299057006836,31.966299057006836,31.938800811767578,31.940000534057617,1093
31.93000030517578,31.93000030517578,31.93000030517578,31.93000030517578,470
31.920000076293945,31.93000030517578,31.920000076293945,31.924999237060547,932
31.950000762939453,31.950000762939453,31.94499969482422,31.94499969482422,517
31.940000534057617,31.950000762939453,31.940000534057617,31.950000762939453,3109
31.959999084472656,31.959999084472656,31.959999084472656,31.959999084472656,797
31.969999313354492,31.985000610351562,31.969999313354492,31.985000610351562,329
31.989999771118164,31.989999771118164,31.989999771118164,31.989999771118164,444
31.989999771118164,31.989999771118164,31.985000610351562,31.985000610351562,1408
31.989999771118164,32.0,31.98900032043457,31.989999771118164,2413
31.99340057373047,31.99340057373047,31.989999771118164,31.989999771118164,936
31.989999771118164,31.989999771118164,31.989999771118164,31.989999771118164,101
31.989999771118164,31.989999771118164,31.989999771118164,31.989999771118164,1418
31.9950008392334,31.9950008392334,31.985000610351562,31.989999771118164,1742
31.980100631713867,31.989999771118164,31.980100631713867,31.989999771118164,682
31.9950008392334,31.9950008392334,31.989999771118164,31.989999771118164,465
31.985000610351562,31.989999771118164,31.985000610351562,31.989999771118164,645
31.9950008392334,32.0,31.993999481201172,32.0,2873
31.989999771118164,31.989999771118164,31.979999542236328,31.979999542236328,1292
32.0,32.0099983215332,32.0,32.0099983215332,4108
32.005001068115234,32.0098991394043,32.005001068115234,32.0098991394043,983
31.9950008392334,31.9950008392334,31.9950008392334,31.9950008392334,427
31.9950008392334,32.0,31.9950008392334,32.0,425
31.989999771118164,31.989999771118164,31.979999542236328,31.989999771118164,1996
31.989999771118164,31.989999771118164,31.989999771118164,31.989999771118164,429
32.0,32.0,32.0,32.0,1602
31.985000610351562,31.985000610351562,31.985000610351562,31.985000610351562,206
31.985000610351562,31.989999771118164,31.985000610351562,31.989999771118164,659
31.989999771118164,32.0,31.989999771118164,32.0,860
32.0,32.0,31.9950008392334,31.9950008392334,1369
32.005001068115234,32.005001068115234,32.0,32.0,700
31.9950008392334,31.9950008392334,31.989999771118164,31.989999771118164,878
31.9950008392334,31.9950008392334,31.979999542236328,31.979999542236328,432
31.985000610351562,31.985000610351562,31.985000610351562,31.985000610351562,1077
31.989999771118164,31.989999771118164,31.969999313354492,31.969999313354492,5681
31.969999313354492,31.969999313354492,31.969999313354492,31.969999313354492,311
31.959999084472656,31.959999084472656,31.950000762939453,31.950000762939453,2297
31.94499969482422,31.950000762939453,31.94499969482422,31.950000762939453,1211
31.940000534057617,31.940000534057617,31.940000534057617,31.940000534057617,2120
31.950000762939453,31.959999084472656,31.950000762939453,31.959999084472656,782
31.954999923706055,31.954999923706055,31.924999237060547,31.924999237060547,639
31.915000915527344,31.920000076293945,31.915000915527344,31.920000076293945,1270
31.920000076293945,31.920000076293945,31.920000076293945,31.920000076293945,1082
31.905000686645508,31.924999237060547,31.905000686645508,31.924999237060547,26623
31.93000030517578,31.950000762939453,31.93000030517578,31.94499969482422,1851
31.94499969482422,31.96500015258789,31.94499969482422,31.959999084472656,836
31.975000381469727,31.975000381469727,31.969999313354492,31.969999313354492,1867
31.969999313354492,31.969999313354492,31.969999313354492,31.969999313354492,587
31.969999313354492,32.0,31.969999313354492,32.0,1669
31.9950008392334,32.0,31.9950008392334,32.0,5493
32.0,32.0,31.985000610351562,31.985000610351562,604
31.985000610351562,31.985000610351562,31.979999542236328,31.979999542236328,1426
31.985000610351562,31.985000610351562,31.972000122070312,31.972000122070312,250
31.979999542236328,31.985000610351562,31.975000381469727,31.985000610351562,1017
31.989999771118164,31.989999771118164,31.985000610351562,31.985000610351562,729
31.975000381469727,31.975000381469727,31.954999923706055,31.959999084472656,3674
31.954999923706055,31.954999923706055,31.954999923706055,31.954999923706055,130
31.959999084472656,31.969999313354492,31.959999084472656,31.969999313354492,2025
31.96500015258789,31.96500015258789,31.96500015258789,31.96500015258789,620
31.954999923706055,31.954999923706055,31.954999923706055,31.954999923706055,164
31.954999923706055,31.954999923706055,31.954999923706055,31.954999923706055,218
31.950000762939453,31.950000762939453,31.93000030517578,31.934999465942383,2608
31.934999465942383,31.940000534057617,31.927499771118164,31.927499771118164,759
31.920000076293945,31.924999237060547,31.90999984741211,31.90999984741211,1724
31.899999618530273,31.899999618530273,31.899999618530273,31.899999618530273,308
31.8799991607666,31.885499954223633,31.8799991607666,31.885499954223633,548
31.885000228881836,31.889999389648438,31.875,31.875,4078
31.8799991607666,31.8799991607666,31.850000381469727,31.850000381469727,1353
31.84000015258789,31.860000610351562,31.84000015258789,31.860000610351562,1104
31.860000610351562,31.870100021362305,31.860000610351562,31.860000610351562,2582
31.860000610351562,31.877399444580078,31.860000610351562,31.8700008392334,1540
31.875,31.8799991607666,31.875,31.8799991607666,326
31.889999389648438,31.889999389648438,31.889999389648438,31.889999389648438,777
31.895000457763672,31.90999984741211,31.895000457763672,31.899999618530273,12996
31.899999618530273,31.920000076293945,31.899999618530273,31.915000915527344,1264
31.905000686645508,31.920000076293945,31.905000686645508,31.920000076293945,7522
31.920000076293945,31.920000076293945,31.90999984741211,31.915000915527344,3157
31.9158992767334,31.920000076293945,31.90999984741211,31.920000076293945,1251
31.920000076293945,31.920000076293945,31.920000076293945,31.920000076293945,1788
31.915000915527344,31.915000915527344,31.915000915527344,31.915000915527344,791
31.920000076293945,31.954999923706055,31.920000076293945,31.950000762939453,2766
31.954999923706055,31.959999084472656,31.954999923706055,31.959999084472656,447
31.950000762939453,31.950000762939453,31.950000762939453,31.950000762939453,854
31.950000762939453,31.950000762939453,31.950000762939453,31.950000762939453,931
31.94499969482422,31.94499969482422,31.94499969482422,31.94499969482422,166
31.94300079345703,31.94499969482422,31.940000534057617,31.94499969482422,2357
31.950000762939453,31.959999084472656,31.950000762939453,31.959999084472656,1304
31.959999084472656,31.959999084472656,31.954999923706055,31.959999084472656,1876
31.950000762939453,31.950000762939453,31.940000534057617,31.94499969482422,3739
31.94499969482422,31.94499969482422,31.94499969482422,31.94499969482422,338
31.950000762939453,31.950000762939453,31.934999465942383,31.950000762939453,3107
31.950000762939453,31.954999923706055,31.950000762939453,31.954999923706055,795
31.954999923706055,31.959999084472656,31.954999923706055,31.954999923706055,1202
31.954999923706055,31.959999084472656,31.954999923706055,31.959999084472656,780
31.969999313354492,31.969999313354492,31.950000762939453,31.950000762939453,4324
31.940000534057617,31.94499969482422,31.940000534057617,31.94499969482422,2477
31.950000762939453,31.950000762939453,31.94499969482422,31.94499969482422,2210
31.950000762939453,31.950000762939453,31.934999465942383,31.94499969482422,3673
31.950000762939453,31.96500015258789,31.950000762939453,31.96500015258789,1196
31.969999313354492,31.969999313354492,31.96500015258789,31.969999313354492,1520
31.975000381469727,31.9950008392334,31.975000381469727,31.9950008392334,8139
31.9950008392334,32.02000045776367,31.989999771118164,32.0,9113
32.0,32.0,31.9950008392334,31.999000549316406,12257
32.0,32.0,31.989999771118164,31.989999771118164,5071
31.989999771118164,31.989999771118164,31.979999542236328,31.989999771118164,1690
31.998600006103516,32.0,31.9950008392334,32.0,2526
32.0,32.0,31.9960994720459,32.0,813
32.0,32.005001068115234,32.0,32.005001068115234,3415
32.00559997558594,32.01499938964844,32.0,32.01499938964844,3255
32.0172004699707,32.02000045776367,32.0099983215332,32.0099983215332,3361
32.0098991394043,32.0098991394043,32.0,32.007198333740234,1891
32.0099983215332,32.02000045776367,32.0099983215332,32.0099983215332,2121
32.0099983215332,32.0099983215332,32.005001068115234,32.005001068115234,2878
32.0099983215332,32.02000045776367,32.0099983215332,32.01499938964844,2623
32.01499938964844,32.01499938964844,32.0099983215332,32.010101318359375,2778
32.01499938964844,32.025001525878906,32.01499938964844,32.025001525878906,2378
32.025001525878906,32.029998779296875,32.025001525878906,32.025001525878906,6406
32.025001525878906,32.025001525878906,32.005001068115234,32.0099983215332,7959
32.01499938964844,32.025001525878906,32.01499938964844,32.025001525878906,1438
32.029998779296875,32.029998779296875,32.02000045776367,32.02000045776367,10085
32.029998779296875,32.029998779296875,32.025001525878906,32.025001525878906,1095
32.025001525878906,32.029998779296875,32.02000045776367,32.025001525878906,3717
32.025001525878906,32.025001525878906,32.025001525878906,32.025001525878906,1285
32.029998779296875,32.03850173950195,32.025001525878906,32.03499984741211,2143
32.03499984741211,32.03499984741211,32.029998779296875,32.03499984741211,7114
32.029998779296875,32.029998779296875,32.029998779296875,32.029998779296875,200
32.029998779296875,32.029998779296875,32.029998779296875,32.029998779296875,210
32.03499984741211,32.03499984741211,32.03499984741211,32.03499984741211,798
32.040000915527344,32.04999923706055,32.040000915527344,32.04499816894531,14346
32.04499816894531,32.04999923706055,32.040000915527344,32.040000915527344,7454
32.03499984741211,32.040000915527344,32.03499984741211,32.040000915527344,640
32.03499984741211,32.040000915527344,32.029998779296875,32.040000915527344,411
32.040000915527344,32.08000183105469,32.040000915527344,32.064998626708984,18369
32.06999969482422,32.06999969482422,32.02000045776367,32.040000915527344,8107
32.04499816894531,32.04499816894531,32.040000915527344,32.040000915527344,5154
32.04499816894531,32.04600143432617,32.04100036621094,32.04600143432617,2083
32.040000915527344,32.040401458740234,32.03499984741211,32.040401458740234,7371
32.040000915527344,32.040000915527344,32.01499938964844,32.02000045776367,2980
32.025001525878906,32.029998779296875,32.0099983215332,32.0099983215332,9637
32.0281982421875,32.029998779296875,32.02000045776367,32.029998779296875,1954
32.025001525878906,32.029998779296875,32.02000045776367,32.02000045776367,3724
32.025001525878906,32.029998779296875,32.02170181274414,32.028900146484375,3249
32.025001525878906,32.03499984741211,32.025001525878906,32.029998779296875,3251
32.040000915527344,32.06999969482422,32.040000915527344,32.06999969482422,7830
32.060001373291016,32.06999969482422,32.060001373291016,32.060001373291016,1483
32.04999923706055,32.059898376464844,32.04999923706055,32.059898376464844,913
32.060001373291016,32.08000183105469,32.060001373291016,32.08000183105469,2006
32.085601806640625,32.09000015258789,32.084999084472656,32.09000015258789,3229
32.09000015258789,32.095001220703125,32.09000015258789,32.095001220703125,1532
32.09000015258789,32.11000061035156,32.09000015258789,32.11000061035156,3276
32.099998474121094,32.099998474121094,32.099998474121094,32.099998474121094,1551
32.10499954223633,32.11000061035156,32.084999084472656,32.10020065307617,8521
32.10260009765625,32.20000076293945,32.10260009765625,32.189998626708984,7993
32.15999984741211,32.15999984741211,32.119998931884766,32.125,4229
32.150001525878906,32.15999984741211,32.040000915527344,32.060001373291016,6768
32.060001373291016,32.119998931884766,32.060001373291016,32.09000015258789,3747
32.099998474121094,32.15999984741211,32.099998474121094,32.14500045776367,4602
32.154998779296875,32.15999984741211,32.099998474121094,32.130001068115234,3026
32.119998931884766,32.119998931884766,32.09000015258789,32.099998474121094,1497
32.099998474121094,32.13999938964844,32.099998474121094,32.130001068115234,2855
32.119998931884766,32.16999816894531,32.119998931884766,32.15999984741211,2666
32.17499923706055,32.17499923706055,32.14500045776367,32.150001525878906,5742
32.150001525878906,32.154998779296875,32.11000061035156,32.1150016784668,4951
32.119998931884766,32.13999938964844,32.11790084838867,32.13999938964844,5168
32.154998779296875,32.154998779296875,32.10499954223633,32.11000061035156,3991
32.130001068115234,32.150001525878906,32.1150016784668,32.13999938964844,3160
32.13999938964844,32.16999816894531,32.130001068115234,32.16999816894531,1780
32.18000030517578,32.220001220703125,32.18000030517578,32.209999084472656,6394
32.20000076293945,32.20500183105469,32.16999816894531,32.20000076293945,6254
32.189998626708984,32.21139907836914,32.189998626708984,32.21139907836914,4120
32.21500015258789,32.2400016784668,32.21500015258789,32.23500061035156,10127
32.23780059814453,32.2599983215332,32.23780059814453,32.244998931884766,10466
32.2400016784668,32.2400016784668,32.22999954223633,32.23500061035156,1622
32.2400016784668,32.290000915527344,32.2400016784668,32.28499984741211,7572
32.279998779296875,32.29999923706055,32.2599983215332,32.275001525878906,4700
32.275001525878906,32.28710174560547,32.27000045776367,32.28710174560547,4054
32.28499984741211,32.290000915527344,32.28499984741211,32.290000915527344,1557
32.290000915527344,32.290000915527344,32.2400016784668,32.2400016784668,21041
32.220001220703125,32.255001068115234,32.220001220703125,32.255001068115234,1643
32.255001068115234,32.2599983215332,32.25,32.25019836425781,3654
32.255001068115234,32.26499938964844,32.25,32.25,5846
32.25,32.2599983215332,32.25,32.25,3169
32.27000045776367,32.30500030517578,32.27000045776367,32.290000915527344,6086
32.27000045776367,32.290000915527344,32.244998931884766,32.25510025024414,38658
32.2599983215332,32.279998779296875,32.2599983215332,32.279998779296875,2542
32.275001525878906,32.275001525878906,32.2400016784668,32.2400016784668,6222
32.23899841308594,32.24909973144531,32.23899841308594,32.240501403808594,6366
32.25,32.2599983215332,32.244998931884766,32.255001068115234,3463
32.25,32.25,32.220001220703125,32.229000091552734,8126
32.22999954223633,32.23500061035156,32.22999954223633,32.23059844970703,2132
32.22999954223633,32.22999954223633,32.209999084472656,32.22999954223633,3882
32.224998474121094,32.255001068115234,32.220001220703125,32.255001068115234,3665
32.244998931884766,32.244998931884766,32.23500061035156,32.23500061035156,2646
32.22999954223633,32.22999954223633,32.20500183105469,32.209999084472656,4076
32.209999084472656,32.220001220703125,32.20500183105469,32.21500015258789,1421
32.220001220703125,32.23500061035156,32.220001220703125,32.220001220703125,2509
32.220001220703125,32.22999954223633,32.220001220703125,32.224998474121094,1407
32.224998474121094,32.22999954223633,32.224998474121094,32.22999954223633,2991
32.25749969482422,32.2599983215332,32.255001068115234,32.2599983215332,1229
32.255001068115234,32.255001068115234,32.25,32.255001068115234,1510
32.25,32.25,32.220001220703125,32.22999954223633,3427
32.224998474121094,32.244998931884766,32.224998474121094,32.2400016784668,4088
32.2400016784668,32.2400016784668,32.22999954223633,32.23740005493164,2225
32.2400016784668,32.25,32.23500061035156,32.25,4373
32.25,32.25,32.2400016784668,32.25,1886
32.2599983215332,32.29999923706055,32.2599983215332,32.29999923706055,9235
32.290000915527344,32.290000915527344,32.27000045776367,32.27000045776367,4570
32.27000045776367,32.29999923706055,32.27000045776367,32.29999923706055,2921
32.29999923706055,32.314998626708984,32.29499816894531,32.310001373291016,5038
32.31999969482422,32.33000183105469,32.310001373291016,32.33000183105469,4170
32.32500076293945,32.32500076293945,32.321998596191406,32.32500076293945,1918
32.33000183105469,32.349998474121094,32.33000183105469,32.345001220703125,6444
32.349998474121094,32.36000061035156,32.34000015258789,32.35499954223633,7107
32.349998474121094,32.359901428222656,32.34000015258789,32.34000015258789,7115
32.33000183105469,32.34000015258789,32.33000183105469,32.334999084472656,2407
32.334999084472656,32.380001068115234,32.334999084472656,32.375,5149
32.38999938964844,32.415000915527344,32.38999938964844,32.400001525878906,8163
32.404998779296875,32.404998779296875,32.38999938964844,32.400001525878906,2619
32.40999984741211,32.44499969482422,32.404998779296875,32.40999984741211,12436
32.41299819946289,32.415000915527344,32.38999938964844,32.40999984741211,3008
32.415000915527344,32.435001373291016,32.415000915527344,32.41999816894531,5834
32.41999816894531,32.43000030517578,32.380001068115234,32.38999938964844,11616
32.38999938964844,32.40999984741211,32.3849983215332,32.404998779296875,5818
32.404998779296875,32.415000915527344,32.39500045776367,32.415000915527344,3732
32.40999984741211,32.40999984741211,32.380001068115234,32.38999938964844,4875
32.39500045776367,32.400001525878906,32.38999938964844,32.39500045776367,2482
32.39500045776367,32.40999984741211,32.39500045776367,32.400001525878906,2413
32.400001525878906,32.400001525878906,32.36000061035156,32.380001068115234,11552
32.369998931884766,32.369998931884766,32.349998474121094,32.369998931884766,4113
32.369998931884766,32.38999938964844,32.369998931884766,32.38999938964844,3141
32.380001068115234,32.380001068115234,32.369998931884766,32.370601654052734,2671
32.375,32.40999984741211,32.375,32.40999984741211,5149
32.404998779296875,32.404998779296875,32.400001525878906,32.404998779296875,1121
32.400001525878906,32.400001525878906,32.380001068115234,32.400001525878906,8646
32.400001525878906,32.40060043334961,32.349998474121094,32.349998474121094,8569
32.36000061035156,32.369998931884766,32.35499954223633,32.36000061035156,3968
32.3650016784668,32.3650016784668,32.349998474121094,32.36000061035156,6343
32.349998474121094,32.3849983215332,32.349998474121094,32.3650016784668,5380
32.36000061035156,32.36000061035156,32.34000015258789,32.34000015258789,3957
32.33000183105469,32.334999084472656,32.33000183105469,32.334999084472656,1103
32.33000183105469,32.33000183105469,32.33000183105469,32.33000183105469,1695
32.33000183105469,32.34000015258789,32.33000183105469,32.34000015258789,2320
32.349998474121094,32.349998474121094,32.31999969482422,32.334999084472656,6770
32.334999084472656,32.334999084472656,32.32500076293945,32.32500076293945,2021
32.33000183105469,32.33000183105469,32.29499816894531,32.29499816894531,5138
32.29999923706055,32.30500030517578,32.290000915527344,32.30500030517578,2402
32.30500030517578,32.310001373291016,32.30220031738281,32.310001373291016,2729
32.310001373291016,32.31999969482422,32.30500030517578,32.30500030517578,4530
32.310001373291016,32.31999969482422,32.29999923706055,32.31999969482422,7254
32.314998626708984,32.34000015258789,32.314998626708984,32.34000015258789,3977
32.34000015258789,32.34000015258789,32.33219909667969,32.34000015258789,8433
32.334999084472656,32.3400993347168,32.33000183105469,32.34000015258789,4799
32.34000015258789,32.34000015258789,32.310001373291016,32.310001373291016,3629
32.310001373291016,32.310001373291016,32.29999923706055,32.301700592041016,2622
32.30500030517578,32.30500030517578,32.29499816894531,32.29999923706055,3834
32.29389953613281,32.29389953613281,32.279998779296875,32.279998779296875,1501
32.28219985961914,32.28219985961914,32.25,32.25,2936
32.25,32.27159881591797,32.25,32.255001068115234,12392
32.290000915527344,32.290000915527344,32.279998779296875,32.290000915527344,7440
32.29499816894531,32.29779815673828,32.279998779296875,32.279998779296875,2670
32.279998779296875,32.279998779296875,32.25,32.275001525878906,5390
32.279998779296875,32.29499816894531,32.275001525878906,32.29499816894531,6428
32.29999923706055,32.34000015258789,32.28499984741211,32.28499984741211,11823
32.28499984741211,32.29999923706055,32.28499984741211,32.29499816894531,7351
32.29999923706055,32.30500030517578,32.29999923706055,32.29999923706055,6236
32.30500030517578,32.310001373291016,32.29999923706055,32.30500030517578,6023
32.310001373291016,32.310001373291016,32.279998779296875,32.279998779296875,20528
32.27000045776367,32.27000045776367,32.25,32.2599983215332,28399
32.255001068115234,32.279998779296875,32.250099182128906,32.275001525878906,13929
32.275001525878906,32.275001525878906,32.2599983215332,32.26499938964844,12188
32.26499938964844,32.279998779296875,32.2599983215332,32.275001525878906,16543
32.279998779296875,32.290000915527344,32.255001068115234,32.27000045776367,47977
32.27,32.27,32.27,32.27,80198
32.35,32.35,32.35,32.35,0
32.47,32.47,32.46,32.46,0
