Datetime,Open,High,Low,Close,Volume
2022-01-21 04:00:00-05:00,571.0,571.0,571.0,571.0,0
2022-01-21 04:05:00-05:00,572.16,572.16,571.0,571.0,0
2022-01-21 04:35:00-05:00,574.5,575.23,573.06,575.09,0
2022-01-21 05:50:00-05:00,576.28,577.01,576.15,576.15,0
2022-01-21 05:55:00-05:00,575.56,577.23,574.48,575.65,0
2022-01-21 07:00:00-05:00,575.0,575.0,575.0,575.0,0
2022-01-21 07:05:00-05:00,575.3,576.95,573.03,573.03,0
2022-01-21 07:10:00-05:00,575.0,575.0,575.0,575.0,0
2022-01-21 07:15:00-05:00,576.66,578.16,576.66,578.16,0
2022-01-21 07:20:00-05:00,575.51,579.16,575.5,579.16,0
2022-01-21 07:55:00-05:00,581.0,581.0,581.0,581.0,0
2022-01-21 08:05:00-05:00,573.68,573.68,573.68,573.68,0
2022-01-21 08:10:00-05:00,569.31,573.16,569.31,573.16,0
2022-01-21 08:15:00-05:00,575.0,575.0,573.55,573.55,0
2022-01-21 08:20:00-05:00,573.55,573.55,573.55,573.55,0
2022-01-21 08:40:00-05:00,574.91,576.0,573.85,573.91,0
2022-01-21 08:45:00-05:00,574.16,574.16,573.56,573.56,0
2022-01-21 08:55:00-05:00,573.55,573.66,572.16,572.16,0
2022-01-21 09:00:00-05:00,572.72,572.72,572.72,572.72,0
2022-01-21 09:05:00-05:00,574.06,574.06,574.06,574.06,0
2022-01-21 09:10:00-05:00,572.78,572.78,572.78,572.78,0
2022-01-21 09:15:00-05:00,572.17,572.17,572.17,572.17,0
2022-01-21 09:25:00-05:00,573.3,575.33,573.3,575.33,0
2022-01-21 09:30:00-05:00,574.8699951171875,575.4500122070312,572.39501953125,575.4500122070312,50874
2022-01-21 09:35:00-05:00,575.1300048828125,576.25,574.5499877929688,574.5499877929688,6816
2022-01-21 09:40:00-05:00,575.3200073242188,576.719970703125,574.0800170898438,575.6500244140625,11731
2022-01-21 09:45:00-05:00,575.625,579.75,573.8400268554688,576.35498046875,18201
2022-01-21 09:50:00-05:00,577.1500244140625,577.875,574.8099975585938,576.0900268554688,21420
2022-01-21 09:55:00-05:00,576.4099731445312,576.4099731445312,575.3900146484375,575.7100219726562,15690
2022-01-21 10:00:00-05:00,575.7249755859375,575.875,574.02001953125,574.780029296875,18972
2022-01-21 10:05:00-05:00,575.0,575.0,572.8300170898438,572.8300170898438,10156
2022-01-21 10:10:00-05:00,573.0599975585938,573.0599975585938,571.2349853515625,571.469970703125,13115
2022-01-21 10:15:00-05:00,571.3499755859375,572.8599853515625,571.3200073242188,571.6099853515625,14115
2022-01-21 10:20:00-05:00,571.780029296875,572.3599853515625,570.6400146484375,571.0,14002
2022-01-21 10:25:00-05:00,570.9000244140625,573.25,570.739990234375,572.9000244140625,8539
2022-01-21 10:30:00-05:00,572.760009765625,574.75,572.27001953125,574.75,12342
2022-01-21 10:35:00-05:00,574.6799926757812,575.0,573.3400268554688,573.3400268554688,11279
2022-01-21 10:40:00-05:00,573.27001953125,574.77001953125,572.6599731445312,574.4600219726562,8580
2022-01-21 10:45:00-05:00,574.0700073242188,575.469970703125,573.8300170898438,575.263671875,9991
2022-01-21 10:50:00-05:00,575.469970703125,576.7899780273438,575.469970703125,576.7899780273438,8134
2022-01-21 10:55:00-05:00,576.530029296875,578.1599731445312,576.22998046875,577.510009765625,9444
2022-01-21 11:00:00-05:00,577.719970703125,578.1950073242188,572.4650268554688,572.5499877929688,12634
2022-01-21 11:05:00-05:00,572.7100219726562,574.969970703125,572.7100219726562,574.969970703125,4665
2022-01-21 11:10:00-05:00,575.4299926757812,575.8250122070312,573.6500244140625,574.5650024414062,9731
2022-01-21 11:15:00-05:00,574.8699951171875,575.5800170898438,574.4650268554688,575.2150268554688,6836
2022-01-21 11:20:00-05:00,575.1799926757812,576.530029296875,574.8300170898438,575.9199829101562,10993
2022-01-21 11:25:00-05:00,576.0700073242188,576.280029296875,575.3200073242188,575.8499755859375,18412
2022-01-21 11:30:00-05:00,575.7100219726562,575.8699951171875,573.2949829101562,575.260009765625,10756
2022-01-21 11:35:00-05:00,574.469970703125,574.469970703125,571.8300170898438,571.8599853515625,5391
2022-01-21 11:40:00-05:00,571.989990234375,572.4600219726562,571.510009765625,572.1900024414062,6345
2022-01-21 11:45:00-05:00,572.0700073242188,572.22998046875,570.3499755859375,570.375,9281
2022-01-21 11:50:00-05:00,570.72998046875,572.0449829101562,570.72998046875,571.4500122070312,5997
2022-01-21 11:55:00-05:00,571.5999755859375,572.4849853515625,571.0,572.4849853515625,5928
2022-01-21 12:00:00-05:00,572.27001953125,572.5499877929688,571.864990234375,572.0999755859375,10766
2022-01-21 12:05:00-05:00,572.0999755859375,574.1900024414062,571.780029296875,573.9349975585938,7416
2022-01-21 12:10:00-05:00,573.72998046875,574.219970703125,572.8400268554688,572.9000244140625,7855
2022-01-21 12:15:00-05:00,572.6199951171875,573.4299926757812,572.530029296875,573.0499877929688,16449
2022-01-21 12:20:00-05:00,572.72998046875,573.6400146484375,572.7100219726562,573.6400146484375,4749
2022-01-21 12:25:00-05:00,574.0050048828125,574.0900268554688,572.7249755859375,572.7249755859375,5321
2022-01-21 12:30:00-05:00,572.52001953125,573.6500244140625,572.2449951171875,573.6500244140625,7693
2022-01-21 12:35:00-05:00,573.489990234375,573.77001953125,572.35498046875,573.1500244140625,6483
2022-01-21 12:40:00-05:00,573.1799926757812,574.0599975585938,573.030029296875,573.469970703125,10360
2022-01-21 12:45:00-05:00,574.1599731445312,574.969970703125,573.719970703125,574.489990234375,7174
2022-01-21 12:50:00-05:00,575.0800170898438,575.0800170898438,574.0399780273438,574.5999755859375,6907
2022-01-21 12:55:00-05:00,574.4600219726562,575.0499877929688,573.7899780273438,575.0499877929688,9791
2022-01-21 13:00:00-05:00,574.9749755859375,575.719970703125,574.739990234375,575.0,11097
2022-01-21 13:05:00-05:00,575.25,575.6900024414062,574.739990234375,575.47998046875,15939
2022-01-21 13:10:00-05:00,575.6400146484375,576.8699951171875,575.6199951171875,576.8699951171875,4970
2022-01-21 13:15:00-05:00,576.6400146484375,576.6400146484375,574.7625122070312,575.1799926757812,10044
2022-01-21 13:20:00-05:00,574.6900024414062,574.72998046875,573.989990234375,574.530029296875,8571
2022-01-21 13:25:00-05:00,574.2999877929688,574.3900146484375,573.7000122070312,574.3900146484375,5290
2022-01-21 13:30:00-05:00,574.2000122070312,575.1699829101562,574.1799926757812,574.5499877929688,10111
2022-01-21 13:35:00-05:00,574.2000122070312,575.1500244140625,573.9650268554688,574.5999755859375,12046
2022-01-21 13:40:00-05:00,574.8200073242188,575.0,574.530029296875,574.72998046875,4389
2022-01-21 13:45:00-05:00,575.010009765625,575.1500244140625,574.0549926757812,574.7000122070312,11277
2022-01-21 13:50:00-05:00,574.9500122070312,575.6400146484375,574.7100219726562,574.760009765625,7733
2022-01-21 13:55:00-05:00,575.27001953125,575.27001953125,574.0599975585938,574.1300048828125,7085
2022-01-21 14:00:00-05:00,574.3897705078125,575.3900146484375,574.3897705078125,575.3800048828125,4764
2022-01-21 14:05:00-05:00,575.4990234375,576.530029296875,575.3800048828125,575.47998046875,7202
2022-01-21 14:10:00-05:00,575.3049926757812,575.5900268554688,574.6599731445312,575.0850219726562,4787
2022-01-21 14:15:00-05:00,575.3200073242188,575.4299926757812,574.3599853515625,574.6500244140625,5071
2022-01-21 14:20:00-05:00,574.969970703125,575.0599975585938,574.260009765625,575.0,5464
2022-01-21 14:25:00-05:00,575.0399780273438,575.0399780273438,573.6900024414062,573.969970703125,3528
2022-01-21 14:30:00-05:00,573.7249755859375,573.7249755859375,572.6749877929688,572.6900024414062,13789
2022-01-21 14:35:00-05:00,572.3800048828125,573.0,572.2249755859375,572.8699951171875,11011
2022-01-21 14:40:00-05:00,573.0,573.8400268554688,573.0,573.0499877929688,8853
2022-01-21 14:45:00-05:00,573.3699951171875,573.4000244140625,572.3800048828125,572.4199829101562,3048
2022-01-21 14:50:00-05:00,572.4400024414062,572.4400024414062,571.5499877929688,571.9000244140625,7982
2022-01-21 14:55:00-05:00,571.8900146484375,571.9400024414062,569.6400146484375,570.0,13546
2022-01-21 15:00:00-05:00,570.0,570.0,569.4500122070312,569.4600219726562,19101
2022-01-21 15:05:00-05:00,569.6900024414062,570.3699951171875,569.5,569.8699951171875,14519
2022-01-21 15:10:00-05:00,569.5499877929688,570.4500122070312,569.25,570.4500122070312,9900
2022-01-21 15:15:00-05:00,570.260009765625,572.75,570.1699829101562,570.969970703125,15772
2022-01-21 15:20:00-05:00,571.010009765625,571.010009765625,569.239990234375,570.0650024414062,11503
2022-01-21 15:25:00-05:00,570.3300170898438,570.3300170898438,568.8200073242188,569.47998046875,12228
2022-01-21 15:30:00-05:00,569.3900146484375,571.219970703125,569.3900146484375,570.3800048828125,14854
2022-01-21 15:35:00-05:00,570.2899780273438,571.010009765625,570.2349853515625,570.85498046875,10542
2022-01-21 15:40:00-05:00,571.1500244140625,572.27001953125,570.7899780273438,570.7899780273438,17485
2022-01-21 15:45:00-05:00,570.469970703125,571.7000122070312,569.5800170898438,571.7000122070312,19508
2022-01-21 15:50:00-05:00,571.530029296875,571.72998046875,569.97998046875,570.6300048828125,34155
2022-01-21 15:55:00-05:00,570.9199829101562,571.7100219726562,569.4299926757812,569.4299926757812,66097
2022-01-21 16:00:00-05:00,569.69,576.32,569.69,569.69,0
2022-01-21 16:05:00-05:00,569.69,569.69,569.69,569.69,0
2022-01-21 16:10:00-05:00,569.69,569.69,569.69,569.69,0
2022-01-21 16:15:00-05:00,569.0,569.0,569.0,569.0,0
2022-01-21 16:25:00-05:00,568.5,568.5,567.71,567.71,0
2022-01-21 16:30:00-05:00,572.0198,572.0198,572.0198,572.0198,0
2022-01-21 16:35:00-05:00,569.69,569.69,569.69,569.69,0
2022-01-21 16:40:00-05:00,569.69,569.69,569.69,569.69,0
2022-01-21 17:20:00-05:00,569.69,569.69,569.69,569.69,0
2022-01-21 17:25:00-05:00,568.19,568.19,568.19,568.19,0
2022-01-21 17:45:00-05:00,570.0,570.0,570.0,570.0,0
2022-01-21 18:45:00-05:00,572.1,573.0,572.0,573.0,0
2022-01-25 14:45:00-05:00,568.25,568.25,568.25,568.25,555796
2022-01-25 15:00:00-05:00,569.489990234375,569.489990234375,568.9400024414062,568.9400024414062,33454
2022-01-25 15:05:00-05:00,569.02001953125,569.02001953125,567.6099853515625,568.1300048828125,9600
2022-01-25 15:10:00-05:00,568.3699951171875,568.3699951171875,566.489990234375,566.9550170898438,9442
2022-01-25 15:15:00-05:00,566.8900146484375,568.2650146484375,566.875,568.2550048828125,5766
2022-01-25 15:20:00-05:00,568.0850219726562,568.4400024414062,567.0499877929688,567.3099975585938,13226
2022-01-25 15:25:00-05:00,567.0800170898438,567.25,565.5,565.89501953125,11741
2022-01-25 15:30:00-05:00,565.8599853515625,566.2000122070312,564.6900024414062,565.6400146484375,14295
2022-01-25 15:35:00-05:00,565.6099853515625,566.5999755859375,565.0499877929688,565.6900024414062,16744
2022-01-25 15:40:00-05:00,566.0499877929688,567.0900268554688,565.4500122070312,565.4500122070312,23589
2022-01-25 15:45:00-05:00,565.739990234375,567.2100219726562,565.739990234375,567.2050170898438,4134
2022-01-25 16:00:00-05:00,563.54,563.54,563.54,563.54,394853
2022-01-25 17:20:00-05:00,562.25,562.25,560.0,560.0,0
2022-01-26 07:00:00-05:00,569.16,569.19,569.16,569.19,0
2022-01-26 08:15:00-05:00,571.43,571.43,571.43,571.43,0
2022-01-26 08:40:00-05:00,567.04,567.04,567.04,567.04,0
2022-01-26 09:30:00-05:00,569.989990234375,571.4849853515625,569.97998046875,571.4849853515625,19921
2022-01-26 09:35:00-05:00,569.0599975585938,569.0599975585938,569.0599975585938,569.0599975585938,19573
2022-01-26 09:40:00-05:00,570.0800170898438,570.0800170898438,570.0800170898438,570.0800170898438,26820
2022-01-26 09:45:00-05:00,573.4299926757812,573.8599853515625,573.27001953125,573.8599853515625,17425
2022-01-26 09:50:00-05:00,572.1500244140625,572.1500244140625,572.1500244140625,572.1500244140625,19532
2022-01-26 10:05:00-05:00,572.375,572.375,572.375,572.375,51354
2022-01-26 10:10:00-05:00,570.1824951171875,570.1824951171875,568.9299926757812,569.5250244140625,37215
2022-01-26 10:30:00-05:00,564.9199829101562,565.2999877929688,564.7899780273438,564.7899780273438,69344
2022-01-26 10:35:00-05:00,563.6500244140625,563.6500244140625,563.6500244140625,563.6500244140625,15270
2022-01-26 11:05:00-05:00,562.1950073242188,562.1950073242188,562.1950073242188,562.1950073242188,83800
2022-01-26 11:10:00-05:00,562.02001953125,562.02001953125,562.02001953125,562.02001953125,15645
2022-01-26 11:15:00-05:00,562.9600219726562,562.9600219726562,562.1099853515625,562.1099853515625,19725
2022-01-26 11:30:00-05:00,562.5700073242188,562.5700073242188,562.5700073242188,562.5700073242188,43868
2022-01-26 11:35:00-05:00,561.3499755859375,561.3499755859375,561.3499755859375,561.3499755859375,10093
2022-01-26 11:40:00-05:00,561.739990234375,561.739990234375,561.739990234375,561.739990234375,10503
2022-01-26 11:50:00-05:00,559.77001953125,559.77001953125,559.77001953125,559.77001953125,18941
2022-01-26 11:55:00-05:00,560.469970703125,560.469970703125,560.469970703125,560.469970703125,6105
2022-01-26 12:00:00-05:00,561.3300170898438,561.6599731445312,561.1300048828125,561.1300048828125,6043
2022-01-26 12:05:00-05:00,560.47998046875,560.8300170898438,560.47998046875,560.8300170898438,5756
2022-01-26 12:10:00-05:00,560.97998046875,560.97998046875,560.97998046875,560.97998046875,10344
2022-01-26 12:15:00-05:00,561.25,561.6300048828125,561.25,561.614990234375,10125
2022-01-26 12:25:00-05:00,561.1599731445312,561.1599731445312,560.75,560.9000244140625,13367
2022-01-26 12:30:00-05:00,560.6300048828125,560.6300048828125,560.3400268554688,560.3400268554688,7654
2022-01-26 12:45:00-05:00,561.6400146484375,561.6400146484375,561.6400146484375,561.6400146484375,24710
2022-01-26 12:50:00-05:00,562.4500122070312,562.4500122070312,562.4500122070312,562.4500122070312,5781
2022-01-26 13:00:00-05:00,563.0,563.0,562.3800048828125,562.4000244140625,66417
2022-01-26 13:05:00-05:00,563.6799926757812,563.6799926757812,563.6799926757812,563.6799926757812,13640
2022-01-26 13:10:00-05:00,563.47998046875,563.47998046875,563.47998046875,563.47998046875,3528
2022-01-26 13:15:00-05:00,564.2249755859375,564.280029296875,564.2249755859375,564.280029296875,7711
2022-01-26 13:20:00-05:00,563.0499877929688,563.0499877929688,562.7349853515625,562.7349853515625,19056
2022-01-26 13:30:00-05:00,562.5,562.5,561.739990234375,562.219970703125,28327
2022-01-26 13:35:00-05:00,561.6649780273438,561.6649780273438,560.7899780273438,560.885009765625,8683
2022-01-26 13:45:00-05:00,559.4949951171875,559.4949951171875,559.4949951171875,559.4949951171875,21739
2022-01-26 13:50:00-05:00,559.22998046875,559.22998046875,559.22998046875,559.22998046875,7211
2022-01-26 13:55:00-05:00,559.739990234375,559.739990234375,559.4600219726562,559.52001953125,11636
2022-01-26 14:05:00-05:00,562.8200073242188,562.8300170898438,562.8200073242188,562.8300170898438,30318
2022-01-26 14:15:00-05:00,559.2849731445312,559.2849731445312,559.2849731445312,559.2849731445312,41621
2022-01-26 14:20:00-05:00,560.22998046875,560.22998046875,560.22998046875,560.22998046875,29058
2022-01-26 14:25:00-05:00,562.2999877929688,562.530029296875,562.2999877929688,562.3699951171875,17054
2022-01-26 14:30:00-05:00,561.5700073242188,561.5700073242188,561.5700073242188,561.5700073242188,11712
2022-01-26 14:35:00-05:00,560.8200073242188,560.8200073242188,560.8200073242188,560.8200073242188,17774
2022-01-26 14:40:00-05:00,561.4400024414062,561.530029296875,560.6799926757812,560.6799926757812,12506
2022-01-26 14:50:00-05:00,559.3599853515625,559.3599853515625,558.1199951171875,558.280029296875,56514
2022-01-26 15:00:00-05:00,556.0900268554688,556.0900268554688,555.8900146484375,555.8900146484375,56460
2022-01-26 15:05:00-05:00,553.1300048828125,553.1300048828125,553.1300048828125,553.1300048828125,18390
2022-01-26 15:20:00-05:00,550.8300170898438,550.8300170898438,550.239990234375,550.4299926757812,64270
2022-01-26 15:30:00-05:00,554.530029296875,554.530029296875,554.530029296875,554.530029296875,61068
2022-01-26 15:40:00-05:00,553.5,553.5,552.7849731445312,553.239990234375,48423
2022-01-26 15:50:00-05:00,554.2050170898438,554.2050170898438,554.2050170898438,554.2050170898438,96368
2022-01-26 15:55:00-05:00,554.6599731445312,555.1599731445312,554.6599731445312,555.1599731445312,80525
2022-01-26 16:00:00-05:00,555.0,556.4,553.22,553.22,0
2022-01-26 16:05:00-05:00,553.1,556.2,553.0,555.48,0
2022-01-26 16:15:00-05:00,555.0,555.0,555.0,555.0,0
2022-01-26 16:25:00-05:00,552.45,555.0,551.69,553.15,0
2022-01-26 16:30:00-05:00,553.13,553.13,550.68,550.83,0
2022-01-26 16:35:00-05:00,552.95,552.95,550.57,550.6,0
2022-01-26 16:40:00-05:00,555.0,555.0,550.5,551.42,0
2022-01-26 16:55:00-05:00,551.4,551.4,551.4,551.4,0
2022-01-26 17:00:00-05:00,551.4,552.39,551.07,551.07,0
2022-01-26 17:05:00-05:00,550.89,552.65,550.88,551.17,0
2022-01-27 04:35:00-05:00,556.69,560.18,556.69,560.18,0
2022-01-27 04:40:00-05:00,560.1,560.41,557.19,560.0,0
2022-01-27 04:45:00-05:00,559.99,559.99,559.99,559.99,0
2022-01-27 05:00:00-05:00,555.17,561.41,555.17,561.41,0
2022-01-27 05:05:00-05:00,555.42,563.39,555.42,562.38,0
2022-01-27 05:30:00-05:00,559.46,559.46,557.09,557.74,0
2022-01-27 06:00:00-05:00,555.0,555.0,555.0,555.0,0
2022-01-27 07:15:00-05:00,557.43,557.43,557.43,557.43,0
2022-01-27 07:20:00-05:00,557.75,561.0,557.0,561.0,0
2022-01-27 07:25:00-05:00,561.55,561.55,557.0,557.0,0
2022-01-27 07:30:00-05:00,555.0,555.0,552.0,552.0,0
2022-01-27 07:35:00-05:00,551.0,551.0,551.0,551.0,0
2022-01-27 07:45:00-05:00,554.89,555.0,554.89,555.0,0
2022-01-27 07:50:00-05:00,554.57,557.12,554.57,557.12,0
2022-01-27 08:05:00-05:00,555.0,555.0,555.0,555.0,0
2022-01-27 08:30:00-05:00,550.05,551.39,550.02,551.39,0
2022-01-27 08:35:00-05:00,551.39,551.39,551.39,551.39,0
2022-01-27 08:55:00-05:00,555.01,557.11,550.61,554.98,0
2022-01-27 09:00:00-05:00,551.17,551.17,546.5,546.98,0
2022-01-27 09:05:00-05:00,546.98,549.92,546.98,548.5,0
2022-01-27 09:15:00-05:00,549.92,550.0,545.5,545.5,0
2022-01-27 09:20:00-05:00,546.16,552.69,544.61,544.61,0
2022-01-27 09:25:00-05:00,544.56,544.57,542.63,542.63,0
2022-01-27 09:30:00-05:00,549.8499755859375,555.5999755859375,549.8499755859375,552.6699829101562,36948
2022-01-27 09:35:00-05:00,553.64501953125,555.8699951171875,550.2899780273438,555.8699951171875,11232
2022-01-27 09:40:00-05:00,555.9199829101562,560.0,555.9199829101562,556.9349975585938,17241
2022-01-27 09:45:00-05:00,557.5499877929688,565.2100219726562,557.5499877929688,565.2100219726562,23108
2022-01-27 09:50:00-05:00,566.3800048828125,566.8300170898438,559.52001953125,561.2750244140625,14925
2022-01-27 09:55:00-05:00,560.7999877929688,561.6699829101562,558.8200073242188,559.2750244140625,15476
2022-01-27 10:00:00-05:00,559.5599975585938,561.7899780273438,559.5499877929688,560.6099853515625,22287
2022-01-27 10:05:00-05:00,560.5999755859375,562.0,559.0999755859375,561.1699829101562,20767
2022-01-27 10:10:00-05:00,561.5250244140625,563.8400268554688,560.625,563.280029296875,9316
2022-01-27 10:15:00-05:00,563.239990234375,563.2899780273438,561.3350219726562,561.6799926757812,12933
2022-01-27 10:20:00-05:00,561.2000122070312,561.8699951171875,559.4199829101562,560.52001953125,11974
2022-01-27 10:25:00-05:00,560.780029296875,562.9600219726562,560.780029296875,561.9099731445312,12437
2022-01-27 10:30:00-05:00,560.6799926757812,561.2899780273438,558.5900268554688,560.739990234375,10861
2022-01-27 10:35:00-05:00,560.25,562.489990234375,559.7150268554688,559.9000244140625,15951
2022-01-27 10:40:00-05:00,559.5599975585938,561.7100219726562,559.1950073242188,561.552490234375,10719
2022-01-27 10:45:00-05:00,561.8400268554688,563.1699829101562,561.8099975585938,561.8599853515625,13805
2022-01-27 10:50:00-05:00,562.6699829101562,563.030029296875,560.8400268554688,561.5900268554688,9911
2022-01-27 10:55:00-05:00,561.5900268554688,564.489990234375,561.5599975585938,563.7849731445312,29217
2022-01-27 11:00:00-05:00,563.719970703125,564.4500122070312,563.1699829101562,563.1699829101562,16278
2022-01-27 11:05:00-05:00,563.27001953125,565.02001953125,563.27001953125,565.02001953125,8311
2022-01-27 11:10:00-05:00,564.7000122070312,565.405029296875,564.280029296875,564.3200073242188,24240
2022-01-27 11:15:00-05:00,564.3900146484375,565.4500122070312,563.1900024414062,565.030029296875,17502
2022-01-27 11:20:00-05:00,565.3699951171875,567.9000244140625,565.3499755859375,567.1950073242188,20379
2022-01-27 11:25:00-05:00,566.9000244140625,566.9000244140625,562.1400146484375,562.8599853515625,13197
2022-01-27 11:30:00-05:00,562.5399780273438,565.530029296875,562.5399780273438,564.3900146484375,10903
2022-01-27 11:35:00-05:00,564.219970703125,565.6199951171875,563.8300170898438,564.4000244140625,24607
2022-01-27 11:40:00-05:00,564.52001953125,564.739990234375,562.97998046875,563.3599853515625,28803
2022-01-27 11:45:00-05:00,563.2899780273438,564.9500122070312,563.2899780273438,564.8900146484375,16749
2022-01-27 11:50:00-05:00,564.5499877929688,565.1300048828125,564.219970703125,564.3400268554688,21552
2022-01-27 11:55:00-05:00,564.5999755859375,566.3300170898438,564.2899780273438,566.1699829101562,19005
2022-01-27 12:00:00-05:00,566.3499755859375,566.3499755859375,565.280029296875,565.969970703125,15515
2022-01-27 12:05:00-05:00,566.0399780273438,566.1300048828125,564.0549926757812,564.4299926757812,10136
2022-01-27 12:10:00-05:00,564.72998046875,564.72998046875,561.8200073242188,562.6900024414062,7025
2022-01-27 12:15:00-05:00,562.7100219726562,562.8900146484375,561.0800170898438,561.8699951171875,17164
2022-01-27 12:20:00-05:00,562.4000244140625,563.280029296875,561.9199829101562,562.719970703125,12246
2022-01-27 12:25:00-05:00,562.7449951171875,563.6400146484375,562.6900024414062,563.6300048828125,13803
2022-01-27 12:30:00-05:00,563.2999877929688,563.5999755859375,560.4600219726562,561.0399780273438,9460
2022-01-27 12:35:00-05:00,561.1099853515625,561.2000122070312,559.5399780273438,561.0800170898438,9859
2022-01-27 12:40:00-05:00,561.260009765625,562.97998046875,560.8599853515625,562.97998046875,10089
2022-01-27 12:45:00-05:00,562.3400268554688,562.3400268554688,560.5999755859375,561.219970703125,9361
2022-01-27 12:50:00-05:00,561.1599731445312,562.4600219726562,560.8499755859375,561.6500244140625,10619
2022-01-27 12:55:00-05:00,562.1199951171875,563.4000244140625,561.8499755859375,562.52001953125,8791
2022-01-27 13:00:00-05:00,562.3599853515625,562.72998046875,561.5,561.5,11176
2022-01-27 13:05:00-05:00,561.4299926757812,563.3900146484375,560.969970703125,562.0250244140625,13010
2022-01-27 13:10:00-05:00,562.0,563.4299926757812,561.9600219726562,563.280029296875,22284
2022-01-27 13:15:00-05:00,562.7100219726562,564.0700073242188,561.5800170898438,561.5800170898438,10697
2022-01-27 13:20:00-05:00,561.3400268554688,562.1300048828125,560.5900268554688,560.5900268554688,14834
2022-01-27 13:25:00-05:00,560.6950073242188,561.5499877929688,560.0,560.0150146484375,9576
2022-01-27 13:30:00-05:00,560.739990234375,561.0700073242188,559.7899780273438,560.6799926757812,9395
2022-01-27 13:35:00-05:00,560.989990234375,561.9099731445312,560.5399780273438,561.1400146484375,12972
2022-01-27 13:40:00-05:00,560.8699951171875,562.780029296875,560.7911987304688,561.5,9559
2022-01-27 13:45:00-05:00,561.7899780273438,563.0499877929688,561.010009765625,562.7999877929688,11171
2022-01-27 13:50:00-05:00,562.97998046875,563.0900268554688,561.1599731445312,561.489990234375,16915
2022-01-27 13:55:00-05:00,562.2100219726562,563.9199829101562,562.2100219726562,563.22998046875,8694
2022-01-27 14:00:00-05:00,563.5,566.260009765625,563.5,565.8300170898438,11785
2022-01-27 14:05:00-05:00,565.625,566.469970703125,564.9600219726562,564.9600219726562,11207
2022-01-27 14:10:00-05:00,565.0900268554688,565.219970703125,562.1199951171875,562.510009765625,21309
2022-01-27 14:15:00-05:00,562.760009765625,563.1099853515625,561.3574829101562,562.4099731445312,12985
2022-01-27 14:20:00-05:00,561.8200073242188,562.1799926757812,559.8800048828125,560.0499877929688,11663
2022-01-27 14:25:00-05:00,560.4000244140625,560.969970703125,559.4550170898438,559.635009765625,12680
2022-01-27 14:30:00-05:00,559.97998046875,560.6849975585938,558.3099975585938,558.6699829101562,10195
2022-01-27 14:35:00-05:00,558.739990234375,560.3499755859375,558.739990234375,560.3499755859375,7272
2022-01-27 14:40:00-05:00,560.1199951171875,561.8599853515625,560.0,561.64501953125,12025
2022-01-27 14:45:00-05:00,561.6500244140625,563.1300048828125,561.010009765625,561.0999755859375,12672
2022-01-27 14:50:00-05:00,560.8200073242188,561.2899780273438,559.4299926757812,559.4299926757812,9915
2022-01-27 14:55:00-05:00,559.489990234375,561.010009765625,558.9099731445312,560.614990234375,11867
2022-01-27 15:00:00-05:00,561.010009765625,562.719970703125,561.010009765625,561.6500244140625,13863
2022-01-27 15:05:00-05:00,561.3800048828125,562.280029296875,560.5850219726562,560.5850219726562,10284
2022-01-27 15:10:00-05:00,560.5599975585938,561.0800170898438,558.9299926757812,559.72998046875,12801
2022-01-27 15:15:00-05:00,559.5599975585938,560.0900268554688,558.75,560.0900268554688,17288
2022-01-27 15:20:00-05:00,559.9500122070312,561.010009765625,559.3599853515625,560.469970703125,17132
2022-01-27 15:25:00-05:00,560.27001953125,561.780029296875,559.489990234375,560.97998046875,18930
2022-01-27 15:30:00-05:00,561.6900024414062,561.6900024414062,558.9299926757812,559.8699951171875,19632
2022-01-27 15:35:00-05:00,560.1500244140625,560.530029296875,558.9000244140625,559.9099731445312,24143
2022-01-27 15:40:00-05:00,559.530029296875,562.0700073242188,559.25,560.625,32086
2022-01-27 15:45:00-05:00,560.655029296875,562.0399780273438,559.7899780273438,560.8300170898438,59009
2022-01-27 15:50:00-05:00,561.260009765625,563.6400146484375,561.0,562.010009765625,98963
2022-01-27 15:55:00-05:00,562.27001953125,562.8099975585938,560.3800048828125,561.030029296875,88955
2022-01-27 16:00:00-05:00,561.03,561.03,561.03,561.03,0
2022-01-27 16:05:00-05:00,565.0,565.0,565.0,565.0,0
2022-01-27 16:10:00-05:00,565.0,565.0,565.0,565.0,0
2022-01-27 16:15:00-05:00,563.99,564.0,563.99,564.0,0
2022-01-27 16:20:00-05:00,562.75,562.75,562.75,562.75,0
2022-01-27 16:40:00-05:00,561.03,561.03,561.03,561.03,0
2022-01-27 17:00:00-05:00,561.03,561.03,561.03,561.03,0
2022-01-27 17:10:00-05:00,561.03,561.03,561.03,561.03,0
2022-01-27 17:30:00-05:00,564.11,564.11,564.11,564.11,0
2022-01-27 17:35:00-05:00,564.11,564.11,564.11,564.11,0
2022-01-27 18:10:00-05:00,561.03,561.03,561.03,561.03,0
2022-01-27 18:15:00-05:00,563.93,563.93,563.93,563.93,0
2022-01-27 18:20:00-05:00,561.03,561.03,561.03,561.03,0
2022-01-27 18:30:00-05:00,561.03,561.03,561.03,561.03,0
2022-01-27 18:50:00-05:00,561.03,561.03,561.03,561.03,0
2022-01-27 18:55:00-05:00,560.68,560.68,560.68,560.68,0
2022-01-28 04:15:00-05:00,561.16,565.7,560.74,562.6,0
2022-01-28 04:20:00-05:00,561.14,565.0,560.9,565.0,0
2022-01-28 04:25:00-05:00,564.7,565.85,552.73,561.06,0
2022-01-28 04:30:00-05:00,564.95,564.95,561.09,564.45,0
2022-01-28 04:45:00-05:00,561.18,564.95,561.07,564.45,0
2022-01-28 04:50:00-05:00,564.41,565.0,560.96,564.26,0
2022-01-28 04:55:00-05:00,564.6,564.65,562.05,562.63,0
2022-01-28 05:05:00-05:00,562.13,562.13,561.15,561.15,0
2022-01-28 06:30:00-05:00,559.75,561.03,550.06,550.06,0
2022-01-28 06:35:00-05:00,558.72,559.2,542.51,554.62,0
2022-01-28 06:40:00-05:00,555.94,559.64,542.51,551.61,0
2022-01-28 06:45:00-05:00,554.25,554.25,550.3,553.06,0
2022-01-28 06:50:00-05:00,551.1,555.31,551.1,553.05,0
2022-01-28 06:55:00-05:00,553.55,554.56,540.41,553.43,0
2022-01-28 07:00:00-05:00,555.0,555.0,549.59,550.11,0
2022-01-28 07:05:00-05:00,542.43,559.99,541.0,553.56,0
2022-01-28 07:10:00-05:00,554.01,570.98,552.77,570.98,0
2022-01-28 07:15:00-05:00,576.53,576.53,566.0,566.16,0
2022-01-28 07:20:00-05:00,566.0,567.06,565.0,565.0,0
2022-01-28 07:25:00-05:00,564.49,565.0,561.03,565.0,0
2022-01-28 07:35:00-05:00,560.0,560.0,560.0,560.0,0
2022-01-28 07:40:00-05:00,562.03,562.03,560.0,560.0,0
2022-01-28 07:45:00-05:00,558.0,565.0,556.55,561.53,0
2022-01-28 07:50:00-05:00,560.73,565.0,549.8,564.95,0
2022-01-28 07:55:00-05:00,560.48,560.73,560.48,560.63,0
2022-01-28 08:00:00-05:00,558.16,558.16,557.0,557.0,0
2022-01-28 08:05:00-05:00,560.0,560.0,560.0,560.0,0
2022-01-28 08:15:00-05:00,557.59,557.59,552.53,552.53,0
2022-01-28 08:20:00-05:00,552.49,554.37,541.05,548.7,0
2022-01-28 08:25:00-05:00,552.05,554.0,546.0,549.53,0
2022-01-28 08:30:00-05:00,549.46,563.15,547.53,560.68,0
2022-01-28 08:35:00-05:00,560.4,561.66,556.3,561.14,0
2022-01-28 08:40:00-05:00,561.14,561.2,558.16,559.66,0
2022-01-28 08:45:00-05:00,562.0,562.0,558.53,558.78,0
2022-01-28 08:50:00-05:00,559.28,559.53,556.0,558.78,0
2022-01-28 08:55:00-05:00,558.78,562.4,556.2575,562.4,0
2022-01-28 09:00:00-05:00,560.28,560.28,560.0,560.0,0
2022-01-28 09:10:00-05:00,561.03,561.03,561.03,561.03,0
2022-01-28 09:15:00-05:00,563.81,563.81,563.81,563.81,0
2022-01-28 09:25:00-05:00,564.0,564.0,564.0,564.0,0
2022-01-28 09:30:00-05:00,560.6199951171875,585.3900146484375,560.3699951171875,579.0999755859375,117805
2022-01-28 09:35:00-05:00,581.6599731445312,581.6599731445312,566.7100219726562,570.1900024414062,43127
2022-01-28 09:40:00-05:00,571.0,572.1749877929688,564.469970703125,571.5599975585938,31897
2022-01-28 09:45:00-05:00,568.2750244140625,578.5700073242188,566.739990234375,571.3150024414062,50310
2022-01-28 09:50:00-05:00,573.655029296875,579.3800048828125,571.4450073242188,575.3699951171875,29374
2022-01-28 09:55:00-05:00,576.969970703125,578.6602172851562,574.3599853515625,575.8099975585938,27384
2022-01-28 10:00:00-05:00,575.7349853515625,576.969970703125,568.0999755859375,568.0999755859375,47138
2022-01-28 10:05:00-05:00,569.1199951171875,572.1799926757812,567.3300170898438,568.1199951171875,29054
2022-01-28 10:10:00-05:00,568.0,571.469970703125,565.3150024414062,569.0800170898438,45653
2022-01-28 10:15:00-05:00,568.1099853515625,572.9600219726562,565.469970703125,572.9600219726562,35219
2022-01-28 10:20:00-05:00,572.2100219726562,573.2999877929688,568.6649780273438,569.0549926757812,25504
2022-01-28 10:25:00-05:00,569.8800048828125,572.280029296875,569.4199829101562,571.72998046875,24424
2022-01-28 10:30:00-05:00,572.1500244140625,575.52001953125,571.4500122070312,574.5650024414062,27772
2022-01-28 10:35:00-05:00,575.0599975585938,577.6099853515625,574.4600219726562,576.4500122070312,15521
2022-01-28 10:40:00-05:00,576.4550170898438,578.0900268554688,574.135009765625,574.9849853515625,33255
2022-01-28 10:45:00-05:00,575.989990234375,580.6699829101562,575.4592895507812,580.4400024414062,17149
2022-01-28 10:50:00-05:00,580.5900268554688,582.1799926757812,578.1699829101562,581.7899780273438,37961
2022-01-28 10:55:00-05:00,581.0499877929688,584.469970703125,580.8300170898438,584.1500244140625,77544
2022-01-28 11:00:00-05:00,584.2449951171875,585.7000122070312,583.5900268554688,584.0349731445312,35001
2022-01-28 11:05:00-05:00,584.0449829101562,586.52001953125,583.969970703125,586.1300048828125,37343
2022-01-28 11:10:00-05:00,586.1500244140625,589.27001953125,586.02001953125,588.8599853515625,44374
2022-01-28 11:15:00-05:00,588.6799926757812,589.469970703125,587.2000122070312,588.469970703125,39502
2022-01-28 11:20:00-05:00,588.4600219726562,589.3699951171875,584.0,586.969970703125,67193
2022-01-28 11:25:00-05:00,586.8099975585938,589.760009765625,586.7424926757812,588.4299926757812,27962
2022-01-28 11:30:00-05:00,589.02001953125,591.0599975585938,588.6699829101562,590.0599975585938,15198
2022-01-28 11:35:00-05:00,589.6300048828125,590.739990234375,586.6699829101562,587.510009765625,29816
2022-01-28 11:40:00-05:00,587.4000244140625,589.5,586.3300170898438,587.8499755859375,20988
2022-01-28 11:45:00-05:00,587.2849731445312,587.8300170898438,584.3800048828125,586.260009765625,25688
2022-01-28 11:50:00-05:00,587.1400146484375,587.9000244140625,584.9400024414062,585.375,14449
2022-01-28 11:55:00-05:00,584.9400024414062,587.530029296875,584.489990234375,585.72998046875,16033
2022-01-28 12:00:00-05:00,584.875,586.4299926757812,584.875,586.1649780273438,9856
2022-01-28 12:05:00-05:00,586.155029296875,588.3300170898438,585.510009765625,586.64501953125,35844
2022-01-28 12:10:00-05:00,586.27001953125,592.0900268554688,585.9600219726562,591.8900146484375,43334
2022-01-28 12:15:00-05:00,591.4199829101562,591.6500244140625,589.3699951171875,590.510009765625,38356
2022-01-28 12:20:00-05:00,590.5999755859375,591.1849975585938,589.0900268554688,589.780029296875,18224
2022-01-28 12:25:00-05:00,589.4949951171875,590.969970703125,589.1799926757812,589.5850219726562,17196
2022-01-28 12:30:00-05:00,589.5850219726562,589.989990234375,588.0841064453125,589.4450073242188,25118
2022-01-28 12:35:00-05:00,589.0750122070312,590.3599853515625,588.6699829101562,589.4400024414062,16766
2022-01-28 12:40:00-05:00,589.3350219726562,589.4299926757812,587.7550048828125,588.1199951171875,32335
2022-01-28 12:45:00-05:00,588.219970703125,589.02001953125,587.6649780273438,588.9400024414062,22342
2022-01-28 12:50:00-05:00,588.6300048828125,589.405029296875,587.9149780273438,588.6199951171875,17944
2022-01-28 12:55:00-05:00,589.0449829101562,589.2000122070312,588.0599975585938,588.0599975585938,17926
2022-01-28 13:00:00-05:00,587.9450073242188,589.7100219726562,587.9450073242188,588.77001953125,41395
2022-01-28 13:05:00-05:00,588.5900268554688,590.0,588.2050170898438,589.1199951171875,21753
2022-01-28 13:10:00-05:00,589.5900268554688,589.760009765625,588.10498046875,588.4199829101562,18764
2022-01-28 13:15:00-05:00,588.5,588.6599731445312,585.8049926757812,585.8049926757812,15819
2022-01-28 13:20:00-05:00,585.510009765625,585.510009765625,581.9461059570312,584.0750122070312,31684
2022-01-28 13:25:00-05:00,584.114990234375,584.7899780273438,582.1500244140625,583.9600219726562,32939
2022-01-28 13:30:00-05:00,584.489990234375,584.844970703125,583.9600219726562,584.10498046875,14038
2022-01-28 13:35:00-05:00,584.0499877929688,586.0989990234375,584.0499877929688,585.2000122070312,9680
2022-01-28 13:40:00-05:00,584.7999877929688,587.3400268554688,583.8599853515625,587.3400268554688,33569
2022-01-28 13:45:00-05:00,587.52001953125,587.6699829101562,585.0800170898438,585.2449951171875,23552
2022-01-28 13:50:00-05:00,585.5800170898438,587.1400146484375,585.3250122070312,586.4105834960938,21633
2022-01-28 13:55:00-05:00,586.3800048828125,590.0700073242188,585.9099731445312,586.1199951171875,40233
2022-01-28 14:00:00-05:00,586.14501953125,587.844970703125,586.094970703125,586.4099731445312,12697
2022-01-28 14:05:00-05:00,586.0800170898438,587.6400146484375,585.7000122070312,586.5499877929688,16559
2022-01-28 14:10:00-05:00,586.989990234375,587.260009765625,584.0449829101562,585.510009765625,27558
2022-01-28 14:15:00-05:00,584.5,584.739990234375,583.3099975585938,584.2000122070312,17589
2022-01-28 14:20:00-05:00,584.0900268554688,585.77001953125,583.75,584.6099853515625,14114
2022-01-28 14:25:00-05:00,584.9299926757812,585.219970703125,584.3300170898438,584.9000244140625,18935
2022-01-28 14:30:00-05:00,584.1599731445312,584.8300170898438,583.364990234375,583.364990234375,15917
2022-01-28 14:35:00-05:00,583.3099975585938,584.1599731445312,583.3099975585938,583.9099731445312,16612
2022-01-28 14:40:00-05:00,583.739990234375,584.9000244140625,583.739990234375,584.844970703125,11511
2022-01-28 14:45:00-05:00,584.8599853515625,585.8599853515625,584.8599853515625,585.5999755859375,11132
2022-01-28 14:50:00-05:00,585.0999755859375,585.0999755859375,584.02001953125,584.3499755859375,10546
2022-01-28 14:55:00-05:00,584.27001953125,584.6199951171875,583.1920166015625,584.6199951171875,33461
2022-01-28 15:00:00-05:00,584.25,584.8499145507812,583.75,583.9099731445312,14248
2022-01-28 15:05:00-05:00,584.10498046875,586.9000244140625,583.969970703125,586.6400146484375,35797
2022-01-28 15:10:00-05:00,586.7249755859375,586.7249755859375,584.3599853515625,585.02001953125,20939
2022-01-28 15:15:00-05:00,585.1699829101562,586.0,585.0850219726562,585.9199829101562,14774
2022-01-28 15:20:00-05:00,586.1799926757812,588.1400146484375,585.6599731445312,586.8150024414062,18448
2022-01-28 15:25:00-05:00,587.0,587.3599853515625,584.6400146484375,585.0999755859375,35048
2022-01-28 15:30:00-05:00,585.1099853515625,586.60400390625,583.5,585.760009765625,31047
2022-01-28 15:35:00-05:00,585.4500122070312,586.1400146484375,585.4500122070312,585.8400268554688,24441
2022-01-28 15:40:00-05:00,586.0549926757812,586.969970703125,585.6300048828125,586.875,39605
2022-01-28 15:45:00-05:00,586.739990234375,590.9149780273438,586.6099853515625,590.9149780273438,46208
2022-01-28 15:50:00-05:00,591.469970703125,592.2000122070312,590.1900024414062,590.3900146484375,86758
2022-01-28 15:55:00-05:00,590.530029296875,591.1900024414062,588.8900146484375,590.1099853515625,178764
2022-01-28 16:00:00-05:00,590.47,590.47,589.86,590.43,0
2022-01-28 16:05:00-05:00,590.0,590.47,590.0,590.47,0
2022-01-28 16:10:00-05:00,588.86,589.42,587.26,587.42,0
2022-01-28 16:15:00-05:00,586.94,590.47,585.78,587.72,0
2022-01-28 16:25:00-05:00,587.0,587.0,587.0,587.0,0
2022-01-28 16:35:00-05:00,587.55,588.08,587.55,588.07,0
2022-01-28 16:40:00-05:00,590.47,590.47,590.47,590.47,0
2022-01-28 16:55:00-05:00,590.47,590.47,590.47,590.47,0
2022-01-28 17:00:00-05:00,590.47,590.47,590.47,590.47,0
2022-01-31 04:15:00-05:00,593.0,599.7,593.0,597.88,0
2022-01-31 04:20:00-05:00,597.79,601.72,596.74,598.54,0
2022-01-31 04:25:00-05:00,595.54,600.97,595.54,598.43,0
2022-01-31 04:30:00-05:00,599.71,600.09,596.2,597.61,0
2022-01-31 04:35:00-05:00,598.28,600.36,597.09,598.82,0
2022-01-31 04:40:00-05:00,598.7,599.23,597.12,597.65,0
2022-01-31 04:45:00-05:00,597.26,599.05,597.13,598.14,0
2022-01-31 04:50:00-05:00,597.76,599.95,596.76,598.35,0
2022-01-31 04:55:00-05:00,598.27,598.31,598.26,598.26,0
2022-01-31 05:05:00-05:00,598.25,598.25,598.25,598.25,0
2022-01-31 05:20:00-05:00,596.23,596.23,596.23,596.23,0
2022-01-31 05:50:00-05:00,597.55,597.55,597.55,597.55,0
2022-01-31 05:55:00-05:00,596.26,596.71,595.08,595.55,0
2022-01-31 06:00:00-05:00,595.4,597.11,595.4,596.88,0
2022-01-31 06:05:00-05:00,596.96,598.0,595.1,596.88,0
2022-01-31 06:10:00-05:00,596.53,597.23,589.78,595.38,0
2022-01-31 06:15:00-05:00,595.96,596.0,594.0,595.02,0
2022-01-31 06:20:00-05:00,594.37,596.9,594.0,594.53,0
2022-01-31 06:30:00-05:00,594.7,594.7,594.7,594.7,0
2022-01-31 06:40:00-05:00,594.7,594.7,594.7,594.7,0
2022-01-31 07:00:00-05:00,594.98,594.98,591.93,591.93,0
2022-01-31 07:05:00-05:00,591.93,591.93,587.97,587.97,0
2022-01-31 07:15:00-05:00,587.8,587.81,587.8,587.81,0
2022-01-31 07:20:00-05:00,587.79,587.79,587.21,587.21,0
2022-01-31 07:25:00-05:00,585.47,587.97,585.47,587.97,0
2022-01-31 07:30:00-05:00,587.47,588.03,585.47,588.03,0
2022-01-31 07:40:00-05:00,589.85,590.0,585.42,588.98,0
2022-01-31 07:45:00-05:00,589.18,605.0,586.2,588.02,0
2022-01-31 07:50:00-05:00,588.1,590.45,587.8,590.45,0
2022-01-31 07:55:00-05:00,590.42,590.43,588.25,588.45,0
2022-01-31 08:00:00-05:00,588.6,589.58,587.4,587.93,0
2022-01-31 08:05:00-05:00,587.91,588.9,586.43,587.7,0
2022-01-31 08:10:00-05:00,587.79,589.04,587.05,587.26,0
2022-01-31 08:15:00-05:00,587.39,595.45,587.0,587.16,0
2022-01-31 08:20:00-05:00,587.0,587.0,587.0,587.0,0
2022-01-31 08:30:00-05:00,589.48,589.48,588.8,588.8,0
2022-01-31 08:35:00-05:00,589.46,589.46,589.46,589.46,0
2022-01-31 09:10:00-05:00,586.07,586.07,586.07,586.07,0
2022-01-31 09:15:00-05:00,583.52,588.75,583.52,586.47,0
2022-01-31 09:25:00-05:00,588.69,588.9,588.69,588.9,0
2022-01-31 09:30:00-05:00,588.989990234375,590.3300170898438,584.5,588.9099731445312,64459
2022-01-31 09:35:00-05:00,588.4749755859375,594.8699951171875,588.4749755859375,593.260009765625,17829
2022-01-31 09:40:00-05:00,593.8800048828125,594.6099853515625,591.2999877929688,593.6199951171875,39681
2022-01-31 09:45:00-05:00,593.135009765625,593.52001953125,588.5700073242188,589.25,13488
2022-01-31 09:50:00-05:00,589.3400268554688,589.9450073242188,586.260009765625,588.0900268554688,18846
2022-01-31 09:55:00-05:00,587.7349853515625,593.6400146484375,587.7349853515625,591.5850219726562,11107
2022-01-31 10:00:00-05:00,592.760009765625,593.0,590.8800048828125,591.1199951171875,7123
2022-01-31 10:05:00-05:00,592.4249877929688,593.4099731445312,590.9000244140625,591.8900146484375,30312
2022-01-31 10:10:00-05:00,591.9600219726562,593.760009765625,591.9600219726562,593.6500244140625,10401
2022-01-31 10:15:00-05:00,593.239990234375,594.030029296875,592.6199951171875,592.77001953125,10885
2022-01-31 10:20:00-05:00,593.3300170898438,593.3800048828125,591.0700073242188,592.8773803710938,11301
2022-01-31 10:25:00-05:00,593.3699951171875,594.1799926757812,593.0,593.489990234375,11634
2022-01-31 10:30:00-05:00,592.9600219726562,593.4600219726562,591.5399780273438,592.760009765625,16528
2022-01-31 10:35:00-05:00,592.760009765625,593.510009765625,591.719970703125,592.4000244140625,25569
2022-01-31 10:40:00-05:00,592.3900146484375,592.3900146484375,590.8099975585938,591.6199951171875,7663
2022-01-31 10:45:00-05:00,590.9199829101562,591.5999755859375,589.77001953125,591.22998046875,15869
2022-01-31 10:50:00-05:00,591.3701782226562,592.489990234375,591.3701782226562,592.2150268554688,9011
2022-01-31 10:55:00-05:00,592.4500122070312,593.0999755859375,592.0499877929688,592.9299926757812,11136
2022-01-31 11:00:00-05:00,593.6400146484375,593.85498046875,592.5,592.6099853515625,10352
2022-01-31 11:05:00-05:00,592.4400024414062,592.9600219726562,592.0549926757812,592.3200073242188,11397
2022-01-31 11:10:00-05:00,592.3800048828125,593.489990234375,591.9550170898438,593.489990234375,10505
2022-01-31 11:15:00-05:00,592.9299926757812,594.5650024414062,592.739990234375,594.5650024414062,8515
2022-01-31 11:20:00-05:00,594.6699829101562,594.6699829101562,592.4400024414062,593.0700073242188,19976
2022-01-31 11:25:00-05:00,593.3599853515625,593.4299926757812,591.760009765625,592.0,7474
2022-01-31 11:30:00-05:00,591.530029296875,592.114990234375,591.0449829101562,592.114990234375,6355
2022-01-31 11:35:00-05:00,591.739990234375,592.0599975585938,591.1599731445312,591.5850219726562,15484
2022-01-31 11:40:00-05:00,592.0,594.0880737304688,591.9199829101562,593.9299926757812,11835
2022-01-31 11:45:00-05:00,593.739990234375,593.739990234375,592.0999755859375,592.2849731445312,16878
2022-01-31 11:50:00-05:00,592.5599975585938,593.3099975585938,592.5599975585938,592.912109375,15611
2022-01-31 11:55:00-05:00,593.3599853515625,593.6799926757812,591.8800048828125,592.1699829101562,21133
2022-01-31 12:00:00-05:00,592.25,593.2249755859375,592.0499877929688,592.25,18065
2022-01-31 12:05:00-05:00,592.260009765625,592.3350219726562,591.9299926757812,591.989990234375,4250
2022-01-31 12:10:00-05:00,591.5800170898438,591.780029296875,591.2550048828125,591.4600219726562,6904
2022-01-31 12:15:00-05:00,591.22998046875,591.239990234375,589.635009765625,589.9600219726562,12557
2022-01-31 12:20:00-05:00,590.1900024414062,590.4299926757812,589.030029296875,589.0449829101562,8902
2022-01-31 12:25:00-05:00,589.219970703125,589.4099731445312,588.6799926757812,589.0850219726562,8076
2022-01-31 12:30:00-05:00,589.0650024414062,589.0850219726562,588.02001953125,588.02001953125,8525
2022-01-31 12:35:00-05:00,588.030029296875,588.1500244140625,587.52001953125,587.5499877929688,7276
2022-01-31 12:40:00-05:00,587.5599975585938,588.9400024414062,587.52001953125,588.7000122070312,9815
2022-01-31 12:45:00-05:00,588.64501953125,589.010009765625,588.4400024414062,589.010009765625,6939
2022-01-31 12:50:00-05:00,589.1300048828125,589.2899780273438,588.6099853515625,589.219970703125,8714
2022-01-31 12:55:00-05:00,589.2750244140625,590.0250244140625,588.6300048828125,589.8400268554688,9148
2022-01-31 13:00:00-05:00,589.780029296875,590.5,589.5399780273438,590.3099975585938,12624
2022-01-31 13:05:00-05:00,590.1300048828125,590.27001953125,588.9099731445312,590.0800170898438,10989
2022-01-31 13:10:00-05:00,590.010009765625,590.510009765625,589.2899780273438,590.4199829101562,13292
2022-01-31 13:15:00-05:00,590.2150268554688,592.4749755859375,590.2150268554688,592.4749755859375,16337
2022-01-31 13:20:00-05:00,593.02001953125,593.02001953125,591.9788208007812,592.5700073242188,10945
2022-01-31 13:25:00-05:00,592.3699951171875,592.7750244140625,591.625,591.625,4309
2022-01-31 13:30:00-05:00,591.6799926757812,591.905029296875,590.3200073242188,590.8200073242188,12745
2022-01-31 13:35:00-05:00,590.47998046875,590.47998046875,588.7750244140625,588.780029296875,10649
2022-01-31 13:40:00-05:00,589.2922973632812,589.6500244140625,588.010009765625,588.010009765625,11216
2022-01-31 13:45:00-05:00,588.3200073242188,589.0599975585938,587.9199829101562,588.8599853515625,6471
2022-01-31 13:50:00-05:00,588.8900146484375,589.0549926757812,588.125,588.1649780273438,6778
2022-01-31 13:55:00-05:00,588.3200073242188,589.1900024414062,587.8150024414062,589.1900024414062,13020
2022-01-31 14:00:00-05:00,589.2100219726562,589.8900146484375,588.9000244140625,589.5700073242188,17587
2022-01-31 14:05:00-05:00,589.5800170898438,590.010009765625,588.5349731445312,590.010009765625,10807
2022-01-31 14:10:00-05:00,589.9299926757812,590.2899780273438,589.719970703125,590.010009765625,9253
2022-01-31 14:15:00-05:00,589.97998046875,590.7999877929688,589.4550170898438,589.9349975585938,11855
2022-01-31 14:20:00-05:00,590.2999877929688,591.6599731445312,590.2999877929688,591.6599731445312,5855
2022-01-31 14:25:00-05:00,591.4500122070312,592.3200073242188,591.2999877929688,592.3200073242188,9024
2022-01-31 14:30:00-05:00,592.114990234375,593.02001953125,591.780029296875,592.1300048828125,14805
2022-01-31 14:35:00-05:00,591.7899780273438,592.2000122070312,591.7374877929688,591.9500122070312,3182
2022-01-31 14:40:00-05:00,592.1799926757812,592.1799926757812,591.1400146484375,591.9349975585938,8188
2022-01-31 14:45:00-05:00,591.3400268554688,591.5999755859375,590.4299926757812,590.5399780273438,8419
2022-01-31 14:50:00-05:00,590.6799926757812,590.6799926757812,589.22998046875,589.75,13504
2022-01-31 14:55:00-05:00,589.4849853515625,590.469970703125,589.177490234375,590.3900146484375,8602
2022-01-31 15:00:00-05:00,590.5150146484375,591.4099731445312,590.0050048828125,590.89501953125,10435
2022-01-31 15:05:00-05:00,591.2100219726562,591.739990234375,589.77001953125,590.5850219726562,15312
2022-01-31 15:10:00-05:00,590.5900268554688,590.969970703125,590.0700073242188,590.0700073242188,10369
2022-01-31 15:15:00-05:00,590.3499755859375,590.6300048828125,589.6599731445312,590.0900268554688,14891
2022-01-31 15:20:00-05:00,590.25,591.5150146484375,590.0399780273438,591.2100219726562,11108
2022-01-31 15:25:00-05:00,591.2150268554688,591.72998046875,590.6699829101562,591.489990234375,13290
2022-01-31 15:30:00-05:00,591.5,592.52001953125,591.1199951171875,592.0999755859375,18501
2022-01-31 15:35:00-05:00,592.0850219726562,592.469970703125,591.7899780273438,592.155029296875,14022
2022-01-31 15:40:00-05:00,592.3049926757812,592.8200073242188,592.1749877929688,592.6400146484375,14419
2022-01-31 15:45:00-05:00,592.6300048828125,594.10498046875,592.1900024414062,594.10498046875,38601
2022-01-31 15:50:00-05:00,593.6300048828125,593.77001953125,591.77001953125,591.97998046875,68540
2022-01-31 15:55:00-05:00,592.3200073242188,593.510009765625,591.7899780273438,592.8099975585938,126541
2022-01-31 16:00:00-05:00,593.34,593.34,590.46,593.34,0
2022-01-31 16:05:00-05:00,593.34,593.47,590.52,591.72,0
2022-01-31 16:10:00-05:00,590.61,592.78,590.43,591.52,0
2022-01-31 16:15:00-05:00,590.1,593.34,589.1447,592.6,0
2022-01-31 16:20:00-05:00,593.34,593.34,593.34,593.34,0
2022-01-31 16:25:00-05:00,593.33,593.33,593.33,593.33,0
2022-01-31 16:40:00-05:00,593.34,593.34,593.34,593.34,0
2022-01-31 16:45:00-05:00,593.34,593.34,593.34,593.34,0
2022-01-31 16:50:00-05:00,593.34,593.34,593.34,593.34,0
2022-01-31 17:55:00-05:00,591.03,591.03,591.03,591.03,0
2022-01-31 18:00:00-05:00,589.24,593.34,589.24,593.34,0
2022-01-31 18:20:00-05:00,593.13,593.13,593.13,593.13,0
2022-02-01 04:00:00-05:00,588.17,595.9,587.13,588.32,0
2022-02-01 04:05:00-05:00,588.1,597.03,588.05,590.73,0
2022-02-01 04:10:00-05:00,592.0,597.0,591.01,591.9,0
2022-02-01 05:30:00-05:00,592.58,594.52,592.19,592.43,0
2022-02-01 05:35:00-05:00,593.61,593.71,591.0,593.07,0
2022-02-01 05:40:00-05:00,591.8,596.0,589.15,592.91,0
2022-02-01 05:45:00-05:00,592.01,594.95,590.0,592.14,0
2022-02-01 05:50:00-05:00,592.15,594.0,590.15,594.0,0
2022-02-01 05:55:00-05:00,592.25,592.37,591.8,592.28,0
2022-02-01 07:30:00-05:00,591.16,591.16,591.16,591.16,0
2022-02-01 07:40:00-05:00,590.33,590.33,590.05,590.33,0
2022-02-01 08:05:00-05:00,592.75,592.75,592.75,592.75,0
2022-02-01 08:10:00-05:00,592.05,592.75,592.05,592.75,0
2022-02-01 08:15:00-05:00,588.89,588.89,588.89,588.89,0
2022-02-01 08:20:00-05:00,589.05,589.1,588.89,588.89,0
2022-02-01 08:30:00-05:00,586.79,586.79,586.79,586.79,0
2022-02-01 08:55:00-05:00,593.34,593.34,593.34,593.34,0
2022-02-01 09:05:00-05:00,591.86,591.86,591.86,591.86,0
2022-02-01 09:25:00-05:00,587.67,587.75,587.67,587.67,0
2022-02-01 09:30:00-05:00,590.72998046875,594.3900146484375,588.9099731445312,594.0800170898438,53234
2022-02-01 09:35:00-05:00,591.5800170898438,592.3099975585938,589.52001953125,591.3699951171875,40928
2022-02-01 09:40:00-05:00,591.5,593.4199829101562,591.0650024414062,593.0900268554688,28103
2022-02-01 09:45:00-05:00,593.3099975585938,593.469970703125,590.9450073242188,591.5850219726562,25606
2022-02-01 09:50:00-05:00,591.2000122070312,592.6500244140625,591.2000122070312,592.25,13386
2022-02-01 09:55:00-05:00,591.5499877929688,592.1500244140625,590.3200073242188,591.5599975585938,19754
2022-02-01 10:00:00-05:00,591.6199951171875,591.6199951171875,590.0,590.8499755859375,13456
2022-02-01 10:05:00-05:00,590.739990234375,592.2100219726562,589.7000122070312,590.3599853515625,14106
2022-02-01 10:10:00-05:00,590.719970703125,591.6300048828125,590.0,591.1500244140625,8881
2022-02-01 10:15:00-05:00,591.1400146484375,592.1099853515625,589.9949951171875,590.3250122070312,17174
2022-02-01 10:20:00-05:00,590.489990234375,591.989990234375,590.010009765625,591.3499755859375,9029
2022-02-01 10:25:00-05:00,591.4949951171875,592.2899780273438,590.8599853515625,591.8300170898438,12811
2022-02-01 10:30:00-05:00,592.0,593.3200073242188,590.97998046875,591.4000244140625,33593
2022-02-01 10:35:00-05:00,591.3049926757812,592.7999877929688,591.22998046875,592.5,15983
2022-02-01 10:40:00-05:00,592.6699829101562,593.4500122070312,591.52001953125,591.8499755859375,17740
2022-02-01 10:45:00-05:00,591.77001953125,592.0,590.760009765625,590.760009765625,8513
2022-02-01 10:50:00-05:00,591.4199829101562,592.885009765625,590.9500122070312,591.47998046875,13772
2022-02-01 10:55:00-05:00,591.52001953125,592.2849731445312,591.1199951171875,591.75,15525
2022-02-01 11:00:00-05:00,591.4299926757812,591.4299926757812,589.9099731445312,589.9099731445312,9819
2022-02-01 11:05:00-05:00,590.5,591.3800048828125,589.9000244140625,591.3800048828125,7777
2022-02-01 11:10:00-05:00,591.4299926757812,591.6199951171875,590.77001953125,591.0,6840
2022-02-01 11:15:00-05:00,591.2449951171875,591.6699829101562,590.52001953125,591.22998046875,8537
2022-02-01 11:20:00-05:00,591.1599731445312,591.1599731445312,589.5800170898438,589.72998046875,16335
2022-02-01 11:25:00-05:00,589.969970703125,591.1799926757812,589.6900024414062,590.3900146484375,24245
2022-02-01 11:30:00-05:00,590.6400146484375,590.719970703125,588.5599975585938,590.0,18504
2022-02-01 11:35:00-05:00,589.8800048828125,589.8800048828125,588.469970703125,588.7150268554688,8760
2022-02-01 11:40:00-05:00,588.5599975585938,589.97998046875,588.5599975585938,589.5650024414062,13163
2022-02-01 11:45:00-05:00,590.0499877929688,590.0499877929688,588.8400268554688,589.3900146484375,8707
2022-02-01 11:50:00-05:00,589.3599853515625,589.6649780273438,588.4000244140625,588.9000244140625,7152
2022-02-01 11:55:00-05:00,588.7999877929688,589.219970703125,588.260009765625,589.1799926757812,15818
2022-02-01 12:00:00-05:00,589.4600219726562,589.510009765625,589.1199951171875,589.1199951171875,4151
2022-02-01 12:05:00-05:00,589.5700073242188,590.47998046875,589.1099853515625,590.4500122070312,8060
2022-02-01 12:10:00-05:00,590.6749877929688,590.6749877929688,589.4000244140625,589.760009765625,7348
2022-02-01 12:15:00-05:00,590.3300170898438,590.3699951171875,589.4099731445312,589.8099975585938,8914
2022-02-01 12:20:00-05:00,589.5900268554688,590.030029296875,589.4500122070312,590.030029296875,6757
2022-02-01 12:25:00-05:00,589.6500244140625,590.22998046875,589.6500244140625,590.030029296875,9678
2022-02-01 12:30:00-05:00,589.9199829101562,589.9199829101562,587.9299926757812,588.1300048828125,7179
2022-02-01 12:35:00-05:00,588.0449829101562,588.97998046875,588.0449829101562,588.47998046875,7994
2022-02-01 12:40:00-05:00,588.0999755859375,588.719970703125,587.8800048828125,588.719970703125,4308
2022-02-01 12:45:00-05:00,589.0150146484375,589.2050170898438,588.27001953125,588.75,7307
2022-02-01 12:50:00-05:00,588.989990234375,589.47998046875,588.6500244140625,589.1500244140625,6257
2022-02-01 12:55:00-05:00,589.469970703125,590.1900024414062,589.469970703125,590.0700073242188,3895
2022-02-01 13:00:00-05:00,590.0374145507812,590.1699829101562,589.5,589.5,6590
2022-02-01 13:05:00-05:00,589.594970703125,589.594970703125,588.1699829101562,588.780029296875,5983
2022-02-01 13:10:00-05:00,589.010009765625,589.6300048828125,589.010009765625,589.6300048828125,4803
2022-02-01 13:15:00-05:00,589.3300170898438,590.0,589.3200073242188,590.0,10589
2022-02-01 13:20:00-05:00,590.3150024414062,590.635009765625,590.239990234375,590.375,4172
2022-02-01 13:25:00-05:00,590.8099975585938,592.0599975585938,590.7999877929688,592.0599975585938,16401
2022-02-01 13:30:00-05:00,592.219970703125,592.5900268554688,591.8699951171875,592.3200073242188,8961
2022-02-01 13:35:00-05:00,591.8099975585938,593.47998046875,591.3699951171875,593.47998046875,8763
2022-02-01 13:40:00-05:00,593.3099975585938,593.5,592.6699829101562,593.2899780273438,7432
2022-02-01 13:45:00-05:00,593.1749877929688,593.7349853515625,593.1749877929688,593.2899780273438,6008
2022-02-01 13:50:00-05:00,592.77001953125,593.5850219726562,592.719970703125,593.3350219726562,7943
2022-02-01 13:55:00-05:00,592.9099731445312,593.8400268554688,592.9099731445312,593.8400268554688,5583
2022-02-01 14:00:00-05:00,593.97998046875,594.22998046875,593.8099975585938,593.9099731445312,4172
2022-02-01 14:05:00-05:00,594.1099853515625,594.4299926757812,593.72998046875,594.3099975585938,10160
2022-02-01 14:10:00-05:00,594.1900024414062,594.1900024414062,592.469970703125,592.469970703125,9857
2022-02-01 14:15:00-05:00,592.719970703125,592.9199829101562,592.1199951171875,592.7899780273438,6873
2022-02-01 14:20:00-05:00,592.8900146484375,594.0,592.4000244140625,593.6500244140625,6799
2022-02-01 14:25:00-05:00,593.6500244140625,594.385009765625,593.6500244140625,593.780029296875,7584
2022-02-01 14:30:00-05:00,593.7999877929688,593.8499755859375,593.5900268554688,593.5999755859375,2852
2022-02-01 14:35:00-05:00,593.9000244140625,594.4500122070312,593.739990234375,594.1699829101562,9859
2022-02-01 14:40:00-05:00,594.2449951171875,595.2000122070312,594.0,594.75,14784
2022-02-01 14:45:00-05:00,594.8400268554688,595.3800048828125,594.469970703125,594.719970703125,11194
2022-02-01 14:50:00-05:00,594.469970703125,595.4949951171875,594.4500122070312,595.1599731445312,5569
2022-02-01 14:55:00-05:00,595.1799926757812,595.1799926757812,594.3900146484375,594.3900146484375,11755
2022-02-01 15:00:00-05:00,594.2000122070312,595.3048095703125,594.2000122070312,595.1849975585938,6887
2022-02-01 15:05:00-05:00,595.1799926757812,595.4099731445312,594.780029296875,595.1099853515625,8860
2022-02-01 15:10:00-05:00,595.2249755859375,595.405029296875,594.6699829101562,595.0,15227
2022-02-01 15:15:00-05:00,595.1699829101562,595.4450073242188,594.7000122070312,594.9299926757812,13088
2022-02-01 15:20:00-05:00,595.1799926757812,595.25,594.7899780273438,595.02001953125,11937
2022-02-01 15:25:00-05:00,595.260009765625,595.3300170898438,594.6500244140625,595.3300170898438,14989
2022-02-01 15:30:00-05:00,595.4099731445312,595.9400024414062,595.375,595.8300170898438,15107
2022-02-01 15:35:00-05:00,595.7100219726562,596.02001953125,594.8300170898438,594.9249877929688,15774
2022-02-01 15:40:00-05:00,595.0700073242188,596.4450073242188,595.0700073242188,596.4450073242188,17327
2022-02-01 15:45:00-05:00,596.3099975585938,596.6300048828125,595.6699829101562,596.510009765625,20927
2022-02-01 15:50:00-05:00,596.52001953125,598.3250122070312,596.0999755859375,596.8200073242188,56756
2022-02-01 15:55:00-05:00,596.5599975585938,597.6099853515625,595.8699951171875,596.1199951171875,87862
2022-02-01 16:00:00-05:00,596.86,596.89,595.65,596.89,0
2022-02-01 16:05:00-05:00,596.89,596.89,596.89,596.89,0
2022-02-01 16:10:00-05:00,591.4707,591.4707,591.4707,591.4707,0
2022-02-01 16:25:00-05:00,596.89,596.89,596.89,596.89,0
2022-02-01 16:30:00-05:00,596.89,596.89,591.4707,591.4707,0
2022-02-01 16:40:00-05:00,596.89,596.89,596.89,596.89,0
2022-02-01 16:45:00-05:00,596.89,596.89,596.89,596.89,0
2022-02-01 16:50:00-05:00,596.89,596.89,596.89,596.89,0
2022-02-01 17:00:00-05:00,596.89,596.89,594.94,595.64,0
2022-02-01 17:05:00-05:00,595.58,595.73,593.14,594.07,0
2022-02-01 17:10:00-05:00,593.47,596.89,593.35,596.89,0
2022-02-01 17:30:00-05:00,590.65,590.65,590.65,590.65,0
2022-02-01 17:40:00-05:00,596.89,596.89,596.89,596.89,0
2022-02-01 18:35:00-05:00,591.1,591.1,591.1,591.1,0
2022-02-02 07:00:00-05:00,598.0,598.0,598.0,598.0,0
2022-02-02 07:10:00-05:00,596.89,596.89,596.89,596.89,0
2022-02-02 07:15:00-05:00,597.39,597.39,597.39,597.39,0
2022-02-02 07:35:00-05:00,597.27,598.55,597.12,598.55,0
2022-02-02 07:45:00-05:00,598.68,598.68,598.68,598.68,0
2022-02-02 08:00:00-05:00,596.89,597.89,594.64,594.64,0
2022-02-02 08:15:00-05:00,596.89,596.89,596.89,596.89,0
2022-02-02 08:20:00-05:00,596.89,596.89,596.89,596.89,0
2022-02-02 09:00:00-05:00,590.65,590.65,590.65,590.65,0
2022-02-02 09:15:00-05:00,596.89,596.89,596.89,596.89,0
2022-02-02 09:25:00-05:00,597.21,598.19,596.89,596.89,0
2022-02-02 09:30:00-05:00,598.25,603.7100219726562,593.7550048828125,602.9500122070312,38246
2022-02-02 09:35:00-05:00,599.3599853515625,599.3599853515625,595.0399780273438,595.0399780273438,25840
2022-02-02 09:40:00-05:00,593.7999877929688,595.0599975585938,593.6199951171875,594.0999755859375,10262
2022-02-02 09:45:00-05:00,594.1300048828125,594.4600219726562,592.6649780273438,592.8300170898438,18212
2022-02-02 09:50:00-05:00,592.8400268554688,594.3499755859375,592.5599975585938,592.9600219726562,19949
2022-02-02 09:55:00-05:00,593.1599731445312,596.3900146484375,592.3400268554688,596.3900146484375,50425
2022-02-02 10:00:00-05:00,596.5,597.9000244140625,595.1199951171875,595.4400024414062,6616
2022-02-02 10:05:00-05:00,595.1400146484375,595.9099731445312,593.969970703125,595.3599853515625,22220
2022-02-02 10:10:00-05:00,595.2254028320312,596.260009765625,594.260009765625,594.739990234375,31572
2022-02-02 10:15:00-05:00,594.7999877929688,596.0,594.1199951171875,595.8599853515625,4953
2022-02-02 10:20:00-05:00,596.1599731445312,596.3599853515625,595.989990234375,596.3300170898438,3705
2022-02-02 10:25:00-05:00,596.1900024414062,596.75,595.5999755859375,596.5349731445312,7653
2022-02-02 10:30:00-05:00,596.6199951171875,597.1099853515625,596.1500244140625,596.3900146484375,6857
2022-02-02 10:35:00-05:00,596.3699951171875,597.1699829101562,595.1199951171875,596.72998046875,10286
2022-02-02 10:40:00-05:00,596.510009765625,596.5999755859375,595.6199951171875,596.2899780273438,3162
2022-02-02 10:45:00-05:00,596.02001953125,596.780029296875,596.02001953125,596.7100219726562,8451
2022-02-02 10:50:00-05:00,596.530029296875,596.5900268554688,594.6300048828125,594.6300048828125,8675
2022-02-02 10:55:00-05:00,594.6699829101562,595.52001953125,594.4099731445312,595.3200073242188,5402
2022-02-02 11:00:00-05:00,595.2999877929688,595.7899780273438,594.4199829101562,595.719970703125,6916
2022-02-02 11:05:00-05:00,595.5800170898438,595.5800170898438,594.6599731445312,595.3900146484375,10302
2022-02-02 11:10:00-05:00,596.052490234375,596.125,595.739990234375,595.9199829101562,13235
2022-02-02 11:15:00-05:00,595.760009765625,596.260009765625,595.0850219726562,595.0850219726562,9956
2022-02-02 11:20:00-05:00,595.2000122070312,595.5499877929688,593.6099853515625,593.6099853515625,12428
2022-02-02 11:25:00-05:00,594.22998046875,594.469970703125,593.530029296875,593.9099731445312,8379
2022-02-02 11:30:00-05:00,593.6400146484375,593.6400146484375,592.655029296875,593.6300048828125,9932
2022-02-02 11:35:00-05:00,593.6300048828125,594.0800170898438,593.5800170898438,594.0800170898438,10585
2022-02-02 11:40:00-05:00,594.22998046875,596.02001953125,594.22998046875,595.75,6496
2022-02-02 11:45:00-05:00,595.22998046875,596.5999755859375,595.1099853515625,595.6699829101562,8718
2022-02-02 11:50:00-05:00,595.4600219726562,595.6900024414062,593.3099975585938,593.6799926757812,8213
2022-02-02 11:55:00-05:00,593.510009765625,594.8900146484375,593.5,594.8300170898438,7533
2022-02-02 12:00:00-05:00,594.6099853515625,595.8350219726562,594.4500122070312,595.72998046875,5477
2022-02-02 12:05:00-05:00,595.9199829101562,597.3400268554688,595.6199951171875,597.1099853515625,7849
2022-02-02 12:10:00-05:00,597.0800170898438,597.1900024414062,596.6099853515625,597.1500244140625,7572
2022-02-02 12:15:00-05:00,597.3400268554688,597.9749755859375,596.6300048828125,596.6300048828125,7167
2022-02-02 12:20:00-05:00,596.6699829101562,597.9500122070312,596.6699829101562,597.3499755859375,9985
2022-02-02 12:25:00-05:00,597.5599975585938,597.6649780273438,596.8599853515625,597.2999877929688,9169
2022-02-02 12:30:00-05:00,596.9500122070312,597.5900268554688,596.5,597.0750122070312,8614
2022-02-02 12:35:00-05:00,597.27001953125,598.4349975585938,597.27001953125,598.4349975585938,6365
2022-02-02 12:40:00-05:00,598.5250244140625,598.5250244140625,597.6099853515625,597.6099853515625,4816
2022-02-02 12:45:00-05:00,597.510009765625,598.8200073242188,597.3499755859375,597.9749755859375,4552
2022-02-02 12:50:00-05:00,597.6328735351562,598.469970703125,597.3699951171875,598.3499755859375,5353
2022-02-02 12:55:00-05:00,598.3699951171875,598.8300170898438,598.2949829101562,598.8300170898438,4591
2022-02-02 13:00:00-05:00,598.6199951171875,598.7100219726562,598.3300170898438,598.3300170898438,4054
2022-02-02 13:05:00-05:00,598.2550048828125,599.280029296875,598.10498046875,598.77001953125,16893
2022-02-02 13:10:00-05:00,598.2000122070312,598.2000122070312,597.3800048828125,597.469970703125,3071
2022-02-02 13:15:00-05:00,597.760009765625,598.0399780273438,596.9299926757812,596.9299926757812,5874
2022-02-02 13:20:00-05:00,597.4299926757812,597.7150268554688,597.22998046875,597.4199829101562,8972
2022-02-02 13:25:00-05:00,597.4650268554688,597.5499877929688,596.4974975585938,596.5599975585938,11768
2022-02-02 13:30:00-05:00,596.6500244140625,597.8699951171875,596.6500244140625,597.760009765625,5908
2022-02-02 13:35:00-05:00,597.760009765625,598.6300048828125,597.7000122070312,598.47998046875,9855
2022-02-02 13:40:00-05:00,598.6900024414062,599.3800048828125,598.4500122070312,598.489990234375,16412
2022-02-02 13:45:00-05:00,598.489990234375,599.1400146484375,598.280029296875,598.482177734375,9190
2022-02-02 13:50:00-05:00,598.2750244140625,598.2750244140625,597.7100219726562,597.8099975585938,3512
2022-02-02 13:55:00-05:00,597.7349853515625,597.7666015625,596.6099853515625,596.6699829101562,5583
2022-02-02 14:00:00-05:00,596.780029296875,597.3400268554688,596.6099853515625,597.3400268554688,7856
2022-02-02 14:05:00-05:00,597.1699829101562,597.4600219726562,596.5399780273438,597.35498046875,4617
2022-02-02 14:10:00-05:00,597.4600219726562,598.25,597.1699829101562,597.2050170898438,7871
2022-02-02 14:15:00-05:00,597.280029296875,597.77001953125,597.2100219726562,597.77001953125,9422
2022-02-02 14:20:00-05:00,597.8699951171875,598.1199951171875,597.6400146484375,597.6400146484375,5514
2022-02-02 14:25:00-05:00,597.5700073242188,598.260009765625,597.52001953125,598.2100219726562,4647
2022-02-02 14:30:00-05:00,598.3499755859375,598.739990234375,597.9400024414062,598.3699951171875,14455
2022-02-02 14:35:00-05:00,598.5150146484375,599.0700073242188,597.97998046875,599.0700073242188,9400
2022-02-02 14:40:00-05:00,599.0800170898438,599.1849975585938,598.39501953125,598.5,4511
2022-02-02 14:45:00-05:00,598.25,598.25,597.6599731445312,597.8400268554688,5359
2022-02-02 14:50:00-05:00,598.010009765625,598.4299926757812,597.9199829101562,598.3200073242188,8581
2022-02-02 14:55:00-05:00,598.4400024414062,598.5449829101562,597.97998046875,598.1749877929688,8426
2022-02-02 15:00:00-05:00,598.2050170898438,599.3900146484375,598.0750122070312,599.3300170898438,17222
2022-02-02 15:05:00-05:00,599.0499877929688,599.3200073242188,598.739990234375,599.3200073242188,6849
2022-02-02 15:10:00-05:00,599.0800170898438,599.760009765625,598.5700073242188,599.760009765625,11929
2022-02-02 15:15:00-05:00,599.6400146484375,600.9600219726562,599.5399780273438,600.9600219726562,10901
2022-02-02 15:20:00-05:00,600.3099975585938,600.6300048828125,600.1749877929688,600.3599853515625,7713
2022-02-02 15:25:00-05:00,600.4400024414062,601.1099853515625,600.0399780273438,600.7000122070312,13888
2022-02-02 15:30:00-05:00,600.9500122070312,602.9400024414062,600.9299926757812,601.9000244140625,18099
2022-02-02 15:35:00-05:00,601.844970703125,601.844970703125,600.219970703125,600.72998046875,18492
2022-02-02 15:40:00-05:00,600.5999755859375,601.1199951171875,599.8499755859375,600.239990234375,26803
2022-02-02 15:45:00-05:00,600.510009765625,601.219970703125,599.7899780273438,600.4299926757812,27790
2022-02-02 15:50:00-05:00,600.0900268554688,600.6599731445312,599.8499755859375,600.2999877929688,43247
2022-02-02 15:55:00-05:00,600.4349975585938,601.3699951171875,599.7899780273438,600.22998046875,74248
2022-02-02 16:00:00-05:00,600.24,600.36,599.14,600.24,0
2022-02-02 16:05:00-05:00,601.25,602.4,594.2126,600.23,0
2022-02-02 16:10:00-05:00,600.31,600.49,597.9784,600.24,0
2022-02-02 16:15:00-05:00,601.0,605.46,601.0,603.4,0
2022-02-02 16:20:00-05:00,604.52,604.52,600.55,602.65,0
2022-02-02 16:25:00-05:00,600.24,600.24,600.24,600.24,0
2022-02-02 16:30:00-05:00,600.51,600.51,600.51,600.51,0
2022-02-02 16:35:00-05:00,600.51,600.51,598.62,600.24,0
2022-02-02 16:40:00-05:00,601.54,603.17,600.23,602.75,0
2022-02-02 16:45:00-05:00,602.13,602.13,602.13,602.13,0
2022-02-02 16:50:00-05:00,602.38,602.38,602.38,602.38,0
2022-02-02 16:55:00-05:00,600.24,600.24,600.24,600.24,0
2022-02-02 17:00:00-05:00,602.72,604.26,602.72,603.66,0
2022-02-02 17:05:00-05:00,602.33,604.12,602.12,603.54,0
2022-02-02 17:10:00-05:00,602.71,605.77,601.53,601.53,0
2022-02-02 17:15:00-05:00,601.69,605.0,601.69,604.81,0
2022-02-02 17:25:00-05:00,603.02,603.02,603.02,603.02,0
2022-02-02 17:30:00-05:00,600.24,600.24,600.24,600.24,0
2022-02-02 17:40:00-05:00,602.7,602.7,602.7,602.7,0
2022-02-02 18:30:00-05:00,602.0,602.0,601.31,601.31,0
2022-02-02 18:45:00-05:00,601.26,601.26,600.03,600.03,0
2022-02-02 18:50:00-05:00,601.27,601.27,600.03,600.03,0
2022-02-03 04:05:00-05:00,597.15,597.15,597.15,597.15,0
2022-02-03 04:35:00-05:00,600.11,600.11,600.11,600.11,0
2022-02-03 04:40:00-05:00,600.2,600.2,600.2,600.2,0
2022-02-03 08:00:00-05:00,597.36,602.85,597.36,602.85,0
2022-02-03 08:05:00-05:00,599.71,599.71,598.75,599.65,0
2022-02-03 08:10:00-05:00,599.56,599.56,598.65,598.99,0
2022-02-03 08:45:00-05:00,598.99,598.99,598.99,598.99,0
2022-02-03 08:50:00-05:00,597.37,597.37,597.36,597.36,0
2022-02-03 09:00:00-05:00,598.87,608.82,598.4,608.82,0
2022-02-03 09:25:00-05:00,607.0,607.31,600.72,600.72,0
2022-02-03 09:30:00-05:00,600.719970703125,604.8900146484375,596.0399780273438,601.030029296875,25873
2022-02-03 09:35:00-05:00,603.4400024414062,605.9600219726562,600.6900024414062,603.4400024414062,14663
2022-02-03 09:40:00-05:00,603.4299926757812,604.4600219726562,600.5900268554688,602.6599731445312,20171
2022-02-03 09:45:00-05:00,603.5700073242188,604.8300170898438,601.0599975585938,601.0599975585938,17321
2022-02-03 09:50:00-05:00,601.8200073242188,603.1199951171875,601.510009765625,601.5850219726562,10873
2022-02-03 09:55:00-05:00,602.2999877929688,603.760009765625,601.6699829101562,602.8300170898438,23552
2022-02-03 10:00:00-05:00,602.8699951171875,604.0599975585938,600.530029296875,600.8400268554688,17198
2022-02-03 10:05:00-05:00,600.27001953125,602.4600219726562,600.0399780273438,600.9600219726562,19273
2022-02-03 10:10:00-05:00,600.8925170898438,601.739990234375,600.1500244140625,601.489990234375,8418
2022-02-03 10:15:00-05:00,601.760009765625,602.969970703125,599.0,599.719970703125,13845
2022-02-03 10:20:00-05:00,599.7000122070312,600.3499755859375,599.3900146484375,599.8400268554688,9414
2022-02-03 10:25:00-05:00,600.0999755859375,600.6199951171875,598.77001953125,600.10498046875,7143
2022-02-03 10:30:00-05:00,600.3800048828125,602.5,599.8599853515625,602.2000122070312,13284
2022-02-03 10:35:00-05:00,602.2100219726562,605.989990234375,601.780029296875,605.875,25834
2022-02-03 10:40:00-05:00,605.989990234375,606.3099975585938,604.4000244140625,606.1199951171875,10904
2022-02-03 10:45:00-05:00,605.7849731445312,605.8699951171875,604.3300170898438,605.3099975585938,10210
2022-02-03 10:50:00-05:00,605.6099853515625,606.1300048828125,604.719970703125,605.2899780273438,28799
2022-02-03 10:55:00-05:00,605.0850219726562,606.1500244140625,604.5700073242188,605.27001953125,15929
2022-02-03 11:00:00-05:00,605.2899780273438,606.6500244140625,604.6699829101562,606.6500244140625,9926
2022-02-03 11:05:00-05:00,606.385009765625,608.47998046875,606.0599975585938,608.47998046875,14575
2022-02-03 11:10:00-05:00,608.1099853515625,610.3900146484375,607.5549926757812,610.1400146484375,19359
2022-02-03 11:15:00-05:00,610.1500244140625,613.030029296875,610.1400146484375,612.8800048828125,31457
2022-02-03 11:20:00-05:00,612.8699951171875,613.9099731445312,612.2000122070312,613.6224975585938,23950
2022-02-03 11:25:00-05:00,613.6199951171875,617.280029296875,613.6199951171875,616.260009765625,72809
2022-02-03 11:30:00-05:00,616.780029296875,618.1099853515625,616.0,616.5399780273438,55263
2022-02-03 11:35:00-05:00,616.5399780273438,618.0465087890625,616.4749755859375,617.8300170898438,26468
2022-02-03 11:40:00-05:00,617.469970703125,617.6500244140625,615.4500122070312,616.0700073242188,26976
2022-02-03 11:45:00-05:00,616.1099853515625,617.6799926757812,616.0650024414062,617.5650024414062,48318
2022-02-03 11:50:00-05:00,617.739990234375,621.0,617.6699829101562,620.9600219726562,87333
2022-02-03 11:55:00-05:00,620.7849731445312,620.989990234375,615.6599731445312,615.89501953125,24535
2022-02-03 12:00:00-05:00,616.2000122070312,616.2000122070312,614.9099731445312,615.8300170898438,16352
2022-02-03 12:05:00-05:00,615.8300170898438,616.9849853515625,615.5,616.219970703125,29916
2022-02-03 12:10:00-05:00,616.3900146484375,617.1799926757812,615.7999877929688,617.0900268554688,23223
2022-02-03 12:15:00-05:00,617.1099853515625,618.6199951171875,617.1099853515625,618.4299926757812,24161
2022-02-03 12:20:00-05:00,618.2899780273438,619.2550048828125,617.6699829101562,618.4849853515625,41146
2022-02-03 12:25:00-05:00,618.530029296875,619.4199829101562,618.0399780273438,618.5800170898438,15615
2022-02-03 12:30:00-05:00,618.2899780273438,618.8624877929688,617.4600219726562,618.8624877929688,12258
2022-02-03 12:35:00-05:00,619.010009765625,619.0599975585938,618.0549926757812,618.0900268554688,18945
2022-02-03 12:40:00-05:00,617.72998046875,618.1400146484375,616.5499877929688,616.5549926757812,109752
2022-02-03 12:45:00-05:00,616.1900024414062,616.1900024414062,615.3150024414062,615.780029296875,7957
2022-02-03 12:50:00-05:00,616.0900268554688,616.3699951171875,615.0700073242188,615.467529296875,8129
2022-02-03 12:55:00-05:00,615.4500122070312,615.8699951171875,614.9500122070312,615.5650024414062,6904
2022-02-03 13:00:00-05:00,615.510009765625,615.510009765625,614.3099975585938,614.4500122070312,9188
2022-02-03 13:05:00-05:00,614.4349975585938,614.77001953125,613.530029296875,614.239990234375,11343
2022-02-03 13:10:00-05:00,614.1400146484375,614.4199829101562,612.9299926757812,612.9299926757812,11043
2022-02-03 13:15:00-05:00,613.2100219726562,614.1500244140625,612.8250122070312,614.1500244140625,12277
2022-02-03 13:20:00-05:00,614.2100219726562,614.5999755859375,613.3900146484375,614.2100219726562,9556
2022-02-03 13:25:00-05:00,614.1849975585938,614.219970703125,613.6849975585938,613.6849975585938,5561
2022-02-03 13:30:00-05:00,613.6749877929688,614.3200073242188,612.969970703125,613.0700073242188,14532
2022-02-03 13:35:00-05:00,613.0700073242188,613.0700073242188,611.3300170898438,611.6868286132812,5498
2022-02-03 13:40:00-05:00,611.7000122070312,611.8400268554688,609.5599975585938,609.77001953125,7647
2022-02-03 13:45:00-05:00,610.0900268554688,611.6900024414062,609.2000122070312,611.25,16705
2022-02-03 13:50:00-05:00,611.5,611.8699951171875,610.72998046875,611.219970703125,12190
2022-02-03 13:55:00-05:00,611.219970703125,611.22998046875,609.8400268554688,610.4650268554688,11508
2022-02-03 14:00:00-05:00,610.75,611.5599975585938,610.7100219726562,611.3699951171875,11778
2022-02-03 14:05:00-05:00,611.5599975585938,612.4299926757812,611.405029296875,611.5050048828125,12707
2022-02-03 14:10:00-05:00,611.8800048828125,612.6699829101562,611.0650024414062,611.3499755859375,11650
2022-02-03 14:15:00-05:00,611.3300170898438,611.969970703125,611.1799926757812,611.35498046875,7241
2022-02-03 14:20:00-05:00,611.3300170898438,611.5499877929688,610.239990234375,610.239990234375,9335
2022-02-03 14:25:00-05:00,610.1699829101562,610.2100219726562,608.6599731445312,608.7449951171875,7400
2022-02-03 14:30:00-05:00,608.5650024414062,610.0,608.344970703125,609.8900146484375,8876
2022-02-03 14:35:00-05:00,609.405029296875,610.239990234375,608.0999755859375,608.0999755859375,10084
2022-02-03 14:40:00-05:00,608.5880126953125,608.5880126953125,607.3699951171875,607.7000122070312,13020
2022-02-03 14:45:00-05:00,607.780029296875,608.6799926757812,607.4650268554688,607.8469848632812,10691
2022-02-03 14:50:00-05:00,607.9450073242188,608.469970703125,607.4625244140625,607.7725219726562,12313
2022-02-03 14:55:00-05:00,607.8900146484375,610.02001953125,607.885009765625,609.780029296875,15625
2022-02-03 15:00:00-05:00,609.7899780273438,610.5399780273438,608.530029296875,608.530029296875,19769
2022-02-03 15:05:00-05:00,608.75,609.3300170898438,608.2050170898438,609.2899780273438,13249
2022-02-03 15:25:00-05:00,611.0900268554688,611.6699829101562,611.0900268554688,611.6699829101562,63858
2022-02-03 15:30:00-05:00,611.5549926757812,611.780029296875,610.8800048828125,611.280029296875,14261
2022-02-03 15:35:00-05:00,611.2100219726562,611.469970703125,610.280029296875,610.4949951171875,18465
2022-02-03 15:40:00-05:00,610.5800170898438,611.8099975585938,610.4949951171875,611.8099975585938,21819
2022-02-03 15:45:00-05:00,611.5549926757812,611.7550048828125,610.0549926757812,611.0499877929688,28802
2022-02-03 15:50:00-05:00,611.22998046875,611.8699951171875,610.22998046875,611.6900024414062,53452
2022-02-03 15:55:00-05:00,611.8499755859375,612.719970703125,610.1710205078125,610.5,126104
2022-02-03 16:00:00-05:00,610.45,610.45,610.45,610.45,0
2022-02-04 14:55:00-05:00,609.8699951171875,610.3250122070312,609.2650146484375,609.760009765625,788724
2022-02-04 15:00:00-05:00,609.6199951171875,611.4500122070312,609.6199951171875,611.0800170898438,7500
2022-02-04 15:05:00-05:00,611.0800170898438,611.9650268554688,610.5900268554688,611.9650268554688,9333
2022-02-04 15:10:00-05:00,611.5399780273438,612.6799926757812,611.5399780273438,611.8300170898438,29550
2022-02-04 15:15:00-05:00,611.8200073242188,611.8699951171875,611.280029296875,611.2999877929688,7111
2022-02-04 15:20:00-05:00,611.4000244140625,612.5900268554688,611.4000244140625,612.5800170898438,8878
2022-02-04 15:25:00-05:00,612.6599731445312,613.1799926757812,610.8099975585938,611.02001953125,36292
2022-02-04 15:30:00-05:00,611.22998046875,611.9088745117188,611.1099853515625,611.4000244140625,13572
2022-02-04 15:35:00-05:00,611.4000244140625,611.4000244140625,609.8300170898438,610.2100219726562,11983
2022-02-04 15:40:00-05:00,610.0900268554688,610.5,609.2000122070312,609.27001953125,20212
2022-02-04 15:45:00-05:00,609.3599853515625,609.47998046875,607.7899780273438,608.3200073242188,23101
2022-02-04 15:50:00-05:00,608.5,609.6199951171875,608.1799926757812,609.260009765625,35829
2022-02-04 15:55:00-05:00,609.0499877929688,609.6500244140625,608.4199829101562,608.9199829101562,90522
2022-02-04 16:00:00-05:00,608.92,608.92,608.92,608.92,0
2022-02-04 16:05:00-05:00,608.92,608.92,607.6283,608.92,0
2022-02-04 16:10:00-05:00,608.43,608.43,607.02,607.02,0
2022-02-04 16:15:00-05:00,606.73,608.92,606.29,607.33,0
2022-02-04 16:20:00-05:00,607.59,608.11,604.52,607.35,0
2022-02-04 16:25:00-05:00,608.0,608.92,606.7,607.5,0
2022-02-04 16:30:00-05:00,608.35,608.92,604.48,608.42,0
2022-02-04 16:35:00-05:00,608.92,608.92,608.92,608.92,0
2022-02-04 17:00:00-05:00,608.92,608.92,608.92,608.92,0
2022-02-07 16:00:00-05:00,610.75,610.75,610.75,610.75,2276
2022-02-08 04:40:00-05:00,611.62,617.09,611.62,612.66,0
2022-02-08 04:45:00-05:00,614.95,615.95,611.78,612.84,0
2022-02-08 04:50:00-05:00,613.04,614.2,613.04,613.56,0
2022-02-08 05:15:00-05:00,613.08,613.08,612.8,612.8,0
2022-02-08 05:30:00-05:00,613.05,613.05,612.9,612.9,0
2022-02-08 07:20:00-05:00,611.01,611.01,610.75,610.75,0
2022-02-08 07:25:00-05:00,610.75,610.75,610.75,610.75,0
2022-02-08 08:25:00-05:00,610.75,610.75,610.75,610.75,0
2022-02-08 08:30:00-05:00,610.75,610.75,610.75,610.75,0
2022-02-08 08:45:00-05:00,610.75,610.75,610.75,610.75,0
2022-02-08 08:50:00-05:00,610.75,610.75,610.75,610.75,0
2022-02-08 08:55:00-05:00,610.75,611.45,610.75,611.45,0
2022-02-08 09:00:00-05:00,611.45,611.45,610.75,610.75,0
2022-02-08 09:05:00-05:00,610.75,610.75,609.96,610.31,0
2022-02-08 09:15:00-05:00,609.6,609.6,608.7,608.7,0
2022-02-08 09:25:00-05:00,613.25,616.16,607.8,611.55,0
2022-02-08 09:30:00-05:00,612.8800048828125,613.719970703125,612.5800170898438,612.8300170898438,15328
2022-02-08 09:35:00-05:00,612.6400146484375,612.6500244140625,610.7999877929688,612.4099731445312,6888
2022-02-08 09:40:00-05:00,612.2999877929688,612.2999877929688,610.0,610.3599853515625,10281
2022-02-08 09:45:00-05:00,611.0,612.0,610.5399780273438,610.5399780273438,18122
2022-02-08 09:50:00-05:00,611.1799926757812,611.2999877929688,610.3699951171875,610.6599731445312,15819
2022-02-08 09:55:00-05:00,610.6300048828125,611.0050048828125,609.9000244140625,610.0900268554688,10245
2022-02-08 10:00:00-05:00,610.6950073242188,610.8800048828125,610.22998046875,610.2949829101562,20414
2022-02-08 10:05:00-05:00,610.1900024414062,610.3599853515625,609.1500244140625,609.1500244140625,16837
2022-02-08 10:10:00-05:00,608.5599975585938,611.0,608.4000244140625,609.9019775390625,42345
2022-02-08 10:15:00-05:00,609.9005126953125,611.0850219726562,609.9005126953125,610.8400268554688,19417
2022-02-08 10:20:00-05:00,611.1699829101562,612.5399780273438,610.719970703125,612.0,31393
2022-02-08 10:25:00-05:00,612.0999755859375,612.1400146484375,611.1699829101562,611.510009765625,5778
2022-02-08 10:30:00-05:00,611.4199829101562,611.8400268554688,611.28662109375,611.6300048828125,12921
2022-02-08 10:35:00-05:00,611.6300048828125,612.530029296875,611.5,612.4299926757812,10627
2022-02-08 10:40:00-05:00,612.1300048828125,612.5499877929688,611.864990234375,612.0900268554688,28229
2022-02-08 10:45:00-05:00,612.3900146484375,615.8400268554688,612.0,614.6599731445312,41148
2022-02-08 10:50:00-05:00,614.5499877929688,614.7999877929688,614.3599853515625,614.7999877929688,5075
2022-02-08 10:55:00-05:00,614.7999877929688,615.0,614.22998046875,614.5599975585938,12159
2022-02-08 11:00:00-05:00,614.5,615.1599731445312,614.35498046875,614.9849853515625,14726
2022-02-08 11:05:00-05:00,614.8200073242188,614.8599853515625,613.5599975585938,613.5599975585938,15475
2022-02-08 11:10:00-05:00,613.8300170898438,614.1300048828125,613.3699951171875,613.9500122070312,11716
2022-02-08 11:15:00-05:00,613.8400268554688,613.9299926757812,612.5800170898438,612.8599853515625,18770
2022-02-08 11:20:00-05:00,612.864990234375,613.0349731445312,612.2550048828125,612.489990234375,5333
2022-02-08 11:25:00-05:00,612.5,612.5800170898438,612.0,612.1500244140625,11065
2022-02-08 11:30:00-05:00,612.2999877929688,613.760009765625,612.2999877929688,613.47998046875,59040
2022-02-08 11:35:00-05:00,613.469970703125,613.530029296875,612.6849975585938,612.6849975585938,6602
2022-02-08 11:40:00-05:00,612.5850219726562,613.0,612.260009765625,613.0,7108
2022-02-08 11:45:00-05:00,613.125,613.2999877929688,612.8499755859375,613.0999755859375,6280
2022-02-08 11:50:00-05:00,613.0549926757812,613.280029296875,612.7750244140625,612.9650268554688,5839
2022-02-08 11:55:00-05:00,613.02001953125,613.239990234375,612.7000122070312,613.02001953125,6920
2022-02-08 12:00:00-05:00,613.1599731445312,613.5700073242188,613.114990234375,613.2150268554688,6017
2022-02-08 12:05:00-05:00,613.0399780273438,613.0399780273438,611.2100219726562,612.135009765625,11303
2022-02-08 12:10:00-05:00,612.0599975585938,612.1500244140625,611.5499877929688,611.5599975585938,6616
2022-02-08 12:15:00-05:00,611.9099731445312,612.0,611.5800170898438,611.7100219726562,3192
2022-02-08 12:20:00-05:00,611.7100219726562,611.9500122070312,611.5599975585938,611.5599975585938,5803
2022-02-08 12:25:00-05:00,611.6699829101562,611.8499755859375,610.75,610.75,6560
2022-02-08 12:30:00-05:00,611.27001953125,612.22998046875,611.27001953125,612.1199951171875,18246
2022-02-08 12:35:00-05:00,612.1199951171875,613.0,612.1199951171875,612.7000122070312,28045
2022-02-08 12:40:00-05:00,612.989990234375,613.0,612.0549926757812,612.2000122070312,8189
2022-02-08 12:45:00-05:00,612.135009765625,612.6300048828125,611.6500244140625,612.530029296875,18682
2022-02-08 12:50:00-05:00,612.9500122070312,613.0,612.7999877929688,613.0,4353
2022-02-08 12:55:00-05:00,612.7000122070312,613.0650024414062,612.6699829101562,613.0650024414062,5264
2022-02-08 13:00:00-05:00,613.2899780273438,613.5,612.4299926757812,612.4500122070312,26232
2022-02-08 13:05:00-05:00,612.6199951171875,613.1199951171875,612.5499877929688,612.5599975585938,5404
2022-02-08 13:10:00-05:00,612.6599731445312,613.0900268554688,612.3699951171875,612.8800048828125,4247
2022-02-08 13:15:00-05:00,612.8300170898438,612.8699951171875,612.2000122070312,612.8699951171875,8748
2022-02-08 13:20:00-05:00,612.969970703125,613.0,612.6900024414062,612.89501953125,5337
2022-02-08 13:25:00-05:00,612.7999877929688,612.875,612.260009765625,612.260009765625,6932
2022-02-08 13:30:00-05:00,612.5399780273438,613.0,612.4500122070312,612.5900268554688,5924
2022-02-08 13:35:00-05:00,612.5850219726562,612.739990234375,611.8200073242188,611.9000244140625,7580
2022-02-08 13:40:00-05:00,612.4400024414062,612.5900268554688,612.0700073242188,612.5050048828125,6413
2022-02-08 13:45:00-05:00,612.5,613.030029296875,612.27001953125,612.5700073242188,15372
2022-02-08 13:50:00-05:00,612.280029296875,612.9299926757812,612.22998046875,612.5700073242188,5649
2022-02-08 13:55:00-05:00,612.7000122070312,613.1152954101562,612.3200073242188,612.7949829101562,6309
2022-02-08 14:00:00-05:00,613.0,613.0,612.3250122070312,612.530029296875,7667
2022-02-08 14:05:00-05:00,612.3699951171875,612.60498046875,612.0,612.1599731445312,7309
2022-02-08 14:10:00-05:00,612.0,612.2899780273438,611.4400024414062,612.27001953125,9718
2022-02-08 14:15:00-05:00,612.2750244140625,612.4099731445312,611.4199829101562,611.5,8906
2022-02-08 14:20:00-05:00,611.5850219726562,611.6300048828125,610.22998046875,610.22998046875,2475
2022-02-08 14:25:00-05:00,610.2000122070312,610.9600219726562,610.2000122070312,610.7999877929688,11603
2022-02-08 14:30:00-05:00,610.52001953125,610.75,610.0999755859375,610.6799926757812,8679
2022-02-08 14:35:00-05:00,610.6699829101562,610.9199829101562,610.1500244140625,610.1500244140625,7717
2022-02-08 14:40:00-05:00,610.1799926757812,610.3499755859375,609.8361206054688,610.3300170898438,7857
2022-02-08 14:45:00-05:00,610.3049926757812,610.5800170898438,609.6699829101562,609.989990234375,7399
2022-02-08 14:50:00-05:00,610.0,610.4299926757812,609.75,610.219970703125,9100
2022-02-08 14:55:00-05:00,610.3099975585938,610.4199829101562,609.969970703125,610.25,6681
2022-02-08 15:00:00-05:00,609.969970703125,610.8699951171875,609.6599731445312,610.8699951171875,19946
2022-02-08 15:05:00-05:00,610.780029296875,611.3699951171875,610.0,611.3699951171875,13430
2022-02-08 15:10:00-05:00,611.4199829101562,612.2000122070312,611.4199829101562,611.7100219726562,7482
2022-02-08 15:15:00-05:00,611.8699951171875,612.489990234375,611.6799926757812,612.239990234375,9570
2022-02-08 15:20:00-05:00,612.3499755859375,612.5650024414062,611.7000122070312,612.0499877929688,20826
2022-02-08 15:25:00-05:00,612.0,612.0,610.8200073242188,611.5700073242188,10687
2022-02-08 15:30:00-05:00,611.5499877929688,612.6699829101562,611.4849853515625,612.6699829101562,14640
2022-02-08 15:35:00-05:00,612.5050048828125,612.5050048828125,611.75,611.7899780273438,23780
2022-02-08 15:40:00-05:00,612.030029296875,612.3499755859375,611.7899780273438,611.7899780273438,20364
2022-02-08 15:45:00-05:00,611.7050170898438,611.7050170898438,610.3400268554688,610.72998046875,32100
2022-02-08 15:50:00-05:00,610.6699829101562,610.719970703125,609.875,609.9500122070312,50526
2022-02-08 15:55:00-05:00,610.0800170898438,611.030029296875,608.7000122070312,608.7899780273438,92830
2022-02-08 16:00:00-05:00,609.12,609.12,609.12,609.12,0
2022-02-08 16:05:00-05:00,609.12,609.12,608.03,608.87,0
2022-02-08 16:10:00-05:00,611.4175,611.4175,611.4175,611.4175,0
2022-02-08 16:15:00-05:00,610.34,610.34,609.12,609.12,0
2022-02-08 16:30:00-05:00,609.12,609.8584,609.12,609.12,0
2022-02-08 16:35:00-05:00,609.12,609.12,609.12,609.12,0
2022-02-08 16:50:00-05:00,609.12,609.12,609.12,609.12,0
2022-02-08 17:00:00-05:00,609.12,609.12,609.12,609.12,0
2022-02-08 17:15:00-05:00,605.12,605.12,605.12,605.12,0
2022-02-09 07:00:00-05:00,605.12,605.12,605.12,605.12,0
2022-02-09 07:30:00-05:00,614.02,614.02,614.02,614.02,0
2022-02-09 08:25:00-05:00,615.0,615.0,615.0,615.0,0
2022-02-09 08:50:00-05:00,616.0,616.0,616.0,616.0,0
2022-02-09 09:25:00-05:00,617.99,621.75,616.47,616.47,0
2022-02-09 09:30:00-05:00,613.0,614.4299926757812,609.9349975585938,613.1300048828125,9161
2022-02-09 09:35:00-05:00,613.7100219726562,613.7100219726562,611.75,611.75,10263
2022-02-09 09:40:00-05:00,613.0,613.0,611.6099853515625,612.739990234375,12807
2022-02-09 09:45:00-05:00,612.2999877929688,612.97998046875,611.489990234375,612.9000244140625,11509
2022-02-09 09:50:00-05:00,612.4249877929688,612.4249877929688,609.8099975585938,610.5399780273438,16301
2022-02-09 09:55:00-05:00,610.3400268554688,610.8499755859375,608.47998046875,609.969970703125,16177
2022-02-09 10:00:00-05:00,610.8900146484375,610.8900146484375,609.3699951171875,609.97998046875,12827
2022-02-09 10:05:00-05:00,609.489990234375,610.5,609.4400024414062,610.489990234375,14475
2022-02-09 10:10:00-05:00,610.469970703125,611.1199951171875,609.0599975585938,610.4000244140625,46739
2022-02-09 10:15:00-05:00,610.4400024414062,612.39501953125,610.3499755859375,611.9600219726562,9128
2022-02-09 10:20:00-05:00,611.3200073242188,611.8900146484375,610.27001953125,610.27001953125,9877
2022-02-09 10:25:00-05:00,610.6400146484375,611.0499877929688,609.6599731445312,610.280029296875,8184
2022-02-09 10:30:00-05:00,610.2899780273438,610.5900268554688,609.4000244140625,610.0800170898438,8389
2022-02-09 10:35:00-05:00,610.0800170898438,610.4600219726562,608.8800048828125,608.8800048828125,11511
2022-02-09 10:40:00-05:00,608.3150024414062,609.4600219726562,607.969970703125,608.635009765625,7231
2022-02-09 10:45:00-05:00,608.635009765625,609.3300170898438,608.6199951171875,609.3300170898438,8446
2022-02-09 10:50:00-05:00,608.9299926757812,609.8200073242188,608.3599853515625,609.4849853515625,12410
2022-02-09 10:55:00-05:00,609.655029296875,610.0,609.219970703125,610.0,9872
2022-02-09 11:00:00-05:00,609.7650146484375,610.969970703125,609.3800048828125,610.8099975585938,13456
2022-02-09 11:05:00-05:00,610.8099975585938,611.0499877929688,609.9500122070312,610.1900024414062,19254
2022-02-09 11:10:00-05:00,609.9500122070312,610.3499755859375,608.9199829101562,608.9749755859375,21859
2022-02-09 11:15:00-05:00,608.7100219726562,609.0,607.489990234375,607.489990234375,15945
2022-02-09 11:20:00-05:00,607.7750244140625,607.7750244140625,606.8800048828125,607.6849975585938,9997
2022-02-09 11:25:00-05:00,607.8499755859375,607.8499755859375,607.1400146484375,607.280029296875,15065
2022-02-09 11:30:00-05:00,607.260009765625,607.989990234375,606.9299926757812,607.7150268554688,10291
2022-02-09 11:35:00-05:00,608.02001953125,608.0499267578125,607.4000244140625,608.0499267578125,9525
2022-02-09 11:40:00-05:00,607.85498046875,607.85498046875,606.9500122070312,607.3599853515625,9371
2022-02-09 11:45:00-05:00,607.4400024414062,607.6500244140625,606.530029296875,606.530029296875,10200
2022-02-09 11:50:00-05:00,606.47998046875,606.5900268554688,604.75,604.75,6635
2022-02-09 11:55:00-05:00,604.8400268554688,605.885009765625,604.719970703125,605.72998046875,11544
2022-02-09 12:00:00-05:00,605.6300048828125,605.6300048828125,604.97998046875,605.4199829101562,10686
2022-02-09 12:05:00-05:00,606.094970703125,606.5700073242188,605.719970703125,605.8099975585938,8139
2022-02-09 12:10:00-05:00,605.8499755859375,606.8300170898438,605.5700073242188,606.8300170898438,11553
2022-02-09 12:15:00-05:00,607.0399780273438,607.6599731445312,606.739990234375,607.5650024414062,7533
2022-02-09 12:20:00-05:00,607.5650024414062,608.0999755859375,607.22998046875,608.0999755859375,9499
2022-02-09 12:25:00-05:00,608.3350219726562,609.0,607.989990234375,608.3499755859375,10216
2022-02-09 12:30:00-05:00,608.5150146484375,610.0,608.5150146484375,609.75,16207
2022-02-09 12:35:00-05:00,609.6599731445312,610.4099731445312,609.4000244140625,610.3400268554688,20811
2022-02-09 12:40:00-05:00,610.2550048828125,610.2550048828125,609.5700073242188,610.1500244140625,16108
2022-02-09 12:45:00-05:00,609.9500122070312,610.22998046875,609.72998046875,610.010009765625,8269
2022-02-09 12:50:00-05:00,610.0050048828125,610.489990234375,609.8499755859375,609.8499755859375,11029
2022-02-09 12:55:00-05:00,610.0349731445312,610.6099853515625,610.0349731445312,610.3099975585938,21396
2022-02-09 13:00:00-05:00,610.3300170898438,610.9600219726562,610.02001953125,610.5599975585938,22493
2022-02-09 13:05:00-05:00,610.5599975585938,610.97998046875,610.25,610.3049926757812,23352
2022-02-09 13:10:00-05:00,610.489990234375,610.52001953125,609.6500244140625,609.8699951171875,10286
2022-02-09 13:15:00-05:00,609.8699951171875,610.1500244140625,609.5050048828125,610.0574951171875,9466
2022-02-09 13:20:00-05:00,610.0250244140625,610.0499877929688,609.5549926757812,609.8900146484375,7884
2022-02-09 13:25:00-05:00,609.9650268554688,611.739990234375,609.95751953125,610.8900146484375,32642
2022-02-09 13:30:00-05:00,610.6799926757812,611.0,610.2100219726562,610.7000122070312,16846
2022-02-09 13:35:00-05:00,610.5900268554688,610.9400024414062,610.5900268554688,610.9099731445312,5920
2022-02-09 13:40:00-05:00,610.7999877929688,611.9349975585938,610.7999877929688,611.8300170898438,10524
2022-02-09 13:45:00-05:00,611.8800048828125,612.219970703125,611.4149780273438,612.1500244140625,15374
2022-02-09 13:50:00-05:00,612.0599975585938,612.0599975585938,611.0,611.25,23527
2022-02-09 13:55:00-05:00,611.0900268554688,611.4199829101562,610.5,610.6799926757812,11307
2022-02-09 14:00:00-05:00,610.52001953125,610.8900146484375,609.8599853515625,610.6599731445312,14428
2022-02-09 14:05:00-05:00,610.72998046875,611.8300170898438,610.5399780273438,611.22998046875,21367
2022-02-09 14:10:00-05:00,611.52001953125,611.9400024414062,610.4600219726562,610.8099975585938,21509
2022-02-09 14:15:00-05:00,610.8099975585938,611.0,610.3699951171875,610.7349853515625,18820
2022-02-09 14:20:00-05:00,610.5700073242188,611.2899780273438,610.239990234375,611.0399780273438,26749
2022-02-09 14:25:00-05:00,611.5499877929688,611.719970703125,611.4400024414062,611.719970703125,3061
2022-02-09 14:30:00-05:00,611.8800048828125,612.0,611.3800048828125,611.3800048828125,6740
2022-02-09 14:35:00-05:00,611.5700073242188,611.77001953125,610.77001953125,610.77001953125,8136
2022-02-09 14:40:00-05:00,610.7249755859375,610.77001953125,610.4600219726562,610.739990234375,2940
2022-02-09 14:45:00-05:00,610.9600219726562,610.989990234375,610.530029296875,610.7449951171875,8406
2022-02-09 14:50:00-05:00,610.9199829101562,611.3099975585938,610.47998046875,610.8699951171875,10606
2022-02-09 14:55:00-05:00,610.7899780273438,610.7899780273438,610.4000244140625,610.5399780273438,5713
2022-02-09 15:00:00-05:00,610.4650268554688,611.2000122070312,610.260009765625,611.2000122070312,12416
2022-02-09 15:05:00-05:00,610.8900146484375,611.7650146484375,610.8900146484375,611.5900268554688,11485
2022-02-09 15:10:00-05:00,611.614990234375,612.0900268554688,611.614990234375,611.6699829101562,7379
2022-02-09 15:15:00-05:00,611.6699829101562,611.719970703125,610.6199951171875,611.239990234375,8151
2022-02-09 15:20:00-05:00,611.4299926757812,611.4299926757812,611.25,611.2899780273438,5082
2022-02-09 15:25:00-05:00,611.4199829101562,611.9550170898438,611.0100708007812,611.9550170898438,12683
2022-02-09 15:30:00-05:00,612.0900268554688,612.9400024414062,610.969970703125,612.9400024414062,47730
2022-02-09 15:35:00-05:00,612.844970703125,613.0,612.3499755859375,612.3900146484375,10602
2022-02-09 15:40:00-05:00,612.3300170898438,612.780029296875,611.7650146484375,612.780029296875,23066
2022-02-09 15:45:00-05:00,612.8200073242188,613.7050170898438,612.5,613.6300048828125,47334
2022-02-09 15:50:00-05:00,613.9099731445312,614.905029296875,613.2550048828125,614.22998046875,87257
2022-02-09 15:55:00-05:00,613.9500122070312,615.0,613.280029296875,614.75,74076
2022-02-09 16:00:00-05:00,614.75,614.75,612.44,614.75,0
2022-02-09 16:05:00-05:00,610.2378,614.75,610.2378,614.75,0
2022-02-09 16:20:00-05:00,609.12,615.05,609.12,614.75,0
2022-02-09 16:25:00-05:00,614.75,614.75,614.75,614.75,0
2022-02-09 16:30:00-05:00,614.75,614.75,614.75,614.75,0
2022-02-09 16:35:00-05:00,608.2813,608.2813,608.2813,608.2813,0
2022-02-09 16:45:00-05:00,617.54,617.54,617.54,617.54,0
2022-02-09 17:00:00-05:00,614.75,614.75,614.75,614.75,0
2022-02-09 17:20:00-05:00,614.75,614.75,614.75,614.75,0
2022-02-10 08:30:00-05:00,613.35,613.35,607.22,607.22,0
2022-02-10 08:40:00-05:00,609.16,609.16,608.74,609.11,0
2022-02-10 09:00:00-05:00,607.34,607.34,606.19,606.19,0
2022-02-10 09:05:00-05:00,605.62,609.75,605.0,605.0,0
2022-02-10 09:15:00-05:00,607.29,607.61,604.29,605.72,0
2022-02-10 09:20:00-05:00,605.6,605.6,605.6,605.6,0
2022-02-10 09:25:00-05:00,605.6,606.95,600.771,606.95,0
2022-02-10 09:30:00-05:00,607.1699829101562,609.6599731445312,605.27001953125,606.9450073242188,32167
2022-02-10 09:35:00-05:00,607.0,609.8800048828125,605.9000244140625,609.6099853515625,19315
2022-02-10 09:40:00-05:00,611.5499877929688,611.8200073242188,609.75,610.14501953125,12457
2022-02-10 09:45:00-05:00,610.5700073242188,611.5800170898438,610.0499877929688,610.6900024414062,17439
2022-02-10 09:50:00-05:00,610.6900024414062,612.0599975585938,610.010009765625,610.010009765625,11361
2022-02-10 09:55:00-05:00,610.0499877929688,610.760009765625,609.8499755859375,610.3599853515625,11462
2022-02-10 10:00:00-05:00,610.2999877929688,611.0549926757812,609.8699951171875,610.4193725585938,8510
2022-02-10 10:05:00-05:00,610.5399780273438,611.0,609.9500122070312,610.75,51408
2022-02-10 10:10:00-05:00,611.1300048828125,612.02001953125,610.780029296875,611.5800170898438,16621
2022-02-10 10:15:00-05:00,611.3599853515625,611.780029296875,610.969970703125,611.4400024414062,11860
2022-02-10 10:20:00-05:00,611.22998046875,611.8200073242188,609.8699951171875,610.4600219726562,16512
2022-02-10 10:25:00-05:00,610.469970703125,611.0,609.9299926757812,610.8599853515625,12634
2022-02-10 10:30:00-05:00,610.8599853515625,611.719970703125,610.3400268554688,611.0,14604
2022-02-10 10:35:00-05:00,610.7899780273438,612.0,610.6400146484375,611.7050170898438,9030
2022-02-10 10:40:00-05:00,611.6400146484375,612.5,611.4199829101562,611.6699829101562,38015
2022-02-10 10:45:00-05:00,611.5,612.219970703125,611.5,611.8800048828125,28754
2022-02-10 10:50:00-05:00,611.8599853515625,612.0449829101562,610.6599731445312,611.5449829101562,13337
2022-02-10 10:55:00-05:00,611.6099853515625,611.6099853515625,609.8699951171875,610.52001953125,9349
2022-02-10 11:00:00-05:00,610.52001953125,611.0700073242188,610.1099853515625,611.0,9806
2022-02-10 11:05:00-05:00,610.70751953125,611.969970703125,610.70751953125,611.3800048828125,6232
2022-02-10 11:10:00-05:00,611.2598876953125,611.2598876953125,610.0,610.02001953125,7430
2022-02-10 11:15:00-05:00,610.0,610.9099731445312,609.4149780273438,609.4149780273438,16880
2022-02-10 11:20:00-05:00,609.22998046875,609.6699829101562,608.969970703125,609.52001953125,5137
2022-02-10 11:25:00-05:00,609.4600219726562,609.8975219726562,609.3599853515625,609.8800048828125,12850
2022-02-10 11:30:00-05:00,610.010009765625,610.010009765625,607.969970703125,608.3699951171875,17878
2022-02-10 11:35:00-05:00,608.719970703125,609.260009765625,608.219970703125,609.239990234375,13569
2022-02-10 11:40:00-05:00,609.3900146484375,610.030029296875,609.1799926757812,610.0,16215
2022-02-10 11:45:00-05:00,610.0,610.9099731445312,609.8099975585938,610.64501953125,8353
2022-02-10 11:50:00-05:00,610.6300048828125,611.4349975585938,610.260009765625,611.0599975585938,8548
2022-02-10 11:55:00-05:00,611.3099975585938,611.3400268554688,610.7670288085938,610.7670288085938,4278
2022-02-10 12:00:00-05:00,610.780029296875,612.0349731445312,610.780029296875,611.989990234375,11462
2022-02-10 12:05:00-05:00,612.25,612.3125,611.9299926757812,612.25,9010
2022-02-10 12:10:00-05:00,612.280029296875,612.280029296875,611.6599731445312,612.1699829101562,6729
2022-02-10 12:15:00-05:00,612.0150146484375,612.280029296875,611.5,611.8699951171875,21721
2022-02-10 12:20:00-05:00,611.8699951171875,612.1199951171875,611.405029296875,612.0,6852
2022-02-10 12:25:00-05:00,611.739990234375,612.4600219726562,611.6099853515625,612.3499755859375,4085
2022-02-10 12:30:00-05:00,612.75,612.75,611.8499755859375,611.8499755859375,22934
2022-02-10 12:35:00-05:00,611.5700073242188,612.510009765625,611.5700073242188,612.510009765625,5214
2022-02-10 12:40:00-05:00,612.3599853515625,613.0850219726562,612.3599853515625,612.3599853515625,4717
2022-02-10 12:45:00-05:00,612.2000122070312,612.2100219726562,609.2999877929688,609.4000244140625,25886
2022-02-10 12:50:00-05:00,609.260009765625,609.905029296875,608.75,609.905029296875,31842
2022-02-10 12:55:00-05:00,609.6900024414062,610.6500244140625,609.3699951171875,609.83251953125,16764
2022-02-10 13:00:00-05:00,609.5999755859375,609.9400024414062,609.0800170898438,609.9400024414062,9683
2022-02-10 13:05:00-05:00,610.719970703125,610.9199829101562,609.1199951171875,609.72998046875,10106
2022-02-10 13:10:00-05:00,609.72998046875,610.52001953125,609.7100219726562,610.27001953125,21120
2022-02-10 13:15:00-05:00,610.4000244140625,610.4000244140625,609.1199951171875,609.1599731445312,3937
2022-02-10 13:20:00-05:00,609.1599731445312,609.3300170898438,608.5999755859375,609.0,15654
2022-02-10 13:25:00-05:00,608.8499755859375,608.9400024414062,608.1599731445312,608.1599731445312,5845
2022-02-10 13:30:00-05:00,608.280029296875,608.280029296875,607.260009765625,607.260009765625,17412
2022-02-10 13:35:00-05:00,606.9600219726562,608.3300170898438,606.9400024414062,608.3300170898438,14850
2022-02-10 13:40:00-05:00,608.5557250976562,608.8800048828125,608.1500244140625,608.3099975585938,11105
2022-02-10 13:45:00-05:00,608.2000122070312,608.5900268554688,608.0900268554688,608.1500244140625,8896
2022-02-10 13:50:00-05:00,608.469970703125,609.0,608.219970703125,608.875,8497
2022-02-10 13:55:00-05:00,608.989990234375,609.5800170898438,608.75,609.5800170898438,20510
2022-02-10 14:00:00-05:00,609.4000244140625,609.5700073242188,609.0900268554688,609.0900268554688,6632
2022-02-10 14:05:00-05:00,608.8099975585938,608.8099975585938,608.2899780273438,608.47998046875,7973
2022-02-10 14:10:00-05:00,608.469970703125,608.5349731445312,608.3300170898438,608.3300170898438,6381
2022-02-10 14:15:00-05:00,608.2999877929688,608.3499755859375,607.739990234375,608.1500244140625,14044
2022-02-10 14:20:00-05:00,608.2000122070312,608.3599853515625,607.7999877929688,608.3599853515625,14513
2022-02-10 14:25:00-05:00,608.3800048828125,608.9099731445312,608.3800048828125,608.5750122070312,15710
2022-02-10 14:30:00-05:00,608.530029296875,609.2000122070312,608.4600219726562,608.6400146484375,19394
2022-02-10 14:35:00-05:00,608.760009765625,609.3499755859375,608.5599975585938,609.1099853515625,13957
2022-02-10 14:40:00-05:00,609.1900024414062,609.5,609.0999755859375,609.280029296875,9577
2022-02-10 14:45:00-05:00,609.260009765625,609.8200073242188,609.260009765625,609.4349975585938,11845
2022-02-10 14:50:00-05:00,609.4299926757812,609.4400024414062,607.2575073242188,607.2575073242188,14784
2022-02-10 14:55:00-05:00,607.25,608.5499877929688,607.1699829101562,608.0599975585938,17641
2022-02-10 15:00:00-05:00,608.1799926757812,608.5,607.9224853515625,608.3599853515625,13592
2022-02-10 15:05:00-05:00,608.5399780273438,609.0399780273438,607.9600219726562,609.0399780273438,13478
2022-02-10 15:10:00-05:00,609.1099853515625,609.5399780273438,608.5900268554688,608.989990234375,8569
2022-02-10 15:15:00-05:00,609.260009765625,609.469970703125,608.7999877929688,608.7999877929688,14003
2022-02-10 15:20:00-05:00,608.7000122070312,609.1199951171875,608.469970703125,608.9400024414062,17795
2022-02-10 15:25:00-05:00,608.9400024414062,609.1699829101562,608.4400024414062,608.5700073242188,11478
2022-02-10 15:30:00-05:00,608.4400024414062,608.4400024414062,607.0800170898438,607.10498046875,14484
2022-02-10 15:35:00-05:00,606.7999877929688,607.5999755859375,606.4400024414062,606.8699951171875,23212
2022-02-10 15:40:00-05:00,607.0,607.010009765625,605.3900146484375,606.2999877929688,17848
2022-02-10 15:45:00-05:00,606.1199951171875,606.3400268554688,604.8049926757812,605.0499877929688,27038
2022-02-10 15:50:00-05:00,605.3800048828125,605.5800170898438,604.02001953125,605.4600219726562,60263
2022-02-10 15:55:00-05:00,605.0050048828125,607.0599975585938,605.0050048828125,606.52001953125,99065
2022-02-10 16:00:00-05:00,606.52,606.52,606.52,606.52,0
2022-02-10 16:05:00-05:00,606.52,606.52,606.52,606.52,0
2022-02-10 16:15:00-05:00,606.52,606.52,606.52,606.52,0
2022-02-10 16:20:00-05:00,606.52,606.52,606.52,606.52,0
2022-02-10 16:30:00-05:00,606.52,606.52,606.52,606.52,0
2022-02-10 16:40:00-05:00,606.52,606.52,606.52,606.52,0
2022-02-10 16:50:00-05:00,606.52,606.52,606.52,606.52,0
2022-02-10 17:00:00-05:00,606.52,606.52,606.52,606.52,0
2022-02-10 17:10:00-05:00,608.5775,608.5775,606.52,606.52,0
2022-02-10 17:30:00-05:00,606.0,606.0,606.0,606.0,0
2022-02-10 18:00:00-05:00,606.52,606.52,606.52,606.52,0
2022-02-11 04:00:00-05:00,606.31,606.31,606.05,606.05,0
2022-02-11 04:05:00-05:00,605.98,605.98,605.69,605.69,0
2022-02-11 06:25:00-05:00,605.59,605.59,605.18,605.18,0
2022-02-11 07:40:00-05:00,602.03,602.03,601.51,601.51,0
2022-02-11 08:05:00-05:00,603.9,603.9,603.9,603.9,0
2022-02-11 08:30:00-05:00,603.9,603.9,603.9,603.9,0
2022-02-11 08:40:00-05:00,605.17,605.17,605.17,605.17,0
2022-02-11 08:50:00-05:00,605.17,605.17,605.17,605.17,0
2022-02-11 09:25:00-05:00,608.34,608.54,606.52,608.35,0
2022-02-11 09:30:00-05:00,608.989990234375,611.8699951171875,607.0399780273438,611.8699951171875,15185
2022-02-11 09:35:00-05:00,611.25,614.530029296875,610.52001953125,613.4600219726562,37585
2022-02-11 09:40:00-05:00,613.469970703125,614.1099853515625,612.97998046875,612.97998046875,33683
2022-02-11 09:45:00-05:00,613.469970703125,614.10498046875,612.280029296875,614.10498046875,22635
2022-02-11 09:50:00-05:00,613.8980102539062,614.010009765625,612.280029296875,612.280029296875,13537
2022-02-11 09:55:00-05:00,612.0399780273438,613.0599975585938,611.22998046875,612.280029296875,15915
2022-02-11 10:00:00-05:00,611.780029296875,611.7999877929688,610.0,610.0700073242188,11536
2022-02-11 10:05:00-05:00,610.510009765625,611.4299926757812,610.510009765625,611.4299926757812,7955
2022-02-11 10:10:00-05:00,611.1749877929688,611.4199829101562,609.989990234375,610.8200073242188,7148
2022-02-11 10:15:00-05:00,610.780029296875,611.5499877929688,610.75,611.469970703125,10488
2022-02-11 10:20:00-05:00,611.6300048828125,612.0,611.0,611.9400024414062,8931
2022-02-11 10:25:00-05:00,611.6699829101562,611.6699829101562,611.0369873046875,611.0369873046875,5655
2022-02-11 10:30:00-05:00,611.5900268554688,611.7899780273438,610.3699951171875,610.4349975585938,5773
2022-02-11 10:35:00-05:00,610.2899780273438,610.8800048828125,610.1900024414062,610.5700073242188,7342
2022-02-11 10:40:00-05:00,610.3162231445312,610.6500244140625,610.3162231445312,610.6099853515625,4337
2022-02-11 10:45:00-05:00,610.4420166015625,611.2899780273438,610.3099975585938,610.6300048828125,6531
2022-02-11 10:50:00-05:00,610.739990234375,611.02001953125,610.25,611.010009765625,4506
2022-02-11 10:55:00-05:00,611.010009765625,611.010009765625,610.3300170898438,610.3300170898438,4893
2022-02-11 11:00:00-05:00,610.6599731445312,611.0499877929688,610.4450073242188,611.0499877929688,2387
2022-02-11 11:05:00-05:00,611.0499877929688,611.22998046875,609.5499877929688,609.5499877929688,7410
2022-02-11 11:10:00-05:00,608.8200073242188,609.0599975585938,608.6099853515625,609.0599975585938,3083
2022-02-11 11:15:00-05:00,609.0599975585938,609.0599975585938,607.5900268554688,607.6599731445312,17975
2022-02-11 11:20:00-05:00,608.0900268554688,609.0599975585938,608.0900268554688,608.719970703125,6604
2022-02-11 11:25:00-05:00,608.5499877929688,609.1599731445312,608.5499877929688,608.780029296875,10814
2022-02-11 11:30:00-05:00,608.6099853515625,609.0800170898438,608.510009765625,609.0800170898438,9109
2022-02-11 11:35:00-05:00,609.0800170898438,609.1199951171875,608.2999877929688,608.2999877929688,26288
2022-02-11 11:40:00-05:00,608.1300048828125,608.4099731445312,607.7100219726562,607.7100219726562,12025
2022-02-11 11:45:00-05:00,607.8699951171875,608.4500122070312,607.5999755859375,608.2100219726562,23078
2022-02-11 11:50:00-05:00,608.2100219726562,608.2949829101562,607.5800170898438,607.9099731445312,4415
2022-02-11 11:55:00-05:00,607.9099731445312,609.0800170898438,607.8150024414062,608.780029296875,20575
2022-02-11 12:00:00-05:00,608.510009765625,609.6749877929688,608.3699951171875,609.6749877929688,3249
2022-02-11 12:05:00-05:00,609.6699829101562,609.6699829101562,609.1824951171875,609.6199951171875,4619
2022-02-11 12:10:00-05:00,609.6099853515625,609.6099853515625,608.6900024414062,608.8800048828125,9833
2022-02-11 12:15:00-05:00,608.5800170898438,609.0900268554688,608.4099731445312,608.7000122070312,8739
2022-02-11 12:20:00-05:00,608.4299926757812,608.7100219726562,608.3800048828125,608.5800170898438,4874
2022-02-11 12:25:00-05:00,608.5800170898438,609.469970703125,608.5800170898438,609.4299926757812,14056
2022-02-11 12:30:00-05:00,609.7100219726562,610.7100219726562,609.7100219726562,610.7100219726562,4971
2022-02-11 12:35:00-05:00,610.5800170898438,611.0999755859375,610.5800170898438,611.0999755859375,4258
2022-02-11 12:40:00-05:00,611.1500244140625,611.1500244140625,610.739990234375,610.780029296875,3721
2022-02-11 12:45:00-05:00,610.780029296875,611.0800170898438,610.260009765625,610.780029296875,4971
2022-02-11 12:50:00-05:00,610.6199951171875,610.8300170898438,610.47998046875,610.6199951171875,4075
2022-02-11 12:55:00-05:00,610.5850219726562,610.5850219726562,609.739990234375,609.95751953125,10236
2022-02-11 13:00:00-05:00,610.2000122070312,610.530029296875,609.1199951171875,609.3900146484375,12077
2022-02-11 13:05:00-05:00,609.5,610.5,609.219970703125,609.77001953125,13598
2022-02-11 13:10:00-05:00,609.719970703125,609.719970703125,609.4400024414062,609.7150268554688,2238
2022-02-11 13:15:00-05:00,610.0,610.280029296875,609.77001953125,610.0599975585938,17248
2022-02-11 13:20:00-05:00,610.1400146484375,610.2899780273438,609.8400268554688,610.2899780273438,17766
2022-02-11 13:25:00-05:00,610.2899780273438,610.4299926757812,609.3699951171875,609.8099975585938,11408
2022-02-11 13:30:00-05:00,609.9299926757812,610.0750122070312,608.8699951171875,610.0,34667
2022-02-11 13:35:00-05:00,609.969970703125,610.0700073242188,608.0750122070312,608.27001953125,90843
2022-02-11 13:40:00-05:00,608.3599853515625,609.2000122070312,607.030029296875,608.3200073242188,34058
2022-02-11 13:45:00-05:00,608.1500244140625,608.5150146484375,606.52001953125,607.4600219726562,32239
2022-02-11 13:50:00-05:00,606.8099975585938,607.1300048828125,605.6400146484375,607.0,19676
2022-02-11 13:55:00-05:00,607.030029296875,607.030029296875,605.6199951171875,605.9650268554688,8069
2022-02-11 14:00:00-05:00,605.1300048828125,605.510009765625,602.9600219726562,604.52001953125,26197
2022-02-11 14:05:00-05:00,604.530029296875,604.530029296875,602.510009765625,602.9349975585938,24014
2022-02-11 14:10:00-05:00,603.2999877929688,604.5499877929688,602.9000244140625,604.4349975585938,19193
2022-02-11 14:15:00-05:00,604.2899780273438,606.4500122070312,603.9349975585938,605.8150024414062,29699
2022-02-11 14:20:00-05:00,605.6199951171875,607.280029296875,605.5800170898438,606.0499877929688,30897
2022-02-11 14:25:00-05:00,605.8800048828125,606.219970703125,605.3699951171875,606.1099853515625,16701
2022-02-11 14:30:00-05:00,606.1400146484375,608.5599975585938,606.1400146484375,608.3200073242188,11546
2022-02-11 14:35:00-05:00,608.1699829101562,608.2999877929688,607.1799926757812,608.0,25407
2022-02-11 14:40:00-05:00,606.8900146484375,608.1300048828125,606.780029296875,606.9249877929688,6532
2022-02-11 14:45:00-05:00,606.4022827148438,606.4022827148438,605.3200073242188,605.3400268554688,6823
2022-02-11 14:50:00-05:00,605.2000122070312,605.4400024414062,603.2550048828125,604.0399780273438,31472
2022-02-11 14:55:00-05:00,604.4199829101562,605.8300170898438,604.4199829101562,605.8300170898438,6921
2022-02-11 15:00:00-05:00,605.7100219726562,607.489990234375,605.7100219726562,607.239990234375,14345
2022-02-11 15:05:00-05:00,607.5,607.9099731445312,607.1199951171875,607.3150024414062,22114
2022-02-11 15:10:00-05:00,607.4600219726562,607.6300048828125,606.7999877929688,607.0700073242188,13421
2022-02-11 15:15:00-05:00,607.3800048828125,607.739990234375,605.3699951171875,605.6699829101562,16227
2022-02-11 15:20:00-05:00,605.8099975585938,606.4600219726562,605.2000122070312,605.3099975585938,12622
2022-02-11 15:25:00-05:00,605.3499755859375,605.9500122070312,605.260009765625,605.9500122070312,13726
2022-02-11 15:30:00-05:00,605.7000122070312,606.4400024414062,605.4099731445312,606.3099975585938,28448
2022-02-11 15:35:00-05:00,606.0499877929688,606.510009765625,604.9650268554688,604.9650268554688,20833
2022-02-11 15:40:00-05:00,605.27001953125,605.7000122070312,604.0999755859375,605.25,30484
2022-02-11 15:45:00-05:00,605.4199829101562,607.5700073242188,605.4199829101562,607.3499755859375,34477
2022-02-11 15:50:00-05:00,607.25,607.25,603.7999877929688,604.02001953125,29311
2022-02-11 15:55:00-05:00,604.5700073242188,606.6599731445312,604.3300170898438,604.3699951171875,60819
2022-02-11 16:00:00-05:00,604.73,604.73,604.73,604.73,0
2022-02-11 16:05:00-05:00,603.09,604.73,603.09,604.73,0
2022-02-11 16:10:00-05:00,602.37,602.37,601.71,601.71,0
2022-02-11 16:20:00-05:00,603.87,604.73,603.05,603.87,0
2022-02-11 16:25:00-05:00,603.67,604.73,603.29,604.73,0
2022-02-11 16:30:00-05:00,604.73,607.19366,604.73,607.19366,0
2022-02-11 16:35:00-05:00,607.19366,607.19366,607.19366,607.19366,0
2022-02-11 16:50:00-05:00,604.73,604.73,604.73,604.73,0
2022-02-11 17:05:00-05:00,601.99,601.99,601.99,601.99,0
2022-02-11 17:25:00-05:00,604.61,605.64,604.61,605.17,0
2022-02-14 04:00:00-05:00,604.75,604.75,604.75,604.75,0
2022-02-14 07:40:00-05:00,604.0,604.0,604.0,604.0,0
2022-02-14 07:55:00-05:00,604.17,604.52,604.14,604.51,0
2022-02-14 08:00:00-05:00,604.0,604.0,600.32,600.32,0
2022-02-14 08:10:00-05:00,604.17,604.17,604.0,604.0,0
2022-02-14 08:15:00-05:00,604.01,604.01,604.0,604.0,0
2022-02-14 08:20:00-05:00,604.0,604.0,604.0,604.0,0
2022-02-14 08:30:00-05:00,604.15,604.17,604.0,604.02,0
2022-02-14 08:35:00-05:00,607.0,607.0,607.0,607.0,0
2022-02-14 08:45:00-05:00,605.29,605.29,604.52,604.52,0
2022-02-14 08:50:00-05:00,604.54,606.84,603.57,606.27,0
2022-02-14 08:55:00-05:00,604.9,606.21,604.9,605.62,0
2022-02-14 09:00:00-05:00,605.62,605.98,604.42,604.74,0
2022-02-14 09:05:00-05:00,604.84,606.81,604.84,606.29,0
2022-02-14 09:10:00-05:00,606.3,606.45,606.14,606.14,0
2022-02-14 09:15:00-05:00,606.15,606.91,606.15,606.65,0
2022-02-14 09:20:00-05:00,606.47,607.69,606.47,606.9,0
2022-02-14 09:25:00-05:00,606.55,606.55,605.69,606.23,0
2022-02-14 09:30:00-05:00,605.6900024414062,608.4199829101562,604.510009765625,606.780029296875,18920
2022-02-14 09:35:00-05:00,608.469970703125,609.3300170898438,607.3900146484375,609.0399780273438,17701
2022-02-14 09:40:00-05:00,609.6300048828125,611.2100219726562,609.2100219726562,610.0,40484
2022-02-14 09:45:00-05:00,610.469970703125,611.2999877929688,609.5999755859375,611.1199951171875,20282
2022-02-14 09:50:00-05:00,610.969970703125,612.6699829101562,610.8900146484375,612.6699829101562,40744
2022-02-14 09:55:00-05:00,612.1599731445312,612.6400146484375,611.6900024414062,612.1799926757812,14273
2022-02-14 10:00:00-05:00,612.0900268554688,612.1400146484375,610.3250122070312,611.47998046875,19329
2022-02-14 10:05:00-05:00,611.47998046875,612.3200073242188,611.2000122070312,612.1199951171875,10360
2022-02-14 10:10:00-05:00,611.989990234375,613.47998046875,611.989990234375,613.0800170898438,14269
2022-02-14 10:15:00-05:00,613.25,613.25,611.5999755859375,612.3049926757812,17259
2022-02-14 10:20:00-05:00,612.2999877929688,614.4000244140625,612.2999877929688,613.9199829101562,12807
2022-02-14 10:25:00-05:00,614.1699829101562,614.5,612.8599853515625,612.8599853515625,19828
2022-02-14 10:30:00-05:00,612.9099731445312,612.9099731445312,610.7899780273438,611.4400024414062,8180
2022-02-14 10:35:00-05:00,611.2899780273438,611.72998046875,610.969970703125,611.1199951171875,7428
2022-02-14 10:40:00-05:00,611.3400268554688,611.3400268554688,610.3400268554688,611.260009765625,7757
2022-02-14 10:45:00-05:00,610.989990234375,611.6649780273438,610.8049926757812,611.02001953125,32893
2022-02-14 10:50:00-05:00,610.969970703125,611.2100219726562,609.6599731445312,609.72998046875,15198
2022-02-14 10:55:00-05:00,609.72998046875,609.969970703125,608.5250244140625,608.5250244140625,18473
2022-02-14 11:00:00-05:00,608.7000122070312,610.280029296875,608.5900268554688,609.9600219726562,43695
2022-02-14 11:05:00-05:00,609.9000244140625,610.0499877929688,609.3200073242188,609.3599853515625,24267
2022-02-14 11:10:00-05:00,609.5399780273438,609.5800170898438,608.3499755859375,608.4600219726562,14063
2022-02-14 11:15:00-05:00,608.7000122070312,608.8499755859375,608.3800048828125,608.4249877929688,20945
2022-02-14 11:20:00-05:00,608.3499755859375,608.39501953125,606.72998046875,607.0999755859375,17340
2022-02-14 11:25:00-05:00,607.0999755859375,607.72998046875,607.0999755859375,607.594970703125,11233
2022-02-14 11:30:00-05:00,607.489990234375,608.1099853515625,607.3200073242188,607.8900146484375,24440
2022-02-14 11:35:00-05:00,607.9000244140625,607.9000244140625,606.760009765625,607.1300048828125,11495
2022-02-14 11:40:00-05:00,607.1649780273438,608.2000122070312,607.1649780273438,607.9299926757812,17064
2022-02-14 11:45:00-05:00,607.9400024414062,608.1799926757812,607.5499877929688,608.1400146484375,16579
2022-02-14 11:50:00-05:00,608.4500122070312,608.510009765625,607.3200073242188,607.4600219726562,15096
2022-02-14 11:55:00-05:00,607.1099853515625,607.1400146484375,606.8099975585938,606.989990234375,4274
2022-02-14 12:00:00-05:00,606.97998046875,606.97998046875,605.6199951171875,605.6199951171875,9460
2022-02-14 12:05:00-05:00,605.6199951171875,606.0700073242188,605.3599853515625,605.7575073242188,15180
2022-02-14 12:10:00-05:00,605.75,606.3800048828125,605.5900268554688,606.3800048828125,5192
2022-02-14 12:15:00-05:00,606.530029296875,606.9000244140625,606.3400268554688,606.4550170898438,10396
2022-02-14 12:20:00-05:00,606.9299926757812,607.5023803710938,606.9299926757812,607.385009765625,7062
2022-02-14 12:25:00-05:00,607.5499877929688,608.2100219726562,607.3099975585938,608.02001953125,11719
2022-02-14 12:30:00-05:00,607.9417114257812,608.02001953125,607.5800170898438,607.7000122070312,5152
2022-02-14 12:35:00-05:00,607.5800170898438,608.0374755859375,606.989990234375,607.510009765625,14297
2022-02-14 12:40:00-05:00,607.7349853515625,608.0900268554688,607.7349853515625,608.0,6227
2022-02-14 12:45:00-05:00,607.75,609.0399780273438,607.6900024414062,609.0399780273438,22515
2022-02-14 12:50:00-05:00,609.2000122070312,609.3300170898438,608.9500122070312,609.3300170898438,10972
2022-02-14 12:55:00-05:00,609.1699829101562,609.3200073242188,608.8400268554688,609.0650024414062,11258
2022-02-14 13:00:00-05:00,609.0399780273438,609.5800170898438,608.969970703125,609.02001953125,12869
2022-02-14 13:05:00-05:00,609.0250244140625,609.35498046875,608.7899780273438,609.0399780273438,6146
2022-02-14 13:10:00-05:00,608.739990234375,608.7899780273438,608.010009765625,608.2249755859375,7064
2022-02-14 13:15:00-05:00,607.9500122070312,607.989990234375,607.2899780273438,607.6099853515625,5091
2022-02-14 13:20:00-05:00,607.6099853515625,607.6099853515625,606.8200073242188,606.8200073242188,9864
2022-02-14 13:25:00-05:00,606.4450073242188,607.1395874023438,606.4400024414062,606.77001953125,5715
2022-02-14 13:30:00-05:00,606.5,606.52001953125,605.6500244140625,605.6500244140625,7167
2022-02-14 13:35:00-05:00,605.8800048828125,606.0800170898438,605.489990234375,606.0,13167
2022-02-14 13:40:00-05:00,606.0700073242188,606.0700073242188,605.0,605.4600219726562,9170
2022-02-14 13:45:00-05:00,605.5800170898438,605.5900268554688,604.239990234375,604.4500122070312,16568
2022-02-14 13:50:00-05:00,604.4249877929688,604.530029296875,603.9199829101562,603.9199829101562,20136
2022-02-14 13:55:00-05:00,603.6300048828125,604.22998046875,603.0850219726562,603.0850219726562,14451
2022-02-14 14:00:00-05:00,602.77001953125,603.1298828125,602.3699951171875,602.6900024414062,10082
2022-02-14 14:05:00-05:00,602.6900024414062,602.8400268554688,601.5800170898438,602.3099975585938,16255
2022-02-14 14:10:00-05:00,602.2000122070312,603.1799926757812,601.8300170898438,603.0349731445312,11127
2022-02-14 14:15:00-05:00,603.0,603.1799926757812,602.5399780273438,602.8200073242188,8083
2022-02-14 14:20:00-05:00,602.77001953125,603.5599975585938,602.6199951171875,603.22998046875,923118
2022-02-14 14:25:00-05:00,603.27001953125,605.9000244140625,602.989990234375,605.1300048828125,31048
2022-02-14 14:30:00-05:00,605.0999755859375,606.0700073242188,604.6400146484375,605.7999877929688,35812
2022-02-14 14:35:00-05:00,606.1300048828125,606.469970703125,605.7899780273438,606.2100219726562,12930
2022-02-14 14:40:00-05:00,606.2000122070312,606.8400268554688,606.1900024414062,606.3200073242188,12866
2022-02-14 14:45:00-05:00,606.3200073242188,606.5800170898438,606.2000122070312,606.4600219726562,17975
2022-02-14 14:50:00-05:00,606.655029296875,608.0700073242188,606.5900268554688,607.4650268554688,21415
2022-02-14 14:55:00-05:00,607.3599853515625,607.375,606.2100219726562,606.60498046875,13199
2022-02-14 15:00:00-05:00,606.760009765625,606.7999877929688,605.8400268554688,605.9199829101562,9354
2022-02-14 15:05:00-05:00,605.8200073242188,605.8200073242188,604.4199829101562,605.5599975585938,9857
2022-02-14 15:10:00-05:00,605.9000244140625,607.02001953125,605.47998046875,607.02001953125,28093
2022-02-14 15:15:00-05:00,606.9500122070312,607.3800048828125,606.3599853515625,606.9400024414062,17724
2022-02-14 15:20:00-05:00,606.7899780273438,608.8400268554688,606.6400146484375,608.5,17215
2022-02-14 15:25:00-05:00,608.47998046875,609.25,608.22998046875,609.1599731445312,16156
2022-02-14 15:30:00-05:00,608.989990234375,609.719970703125,608.9000244140625,609.3300170898438,17382
2022-02-14 15:35:00-05:00,609.0999755859375,609.22998046875,607.77099609375,607.9000244140625,18459
2022-02-14 15:40:00-05:00,608.0399780273438,608.5900268554688,607.3499755859375,608.5900268554688,18084
2022-02-14 15:45:00-05:00,608.3300170898438,609.4199829101562,607.1699829101562,608.3599853515625,23865
2022-02-14 15:50:00-05:00,608.3599853515625,608.3599853515625,607.3900146484375,608.0,29173
2022-02-14 15:55:00-05:00,608.22998046875,608.8900146484375,607.5900268554688,607.9299926757812,49340
2022-02-14 16:00:00-05:00,607.94,607.94,607.94,607.94,74570
2022-02-15 16:00:00-05:00,609.45,609.45,609.45,609.45,0
2022-02-15 16:05:00-05:00,608.06,611.5036,608.06,611.5036,0
2022-02-15 16:10:00-05:00,611.2889,611.2889,611.2889,611.2889,0
2022-02-15 16:15:00-05:00,608.69,609.78,607.13,609.78,0
2022-02-15 16:20:00-05:00,609.78,612.91,606.34,608.87,0
2022-02-15 16:25:00-05:00,608.11,613.56,607.56,609.44,0
2022-02-15 16:30:00-05:00,613.37,613.46,608.6,609.61,0
2022-02-15 16:40:00-05:00,608.75,608.75,608.75,608.75,0
2022-02-15 17:15:00-05:00,609.45,609.45,609.45,609.45,0
2022-02-15 17:40:00-05:00,609.45,609.45,609.45,609.45,0
2022-02-16 04:00:00-05:00,609.47,609.47,609.47,609.47,0
2022-02-16 08:20:00-05:00,608.39,608.45,606.27,607.26,0
2022-02-16 08:25:00-05:00,607.86,608.83,607.86,608.83,0
2022-02-16 08:30:00-05:00,608.81,608.81,607.46,607.5,0
2022-02-16 08:35:00-05:00,607.76,608.03,607.52,607.54,0
2022-02-16 08:40:00-05:00,609.47,611.07,607.59,610.6,0
2022-02-16 08:45:00-05:00,608.14,612.85,608.14,611.41,0
2022-02-16 08:50:00-05:00,608.8,611.76,608.8,609.97,0
2022-02-16 08:55:00-05:00,608.89,610.94,608.28,608.94,0
2022-02-16 09:00:00-05:00,608.84,609.22,607.35,607.61,0
2022-02-16 09:10:00-05:00,607.99,608.04,607.02,607.4,0
2022-02-16 09:15:00-05:00,609.1989,609.1989,609.09,609.09,0
2022-02-16 09:20:00-05:00,607.87,608.06,607.63,607.92,0
2022-02-16 09:25:00-05:00,609.1,609.12,608.16,608.16,0
2022-02-16 09:30:00-05:00,606.8599853515625,608.1599731445312,605.5499877929688,606.3499755859375,18570
2022-02-16 09:35:00-05:00,605.4099731445312,606.989990234375,604.1599731445312,606.9199829101562,18360
2022-02-16 09:40:00-05:00,606.9199829101562,608.3200073242188,606.9199829101562,607.8800048828125,15659
2022-02-16 09:45:00-05:00,607.8200073242188,610.5599975585938,607.8200073242188,609.6300048828125,12907
2022-02-16 09:50:00-05:00,609.6300048828125,610.1199951171875,608.9000244140625,609.8499755859375,10633
2022-02-16 09:55:00-05:00,609.5800170898438,609.6900024414062,607.4299926757812,607.7349853515625,6429
2022-02-16 10:00:00-05:00,607.7449951171875,608.010009765625,606.3099975585938,606.8499755859375,13204
2022-02-16 10:05:00-05:00,606.6099853515625,606.6799926757812,605.3499755859375,605.6900024414062,10288
2022-02-16 10:10:00-05:00,605.6400146484375,606.75,605.5800170898438,606.7000122070312,15025
2022-02-16 10:15:00-05:00,606.625,607.2000122070312,605.6199951171875,606.6300048828125,13926
2022-02-16 10:20:00-05:00,606.6900024414062,607.364990234375,605.8599853515625,606.1749877929688,11979
2022-02-16 10:25:00-05:00,606.3699951171875,606.6500244140625,605.9299926757812,606.1300048828125,9786
2022-02-16 10:30:00-05:00,606.1199951171875,607.469970703125,606.1199951171875,607.469970703125,10199
2022-02-16 10:35:00-05:00,607.7100219726562,608.0599975585938,607.3800048828125,607.8599853515625,8847
2022-02-16 10:40:00-05:00,607.5999755859375,607.5999755859375,606.6099853515625,606.8499755859375,11274
2022-02-16 10:45:00-05:00,606.6400146484375,606.6400146484375,605.760009765625,605.8800048828125,10249
2022-02-16 10:50:00-05:00,605.77001953125,606.4500122070312,605.1849975585938,605.4199829101562,11410
2022-02-16 10:55:00-05:00,605.1900024414062,605.1900024414062,604.364990234375,604.989990234375,12788
2022-02-16 11:00:00-05:00,605.010009765625,605.3200073242188,604.780029296875,604.9099731445312,23632
2022-02-16 11:05:00-05:00,604.7899780273438,605.030029296875,604.6099853515625,604.8400268554688,40080
2022-02-16 11:10:00-05:00,604.9199829101562,605.1699829101562,604.8200073242188,605.010009765625,13713
2022-02-16 11:15:00-05:00,605.1799926757812,605.5,604.8300170898438,605.010009765625,12379
2022-02-16 11:20:00-05:00,604.8200073242188,604.8200073242188,602.9000244140625,603.0599975585938,9234
2022-02-16 11:25:00-05:00,603.25,603.9099731445312,603.25,603.9099731445312,7170
2022-02-16 11:30:00-05:00,604.125,605.4199829101562,603.8599853515625,605.010009765625,13422
2022-02-16 11:35:00-05:00,604.6500244140625,605.0599975585938,604.3400268554688,604.8400268554688,7298
2022-02-16 11:40:00-05:00,604.8400268554688,605.1699829101562,604.75,604.8800048828125,6906
2022-02-16 11:45:00-05:00,605.1799926757812,605.3599853515625,604.6199951171875,604.6199951171875,16705
2022-02-16 11:50:00-05:00,604.4400024414062,605.010009765625,604.4400024414062,604.6900024414062,8339
2022-02-16 11:55:00-05:00,604.6500244140625,604.9500122070312,603.47998046875,604.5499877929688,10379
2022-02-16 12:00:00-05:00,604.5900268554688,605.1400146484375,604.5900268554688,605.1400146484375,3213
2022-02-16 12:05:00-05:00,605.25,605.25,604.5399780273438,604.77001953125,13778
2022-02-16 12:10:00-05:00,604.9500122070312,605.219970703125,604.8800048828125,604.8800048828125,3936
2022-02-16 12:15:00-05:00,604.8900146484375,605.02001953125,604.739990234375,605.02001953125,6893
2022-02-16 12:20:00-05:00,604.8900146484375,605.260009765625,604.8800048828125,605.1400146484375,18790
2022-02-16 12:25:00-05:00,605.52001953125,605.75,604.8800048828125,604.9299926757812,21608
2022-02-16 12:30:00-05:00,604.9299926757812,604.9299926757812,602.8900146484375,602.9400024414062,11887
2022-02-16 12:35:00-05:00,602.7000122070312,603.364990234375,602.7000122070312,603.0999755859375,7006
2022-02-16 12:40:00-05:00,603.0700073242188,603.6599731445312,602.8200073242188,603.52001953125,10438
2022-02-16 12:45:00-05:00,603.3800048828125,603.4600219726562,603.3200073242188,603.3599853515625,5514
2022-02-16 12:50:00-05:00,603.2999877929688,603.6099853515625,602.8300170898438,603.5900268554688,9255
2022-02-16 12:55:00-05:00,603.6099853515625,604.2899780273438,603.510009765625,603.760009765625,8959
2022-02-16 13:00:00-05:00,603.7050170898438,604.5499877929688,603.7050170898438,604.4299926757812,5537
2022-02-16 13:05:00-05:00,604.5800170898438,605.364990234375,604.5599975585938,605.3200073242188,5514
2022-02-16 13:10:00-05:00,605.3099975585938,605.3099975585938,604.5599975585938,604.8900146484375,6090
2022-02-16 13:15:00-05:00,604.8900146484375,605.25,604.719970703125,605.10498046875,5664
2022-02-16 13:20:00-05:00,605.10498046875,605.3900146484375,605.0,605.239990234375,9399
2022-02-16 13:25:00-05:00,605.9099731445312,606.0700073242188,605.8099975585938,606.0700073242188,8076
2022-02-16 13:30:00-05:00,606.0700073242188,606.0700073242188,605.9099731445312,606.0050048828125,7376
2022-02-16 13:35:00-05:00,606.02001953125,606.905029296875,605.6900024414062,606.905029296875,15722
2022-02-16 13:40:00-05:00,606.8499755859375,606.9600219726562,606.6099853515625,606.6199951171875,28242
2022-02-16 13:45:00-05:00,606.6099853515625,606.9299926757812,606.5700073242188,606.8800048828125,14882
2022-02-16 13:50:00-05:00,607.0700073242188,607.0700073242188,606.72998046875,606.8900146484375,13093
2022-02-16 13:55:00-05:00,606.77001953125,607.1799926757812,606.739990234375,607.0499877929688,8823
2022-02-16 14:00:00-05:00,607.1799926757812,607.8099975585938,605.8400268554688,606.6400146484375,44127
2022-02-16 14:05:00-05:00,606.8300170898438,607.3150024414062,605.5999755859375,606.7550048828125,19128
2022-02-16 14:10:00-05:00,606.8099975585938,607.2000122070312,604.52001953125,604.77001953125,18266
2022-02-16 14:15:00-05:00,604.885009765625,606.4600219726562,604.885009765625,606.030029296875,15612
2022-02-16 14:20:00-05:00,606.1599731445312,607.8300170898438,606.0,607.5,12185
2022-02-16 14:25:00-05:00,607.5150146484375,608.780029296875,607.25,608.6799926757812,24467
2022-02-16 14:30:00-05:00,608.97998046875,610.2349853515625,608.97998046875,609.9500122070312,30472
2022-02-16 14:35:00-05:00,609.8400268554688,610.0499877929688,609.3900146484375,609.75,31316
2022-02-16 14:40:00-05:00,609.8300170898438,610.1099853515625,609.7000122070312,609.9500122070312,21602
2022-02-16 14:45:00-05:00,610.0599975585938,610.2750244140625,609.719970703125,609.97998046875,9058
2022-02-16 14:50:00-05:00,610.0800170898438,610.3300170898438,609.5800170898438,609.8300170898438,15530
2022-02-16 14:55:00-05:00,609.989990234375,610.1599731445312,609.6199951171875,609.9400024414062,28673
2022-02-16 15:00:00-05:00,610.0499877929688,612.0,609.9299926757812,611.780029296875,13798
2022-02-16 15:05:00-05:00,611.6799926757812,611.780029296875,611.47998046875,611.47998046875,3535
2022-02-16 15:10:00-05:00,611.510009765625,611.510009765625,610.4456787109375,610.635009765625,12314
2022-02-16 15:15:00-05:00,610.77001953125,610.9000244140625,610.4099731445312,610.75,11554
2022-02-16 15:20:00-05:00,610.5700073242188,610.8599853515625,610.4199829101562,610.4600219726562,13740
2022-02-16 15:25:00-05:00,610.4500122070312,610.9199829101562,610.3900146484375,610.9199829101562,18786
2022-02-16 15:30:00-05:00,610.8400268554688,610.8699951171875,609.8599853515625,610.0650024414062,33286
2022-02-16 15:35:00-05:00,610.1400146484375,610.7410278320312,609.9600219726562,610.7410278320312,14628
2022-02-16 15:40:00-05:00,610.7899780273438,611.9600219726562,610.7899780273438,611.9600219726562,18765
2022-02-16 15:45:00-05:00,611.8599853515625,612.47998046875,611.6400146484375,612.2899780273438,24185
2022-02-16 15:50:00-05:00,612.4099731445312,612.52001953125,611.1699829101562,611.239990234375,19993
2022-02-16 15:55:00-05:00,611.219970703125,611.219970703125,609.3400268554688,609.4299926757812,59639
2022-02-16 16:00:00-05:00,609.46,609.46,609.46,609.46,0
2022-02-16 16:05:00-05:00,609.46,609.46,606.9058,606.9058,0
2022-02-16 16:10:00-05:00,608.55,611.6,605.48,610.61,0
2022-02-16 16:15:00-05:00,608.19,609.03,608.19,609.03,0
2022-02-17 04:35:00-05:00,606.42,606.42,606.34,606.34,0
2022-02-17 05:30:00-05:00,605.87,605.87,605.87,605.87,0
2022-02-17 07:25:00-05:00,604.7,606.35,604.7,606.35,0
2022-02-17 09:00:00-05:00,603.0,603.0,603.0,603.0,0
2022-02-17 09:25:00-05:00,603.0,603.21,603.0,603.21,0
2022-02-17 09:30:00-05:00,603.2000122070312,606.0349731445312,601.7349853515625,602.8499755859375,24758
2022-02-17 09:35:00-05:00,602.6500244140625,603.5449829101562,600.3800048828125,600.3800048828125,12692
2022-02-17 09:40:00-05:00,599.6900024414062,599.9550170898438,598.9450073242188,598.95751953125,55359
2022-02-17 09:45:00-05:00,598.280029296875,598.280029296875,594.1649780273438,595.1799926757812,23962
2022-02-17 09:50:00-05:00,595.1099853515625,595.1099853515625,592.2349853515625,592.2349853515625,25968
2022-02-17 09:55:00-05:00,592.0700073242188,592.2449951171875,590.8099975585938,591.1400146484375,35649
2022-02-17 10:00:00-05:00,591.3800048828125,591.469970703125,588.3900146484375,589.4949951171875,40608
2022-02-17 10:05:00-05:00,589.9299926757812,594.3499755859375,589.9299926757812,594.3499755859375,15394
2022-02-17 10:10:00-05:00,594.3499755859375,594.530029296875,594.3499755859375,594.4000244140625,4125
2022-02-17 16:00:00-05:00,597.83,597.83,597.83,597.83,0
2022-02-17 16:30:00-05:00,606.62,607.01,597.9166,598.91,0
2022-02-17 16:35:00-05:00,600.6,600.6,600.6,600.6,0
2022-02-17 16:40:00-05:00,597.9166,597.9166,597.9166,597.9166,0
2022-02-17 16:50:00-05:00,601.1,606.7,601.1,606.7,0
2022-02-17 16:55:00-05:00,606.85,606.85,604.07,604.07,0
2022-02-17 17:05:00-05:00,598.0,598.0,595.26,595.79,0
2022-02-17 17:10:00-05:00,595.59,599.92,595.37,596.68,0
2022-02-17 17:15:00-05:00,596.64,597.81,595.89,597.5,0
2022-02-17 17:20:00-05:00,597.92,597.92,597.92,597.92,0
2022-02-18 09:00:00-05:00,598.48,598.48,598.48,598.48,0
2022-02-18 09:05:00-05:00,597.44,597.44,594.49,597.19,0
2022-02-18 09:10:00-05:00,597.66,599.95,595.26,596.02,0
2022-02-18 09:25:00-05:00,598.68,600.74,595.79,599.67,0
2022-02-18 09:30:00-05:00,598.7899780273438,599.9400024414062,597.9299926757812,599.0900268554688,40879
2022-02-18 09:35:00-05:00,599.0499877929688,601.3900146484375,598.9650268554688,600.780029296875,8573
2022-02-18 09:40:00-05:00,600.739990234375,601.010009765625,599.9600219726562,600.5,13182
2022-02-18 09:45:00-05:00,601.10498046875,601.1649780273438,599.8900146484375,600.2999877929688,48214
2022-02-18 09:50:00-05:00,600.7999877929688,602.9000244140625,600.530029296875,602.9000244140625,26827
2022-02-18 09:55:00-05:00,602.969970703125,603.97998046875,602.6699829101562,603.6799926757812,26112
2022-02-18 10:00:00-05:00,603.8099975585938,604.9550170898438,603.22998046875,604.9550170898438,24310
2022-02-18 10:05:00-05:00,605.3699951171875,605.6199951171875,603.5,603.7999877929688,25028
2022-02-18 10:10:00-05:00,603.6500244140625,603.9299926757812,602.3599853515625,602.3599853515625,18248
2022-02-18 10:15:00-05:00,602.655029296875,603.280029296875,602.1900024414062,602.7899780273438,24498
2022-02-18 10:20:00-05:00,602.7899780273438,603.6599731445312,602.0900268554688,603.5050048828125,11418
2022-02-18 10:25:00-05:00,603.4299926757812,603.4299926757812,602.2999877929688,603.1400146484375,16030
2022-02-18 10:30:00-05:00,602.8599853515625,602.8599853515625,601.5499877929688,601.969970703125,16271
2022-02-18 10:35:00-05:00,601.9199829101562,602.8599853515625,601.719970703125,601.8900146484375,9998
2022-02-18 10:40:00-05:00,601.905029296875,601.905029296875,601.0900268554688,601.3499755859375,11351
2022-02-18 10:45:00-05:00,601.3400268554688,601.4099731445312,600.6599731445312,600.989990234375,10643
2022-02-18 10:50:00-05:00,600.989990234375,601.280029296875,599.8800048828125,599.8800048828125,32049
2022-02-18 10:55:00-05:00,600.2100219726562,600.25,599.780029296875,599.9849853515625,18551
2022-02-18 11:00:00-05:00,599.8200073242188,600.5,599.260009765625,599.5800170898438,32339
2022-02-18 11:05:00-05:00,599.739990234375,601.0999755859375,599.6300048828125,599.7000122070312,16342
2022-02-18 11:10:00-05:00,600.1099853515625,600.1099853515625,598.8200073242188,599.780029296875,20399
2022-02-18 11:15:00-05:00,599.8099975585938,600.0374755859375,599.14501953125,599.14501953125,15560
2022-02-18 11:20:00-05:00,599.1400146484375,599.6400146484375,599.02001953125,599.1599731445312,11894
2022-02-18 11:25:00-05:00,599.3599853515625,600.1799926757812,598.8900146484375,599.1099853515625,15652
2022-02-18 11:30:00-05:00,599.3900146484375,599.8350219726562,598.4199829101562,598.5599975585938,17400
2022-02-18 11:35:00-05:00,598.77001953125,598.9099731445312,598.2899780273438,598.2999877929688,20978
2022-02-18 11:40:00-05:00,598.3900146484375,598.8800048828125,598.3099975585938,598.530029296875,12634
2022-02-18 11:45:00-05:00,598.510009765625,599.52001953125,598.2999877929688,598.4099731445312,19819
2022-02-18 11:50:00-05:00,598.3200073242188,598.9099731445312,598.0599975585938,598.4600219726562,38276
2022-02-18 11:55:00-05:00,598.5,598.9600219726562,595.6900024414062,595.8900146484375,23533
2022-02-18 12:00:00-05:00,595.864990234375,596.6799926757812,595.7899780273438,596.6099853515625,10792
2022-02-18 12:05:00-05:00,596.7100219726562,598.7498168945312,596.47998046875,598.3800048828125,56815
2022-02-18 12:10:00-05:00,598.239990234375,598.719970703125,598.010009765625,598.3200073242188,18414
2022-02-18 12:15:00-05:00,598.3099975585938,598.969970703125,597.9000244140625,598.3599853515625,14416
2022-02-18 12:20:00-05:00,598.1500244140625,598.1500244140625,597.1300048828125,597.219970703125,11634
2022-02-18 12:25:00-05:00,597.1599731445312,597.76171875,597.1400146484375,597.530029296875,6991
2022-02-18 12:30:00-05:00,597.3699951171875,597.3699951171875,595.8499755859375,596.6400146484375,19073
2022-02-18 12:35:00-05:00,596.6500244140625,596.9400024414062,594.780029296875,594.780029296875,10047
2022-02-18 12:40:00-05:00,594.760009765625,595.510009765625,594.6849975585938,595.3900146484375,8842
2022-02-18 12:45:00-05:00,595.3599853515625,595.719970703125,594.5700073242188,595.25,36020
2022-02-18 12:50:00-05:00,595.3900146484375,596.219970703125,595.3300170898438,595.6699829101562,14237
2022-02-18 12:55:00-05:00,595.02001953125,595.510009765625,595.02001953125,595.125,5246
2022-02-18 13:00:00-05:00,595.094970703125,595.5999755859375,595.010009765625,595.5999755859375,7301
2022-02-18 13:05:00-05:00,595.6699829101562,596.3200073242188,595.6099853515625,596.3200073242188,6928
2022-02-18 13:10:00-05:00,596.2000122070312,596.510009765625,596.0700073242188,596.1799926757812,11655
2022-02-18 13:15:00-05:00,596.1799926757812,596.1799926757812,595.7100219726562,595.9299926757812,6202
2022-02-18 13:20:00-05:00,595.72998046875,596.97998046875,595.6500244140625,596.9299926757812,11844
2022-02-18 13:25:00-05:00,596.9199829101562,596.9199829101562,596.4299926757812,596.4299926757812,8509
2022-02-18 13:30:00-05:00,596.4099731445312,596.77001953125,596.280029296875,596.5999755859375,7687
2022-02-18 13:35:00-05:00,596.52001953125,597.239990234375,596.3200073242188,597.239990234375,5992
2022-02-18 13:40:00-05:00,597.0,597.260009765625,596.8800048828125,597.260009765625,11704
2022-02-18 13:45:00-05:00,597.5999755859375,598.0,597.52001953125,597.9600219726562,10149
2022-02-18 13:50:00-05:00,597.760009765625,598.3800048828125,597.760009765625,598.2999877929688,7276
2022-02-18 13:55:00-05:00,598.27001953125,598.4299926757812,598.0999755859375,598.2100219726562,8870
2022-02-18 14:00:00-05:00,598.22998046875,599.2999877929688,598.22998046875,599.1400146484375,12409
2022-02-18 14:05:00-05:00,599.1300048828125,599.6799926757812,598.6900024414062,599.0700073242188,27851
2022-02-18 14:10:00-05:00,599.1199951171875,599.4550170898438,598.9500122070312,599.3900146484375,13308
2022-02-18 14:15:00-05:00,599.5700073242188,600.0250244140625,599.5700073242188,599.5999755859375,846381
2022-02-18 14:20:00-05:00,599.4299926757812,600.1539916992188,599.4299926757812,600.1539916992188,12598
2022-02-18 14:25:00-05:00,600.260009765625,600.260009765625,599.6500244140625,600.0499877929688,864876
2022-02-18 14:30:00-05:00,599.9299926757812,600.2899780273438,599.6699829101562,599.7899780273438,30600
2022-02-18 14:35:00-05:00,599.760009765625,600.1076049804688,599.4650268554688,600.1076049804688,25656
2022-02-18 14:40:00-05:00,600.030029296875,600.1099853515625,599.6400146484375,599.6400146484375,0
2022-02-18 14:45:00-05:00,599.7100219726562,599.7999877929688,599.3900146484375,599.3900146484375,9780
2022-02-18 14:50:00-05:00,599.3900146484375,600.47998046875,599.3900146484375,600.375,25200
2022-02-18 14:55:00-05:00,600.4099731445312,600.6950073242188,599.6500244140625,599.9918823242188,20259
2022-02-18 15:00:00-05:00,600.02001953125,600.1799926757812,598.4749755859375,598.4749755859375,17289
2022-02-18 15:05:00-05:00,598.5050048828125,598.5050048828125,596.1699829101562,596.739990234375,6917
2022-02-18 15:10:00-05:00,597.0700073242188,597.3800048828125,595.6400146484375,596.0399780273438,8303
2022-02-18 15:15:00-05:00,596.010009765625,596.5499877929688,595.4400024414062,595.760009765625,15060
2022-02-18 15:20:00-05:00,595.9000244140625,597.0,595.6799926757812,597.0,15369
2022-02-18 15:25:00-05:00,597.030029296875,597.489990234375,596.8099975585938,596.8099975585938,21346
2022-02-18 15:30:00-05:00,596.8599853515625,596.8599853515625,595.77001953125,595.9600219726562,34337
2022-02-18 15:35:00-05:00,595.9199829101562,596.6799926757812,595.75,596.4199829101562,43554
2022-02-18 15:40:00-05:00,596.52001953125,598.6500244140625,596.52001953125,598.4299926757812,33421
2022-02-18 15:45:00-05:00,598.719970703125,599.2100219726562,597.5449829101562,597.72998046875,41814
2022-02-18 15:50:00-05:00,597.6099853515625,597.72998046875,595.4600219726562,597.2000122070312,31849
2022-02-18 15:55:00-05:00,597.1900024414062,597.2100219726562,595.7750244140625,596.8300170898438,47245
2022-02-18 16:00:00-05:00,596.83,598.98,596.83,598.13,0
2022-02-18 16:05:00-05:00,597.97,597.97,594.96,594.96,0
2022-02-18 16:10:00-05:00,596.64,599.0696,594.56,597.76,0
2022-02-18 16:15:00-05:00,598.08,599.0696,597.6,599.0696,0
2022-02-18 16:40:00-05:00,596.83,596.83,596.83,596.83,0
2022-02-18 16:45:00-05:00,596.83,596.83,596.83,596.83,0
2022-02-18 17:25:00-05:00,600.0,600.0,600.0,600.0,0
2022-02-18 17:30:00-05:00,596.0,596.0,596.0,596.0,0
