Datetime,Open,High,Low,Close,Volume
2022-01-21 09:30:00-05:00,35.13999938964844,35.13999938964844,34.68000030517578,34.74599838256836,26447
2022-01-21 09:45:00-05:00,34.689998626708984,34.900001525878906,34.689998626708984,34.790000915527344,115330
2022-01-21 10:00:00-05:00,34.84000015258789,34.90999984741211,34.75,34.880001068115234,12312
2022-01-21 10:15:00-05:00,34.88999938964844,34.97999954223633,34.79999923706055,34.97999954223633,18488
2022-01-21 10:30:00-05:00,34.95000076293945,35.09000015258789,34.93000030517578,35.0099983215332,34912
2022-01-21 10:45:00-05:00,35.029998779296875,35.095001220703125,35.0,35.0099983215332,58578
2022-01-21 11:00:00-05:00,34.9900016784668,35.13999938964844,34.9900016784668,35.13999938964844,24536
2022-01-21 11:15:00-05:00,35.13999938964844,35.13999938964844,35.0,35.040000915527344,16760
2022-01-21 11:30:00-05:00,35.060001373291016,35.060001373291016,34.93000030517578,35.0,22702
2022-01-21 11:45:00-05:00,34.959999084472656,34.970001220703125,34.900001525878906,34.95000076293945,31728
2022-01-21 12:00:00-05:00,34.970001220703125,34.97999954223633,34.91999816894531,34.920101165771484,9482
2022-01-21 12:15:00-05:00,34.95000076293945,34.95000076293945,34.88999938964844,34.93000030517578,14314
2022-01-21 12:30:00-05:00,34.95000076293945,35.02000045776367,34.95000076293945,34.9900016784668,62766
2022-01-21 12:45:00-05:00,35.0099983215332,35.0099983215332,34.88999938964844,34.88999938964844,9856
2022-01-21 13:00:00-05:00,34.880001068115234,34.880001068115234,34.7599983215332,34.790000915527344,6446
2022-01-21 13:15:00-05:00,34.7599983215332,34.84000015258789,34.720001220703125,34.7599983215332,19106
2022-01-21 13:30:00-05:00,34.79999923706055,34.810001373291016,34.709999084472656,34.790000915527344,8802
2022-01-21 13:45:00-05:00,34.83000183105469,34.959999084472656,34.83000183105469,34.93000030517578,14028
2022-01-21 14:00:00-05:00,34.93000030517578,34.95000076293945,34.869998931884766,34.91999816894531,14686
2022-01-21 14:15:00-05:00,34.959999084472656,35.029998779296875,34.93000030517578,35.029998779296875,14356
2022-01-21 14:30:00-05:00,35.02000045776367,35.04999923706055,34.970001220703125,35.0,18266
2022-01-21 14:45:00-05:00,35.0,35.04999923706055,34.959999084472656,34.959999084472656,13702
2022-01-21 15:00:00-05:00,34.959999084472656,34.98500061035156,34.77000045776367,34.849998474121094,21144
2022-01-21 15:15:00-05:00,34.834999084472656,34.91999816894531,34.75,34.75,30672
2022-01-21 15:30:00-05:00,34.75,34.970001220703125,34.75,34.95000076293945,30678
2022-01-21 15:45:00-05:00,34.939998626708984,35.08000183105469,34.88999938964844,35.040000915527344,75892
2022-01-21 16:00:00-05:00,35.04,35.04,34.9492,34.9492,0
2022-01-21 16:45:00-05:00,35.04,35.04,35.04,35.04,0
2022-01-25 15:00:00-05:00,35.11000061035156,35.11000061035156,34.9900016784668,35.040000915527344,150484
2022-01-25 15:15:00-05:00,35.04999923706055,35.08000183105469,34.900001525878906,34.900001525878906,7007
2022-01-25 15:30:00-05:00,34.939998626708984,34.95000076293945,34.84000015258789,34.95000076293945,9061
2022-01-26 10:30:00-05:00,34.9900016784668,34.9900016784668,34.9900016784668,34.9900016784668,0
2022-01-26 11:30:00-05:00,35.20000076293945,35.20000076293945,35.189998626708984,35.189998626708984,15202
2022-01-26 12:30:00-05:00,35.34000015258789,35.34000015258789,35.34000015258789,35.34000015258789,61450
2022-01-26 12:45:00-05:00,35.25,35.25,35.25,35.25,3434
2022-01-26 14:30:00-05:00,35.13999938964844,35.13999938964844,35.13999938964844,35.13999938964844,21670
2022-01-26 14:45:00-05:00,35.02000045776367,35.02000045776367,35.02000045776367,35.02000045776367,9933
2022-01-26 15:00:00-05:00,34.91999816894531,34.91999816894531,34.91999816894531,34.91999816894531,5580
2022-01-26 15:15:00-05:00,34.869998931884766,34.869998931884766,34.79999923706055,34.83000183105469,8169
2022-01-26 15:30:00-05:00,34.970001220703125,34.970001220703125,34.970001220703125,34.970001220703125,7587
2022-01-26 15:45:00-05:00,34.88999938964844,34.88999938964844,34.869998931884766,34.869998931884766,17516
2022-01-26 16:00:00-05:00,34.86,34.86,34.86,34.86,0
2022-01-27 09:30:00-05:00,34.849998474121094,34.939998626708984,34.849998474121094,34.86000061035156,6987
2022-01-27 09:45:00-05:00,35.04999923706055,35.119998931884766,35.04999923706055,35.09000015258789,2930
2022-01-27 10:00:00-05:00,35.08000183105469,35.08000183105469,35.02000045776367,35.02000045776367,4210
2022-01-27 10:15:00-05:00,34.900001525878906,34.904998779296875,34.720001220703125,34.72999954223633,5104
2022-01-27 10:30:00-05:00,34.56999969482422,34.849998474121094,34.560001373291016,34.849998474121094,5970
2022-01-27 10:45:00-05:00,34.939998626708984,34.939998626708984,34.880001068115234,34.91999816894531,4738
2022-01-27 11:00:00-05:00,34.91999816894531,34.91999816894531,34.79999923706055,34.79999923706055,3538
2022-01-27 11:15:00-05:00,34.65999984741211,34.75,34.650001525878906,34.650001525878906,5724
2022-01-27 11:30:00-05:00,34.68000030517578,34.79999923706055,34.68000030517578,34.68000030517578,10954
2022-01-27 11:45:00-05:00,34.650001525878906,34.7400016784668,34.650001525878906,34.689998626708984,5352
2022-01-27 12:00:00-05:00,34.630001068115234,34.6349983215332,34.56999969482422,34.56999969482422,5382
2022-01-27 12:15:00-05:00,34.560001373291016,34.58000183105469,34.540000915527344,34.54999923706055,5902
2022-01-27 12:30:00-05:00,34.58000183105469,34.58000183105469,34.4900016784668,34.54999923706055,5278
2022-01-27 12:45:00-05:00,34.540000915527344,34.540000915527344,34.470001220703125,34.470001220703125,1774
2022-01-27 13:00:00-05:00,34.5,34.5,34.310001373291016,34.36000061035156,14206
2022-01-27 13:15:00-05:00,34.38999938964844,34.40999984741211,34.290000915527344,34.29999923706055,11746
2022-01-27 13:30:00-05:00,34.279998779296875,34.400001525878906,34.279998779296875,34.349998474121094,12642
2022-01-27 13:45:00-05:00,34.36000061035156,34.40999984741211,34.34000015258789,34.40999984741211,5624
2022-01-27 14:00:00-05:00,34.40999984741211,34.47999954223633,34.400001525878906,34.47999954223633,9464
2022-01-27 14:15:00-05:00,34.45000076293945,34.5,34.41999816894531,34.474998474121094,8480
2022-01-27 14:30:00-05:00,34.47999954223633,34.540000915527344,34.400001525878906,34.540000915527344,11972
2022-01-27 14:45:00-05:00,34.56999969482422,34.56999969482422,34.380001068115234,34.380001068115234,7776
2022-01-27 15:00:00-05:00,34.41999816894531,34.45000076293945,34.38999938964844,34.38999938964844,7054
2022-01-27 15:15:00-05:00,34.36000061035156,34.47999954223633,34.36000061035156,34.400001525878906,14244
2022-01-27 15:30:00-05:00,34.439998626708984,34.48699951171875,34.400001525878906,34.45000076293945,14794
2022-01-27 15:45:00-05:00,34.470001220703125,34.5,34.400001525878906,34.400001525878906,32024
2022-01-27 16:00:00-05:00,34.44,34.44,34.44,34.44,0
2022-01-28 09:30:00-05:00,34.380001068115234,34.599998474121094,34.17290115356445,34.17290115356445,5306
2022-01-28 09:45:00-05:00,34.40999984741211,34.49169921875,34.38999938964844,34.459999084472656,3602
2022-01-28 10:00:00-05:00,34.47999954223633,34.66999816894531,34.47999954223633,34.66999816894531,3171
2022-01-28 10:15:00-05:00,34.7400016784668,34.91999816894531,34.709999084472656,34.880001068115234,13796
2022-01-28 10:30:00-05:00,34.86000061035156,34.880001068115234,34.689998626708984,34.810001373291016,10078
2022-01-28 10:45:00-05:00,34.81999969482422,34.939998626708984,34.72999954223633,34.77000045776367,6631
2022-01-28 11:00:00-05:00,34.79610061645508,34.79610061645508,34.63999938964844,34.63999938964844,6047
2022-01-28 11:15:00-05:00,34.61000061035156,34.66999816894531,34.56999969482422,34.56999969482422,4852
2022-01-28 11:30:00-05:00,34.560001373291016,34.66999816894531,34.54999923706055,34.619998931884766,3784
2022-01-28 11:45:00-05:00,34.63999938964844,34.779998779296875,34.599998474121094,34.779998779296875,2684
2022-01-28 12:00:00-05:00,34.79999923706055,34.84000015258789,34.790000915527344,34.810001373291016,2600
2022-01-28 12:15:00-05:00,34.810001373291016,34.869998931884766,34.810001373291016,34.869998931884766,1746
2022-01-28 12:30:00-05:00,34.88999938964844,35.0,34.84000015258789,34.939998626708984,6407
2022-01-28 12:45:00-05:00,34.88999938964844,35.0099983215332,34.880001068115234,35.0,6772
2022-01-28 13:00:00-05:00,35.0099983215332,35.119998931884766,35.0099983215332,35.119998931884766,4036
2022-01-28 13:15:00-05:00,35.119998931884766,35.189998626708984,35.029998779296875,35.11000061035156,14452
2022-01-28 13:30:00-05:00,35.11000061035156,35.26959991455078,35.095001220703125,35.25,7949
2022-01-28 13:45:00-05:00,35.29999923706055,35.34000015258789,35.279998779296875,35.310001373291016,6685
2022-01-28 14:00:00-05:00,35.33000183105469,35.439998626708984,35.33000183105469,35.36000061035156,22310
2022-01-28 14:15:00-05:00,35.380001068115234,35.45000076293945,35.33000183105469,35.36000061035156,29783
2022-01-28 14:30:00-05:00,35.34000015258789,35.439998626708984,35.34000015258789,35.439998626708984,8602
2022-01-28 14:45:00-05:00,35.459999084472656,35.52000045776367,35.45000076293945,35.47999954223633,4698
2022-01-28 15:00:00-05:00,35.494998931884766,35.52000045776367,35.40999984741211,35.470001220703125,19002
2022-01-28 15:15:00-05:00,35.439998626708984,35.5,35.43000030517578,35.43000030517578,9275
2022-01-28 15:30:00-05:00,35.45000076293945,35.619998931884766,35.43000030517578,35.619998931884766,26827
2022-01-28 15:45:00-05:00,35.619998931884766,35.650001525878906,35.470001220703125,35.560001373291016,44803
2022-01-28 16:00:00-05:00,35.56,35.56,35.5275,35.56,0
2022-01-31 09:30:00-05:00,35.40999984741211,35.66999816894531,35.290000915527344,35.33000183105469,20572
2022-01-31 09:45:00-05:00,35.31999969482422,35.31999969482422,35.099998474121094,35.13999938964844,10336
2022-01-31 10:00:00-05:00,35.209999084472656,35.27000045776367,35.08000183105469,35.189998626708984,22274
2022-01-31 10:15:00-05:00,35.27000045776367,35.45000076293945,35.26499938964844,35.45000076293945,9018
2022-01-31 10:30:00-05:00,35.527099609375,35.527099609375,35.45000076293945,35.4900016784668,4952
2022-01-31 10:45:00-05:00,35.41999816894531,35.56999969482422,35.400001525878906,35.5099983215332,8228
2022-01-31 11:00:00-05:00,35.560001373291016,35.66999816894531,35.560001373291016,35.66999816894531,7552
2022-01-31 11:15:00-05:00,35.631500244140625,35.65999984741211,35.560001373291016,35.65999984741211,4146
2022-01-31 11:30:00-05:00,35.61000061035156,35.6349983215332,35.59000015258789,35.599998474121094,4556
2022-01-31 11:45:00-05:00,35.630001068115234,35.709999084472656,35.630001068115234,35.709999084472656,3224
2022-01-31 12:00:00-05:00,35.709999084472656,35.720001220703125,35.709999084472656,35.712501525878906,3426
2022-01-31 12:15:00-05:00,35.689998626708984,35.689998626708984,35.689998626708984,35.689998626708984,1458
2022-01-31 12:30:00-05:00,35.65999984741211,35.709999084472656,35.65999984741211,35.70000076293945,5562
2022-01-31 12:45:00-05:00,35.65999984741211,35.65999984741211,35.560001373291016,35.61000061035156,10166
2022-01-31 13:00:00-05:00,35.60499954223633,35.60499954223633,35.54999923706055,35.599998474121094,5552
2022-01-31 13:15:00-05:00,35.599998474121094,35.720001220703125,35.599998474121094,35.720001220703125,9874
2022-01-31 13:30:00-05:00,35.70000076293945,35.7599983215332,35.67499923706055,35.7599983215332,3806
2022-01-31 13:45:00-05:00,35.779998779296875,35.779998779296875,35.7599983215332,35.779998779296875,4652
2022-01-31 14:00:00-05:00,35.779998779296875,35.810001373291016,35.77000045776367,35.77000045776367,5298
2022-01-31 14:15:00-05:00,35.75,35.81999969482422,35.75,35.81999969482422,5948
2022-01-31 14:30:00-05:00,35.81999969482422,35.84000015258789,35.7599983215332,35.790000915527344,15082
2022-01-31 14:45:00-05:00,35.78089904785156,35.81999969482422,35.75,35.75,17982
2022-01-31 15:00:00-05:00,35.75,35.77000045776367,35.650001525878906,35.70000076293945,15142
2022-01-31 15:15:00-05:00,35.65999984741211,35.77000045776367,35.619998931884766,35.72999954223633,12406
2022-01-31 15:30:00-05:00,35.720001220703125,35.7400016784668,35.63999938964844,35.650001525878906,7194
2022-01-31 15:45:00-05:00,35.650001525878906,35.650001525878906,35.54999923706055,35.54999923706055,74460
2022-01-31 16:00:00-05:00,35.58,35.58,35.58,35.58,10624
2022-01-31 16:30:00-05:00,35.58,35.58,35.58,35.58,0
2022-02-01 09:30:00-05:00,35.68000030517578,36.150001525878906,35.61000061035156,35.970001220703125,17320
2022-02-01 09:45:00-05:00,36.0,36.040000915527344,35.93000030517578,36.040000915527344,4816
2022-02-01 10:00:00-05:00,35.900001525878906,35.90999984741211,35.54999923706055,35.599998474121094,37224
2022-02-01 10:15:00-05:00,35.65999984741211,35.790000915527344,35.630001068115234,35.7599983215332,6164
2022-02-01 10:30:00-05:00,35.755001068115234,35.779998779296875,35.630001068115234,35.650001525878906,4322
2022-02-01 10:45:00-05:00,35.650001525878906,35.650001525878906,35.369998931884766,35.369998931884766,22158
2022-02-01 11:00:00-05:00,35.400001525878906,35.56999969482422,35.39500045776367,35.474998474121094,11642
2022-02-01 11:15:00-05:00,35.5,35.540000915527344,35.4900016784668,35.4900016784668,5610
2022-02-01 11:30:00-05:00,35.470001220703125,35.5,35.369998931884766,35.37099838256836,7572
2022-02-01 11:45:00-05:00,35.36000061035156,35.36000061035156,35.310001373291016,35.34000015258789,2470
2022-02-01 12:00:00-05:00,35.310001373291016,35.36000061035156,35.310001373291016,35.34000015258789,11004
2022-02-01 12:15:00-05:00,35.34000015258789,35.38999938964844,35.290000915527344,35.310001373291016,15796
2022-02-01 12:30:00-05:00,35.34000015258789,35.369998931884766,35.290000915527344,35.3650016784668,7864
2022-02-01 12:45:00-05:00,35.3489990234375,35.36000061035156,35.33000183105469,35.349998474121094,7700
2022-02-01 13:00:00-05:00,35.349998474121094,35.380001068115234,35.31999969482422,35.34000015258789,4588
2022-02-01 13:15:00-05:00,35.29999923706055,35.36000061035156,35.279998779296875,35.36000061035156,13384
2022-02-01 13:30:00-05:00,35.36000061035156,35.380001068115234,35.29999923706055,35.34000015258789,29902
2022-02-01 13:45:00-05:00,35.34000015258789,35.34000015258789,35.34000015258789,35.34000015258789,1388
2022-02-01 14:00:00-05:00,35.310001373291016,35.38999938964844,35.25,35.25,13570
2022-02-01 14:15:00-05:00,35.25,35.31999969482422,35.25,35.29999923706055,8338
2022-02-01 14:30:00-05:00,35.290000915527344,35.33000183105469,35.220001220703125,35.220001220703125,13274
2022-02-01 14:45:00-05:00,35.220001220703125,35.33000183105469,35.209999084472656,35.22999954223633,10132
2022-02-01 15:00:00-05:00,35.2599983215332,35.290000915527344,35.20000076293945,35.25,7256
2022-02-01 15:15:00-05:00,35.20000076293945,35.33000183105469,35.18000030517578,35.279998779296875,12610
2022-02-01 15:30:00-05:00,35.27000045776367,35.29999923706055,35.165000915527344,35.23649978637695,16690
2022-02-01 15:45:00-05:00,35.25,35.380001068115234,35.2400016784668,35.290000915527344,49440
2022-02-01 16:00:00-05:00,35.3,35.3,35.3,35.3,9822
2022-02-01 16:30:00-05:00,35.3,35.3,35.3,35.3,0
2022-02-02 09:30:00-05:00,35.2400016784668,35.36000061035156,35.09000015258789,35.15999984741211,3186
2022-02-02 09:45:00-05:00,35.13999938964844,35.13999938964844,35.13999938964844,35.13999938964844,392
2022-02-02 10:00:00-05:00,35.060001373291016,35.18000030517578,35.04999923706055,35.150001525878906,4692
2022-02-02 10:15:00-05:00,35.27000045776367,35.31999969482422,35.2599983215332,35.310001373291016,6847
2022-02-02 10:30:00-05:00,35.38999938964844,35.52000045776367,35.38999938964844,35.494998931884766,6788
2022-02-02 10:45:00-05:00,35.540000915527344,35.650001525878906,35.4900016784668,35.630001068115234,14029
2022-02-02 11:00:00-05:00,35.59000015258789,35.599998474121094,35.47999954223633,35.5099983215332,2777
2022-02-02 11:15:00-05:00,35.38999938964844,35.5099983215332,35.31999969482422,35.47999954223633,3550
2022-02-02 11:30:00-05:00,35.48609924316406,35.48609924316406,35.439998626708984,35.45000076293945,2531
2022-02-02 11:45:00-05:00,35.56999969482422,35.58000183105469,35.5099983215332,35.5099983215332,1658
2022-02-02 12:00:00-05:00,35.494998931884766,35.60599899291992,35.494998931884766,35.56999969482422,2983
2022-02-02 12:15:00-05:00,35.599998474121094,35.61000061035156,35.56999969482422,35.56999969482422,3757
2022-02-02 12:30:00-05:00,35.630001068115234,35.65999984741211,35.599998474121094,35.599998474121094,1487
2022-02-02 12:45:00-05:00,35.58000183105469,35.59000015258789,35.58000183105469,35.58000183105469,603
2022-02-02 13:00:00-05:00,35.619998931884766,35.645999908447266,35.619998931884766,35.630001068115234,1878
2022-02-02 13:30:00-05:00,35.61000061035156,35.630001068115234,35.540000915527344,35.540000915527344,1344
2022-02-02 13:45:00-05:00,35.61000061035156,35.630001068115234,35.540000915527344,35.540000915527344,1230
2022-02-02 14:00:00-05:00,35.540000915527344,35.599998474121094,35.540000915527344,35.599998474121094,1164
2022-02-02 14:15:00-05:00,35.599998474121094,35.61000061035156,35.560001373291016,35.56999969482422,2951
2022-02-02 14:30:00-05:00,35.56999969482422,35.61000061035156,35.52000045776367,35.59000015258789,3169
2022-02-02 14:45:00-05:00,35.61600112915039,35.619998931884766,35.58000183105469,35.58000183105469,2063
2022-02-02 15:00:00-05:00,35.61000061035156,35.61000061035156,35.58000183105469,35.59000015258789,2413
2022-02-02 15:15:00-05:00,35.560001373291016,35.630001068115234,35.560001373291016,35.59000015258789,2709
2022-02-02 15:30:00-05:00,35.56999969482422,35.630001068115234,35.56999969482422,35.619998931884766,4146
2022-02-02 15:45:00-05:00,35.61000061035156,35.689998626708984,35.58000183105469,35.59000015258789,28162
2022-02-02 16:00:00-05:00,35.59,35.59,35.03,35.03,0
2022-02-03 08:45:00-05:00,35.77,35.77,35.77,35.77,0
2022-02-03 09:30:00-05:00,35.310001373291016,35.439998626708984,35.310001373291016,35.43000030517578,9895
2022-02-03 09:45:00-05:00,35.400001525878906,35.41999816894531,35.150001525878906,35.15999984741211,6610
2022-02-03 10:00:00-05:00,35.25,35.310001373291016,35.25,35.25,1453
2022-02-03 10:15:00-05:00,35.38999938964844,35.400001525878906,35.33000183105469,35.400001525878906,1602
2022-02-03 10:30:00-05:00,35.439998626708984,35.439998626708984,35.36000061035156,35.42599868774414,1618
2022-02-03 10:45:00-05:00,35.41999816894531,35.41999816894531,35.400001525878906,35.400001525878906,559
2022-02-03 11:00:00-05:00,35.40999984741211,35.439998626708984,35.34000015258789,35.38999938964844,9676
2022-02-03 11:15:00-05:00,35.369998931884766,35.400001525878906,35.33000183105469,35.33000183105469,7883
2022-02-03 11:30:00-05:00,35.36000061035156,35.36000061035156,35.34000015258789,35.36000061035156,2238
2022-02-03 11:45:00-05:00,35.36000061035156,35.380001068115234,35.34000015258789,35.34000015258789,7173
2022-02-03 12:00:00-05:00,35.34000015258789,35.439998626708984,35.33000183105469,35.439998626708984,25673
2022-02-03 12:15:00-05:00,35.470001220703125,35.63999938964844,35.38999938964844,35.63999938964844,15631
2022-02-03 12:30:00-05:00,35.619998931884766,35.619998931884766,35.59000015258789,35.61000061035156,6103
2022-02-03 12:45:00-05:00,35.599998474121094,35.65999984741211,35.59000015258789,35.650001525878906,5313
2022-02-03 13:00:00-05:00,35.66999816894531,35.66999816894531,35.619998931884766,35.64500045776367,1766
2022-02-03 13:15:00-05:00,35.630001068115234,35.66999816894531,35.59000015258789,35.630001068115234,9015
2022-02-03 13:30:00-05:00,35.65999984741211,35.68000030517578,35.4900016784668,35.55720138549805,7723
2022-02-03 13:45:00-05:00,35.529998779296875,35.529998779296875,35.47999954223633,35.51060104370117,1023
2022-02-03 14:00:00-05:00,35.529998779296875,35.59000015258789,35.47999954223633,35.56999969482422,4264
2022-02-03 14:15:00-05:00,35.56999969482422,35.58000183105469,35.54999923706055,35.560001373291016,8335
2022-02-03 14:30:00-05:00,35.560001373291016,35.59000015258789,35.560001373291016,35.560001373291016,8568
2022-02-03 14:45:00-05:00,35.560001373291016,35.56999969482422,35.529998779296875,35.560001373291016,12669
2022-02-03 15:00:00-05:00,35.54999923706055,35.54999923706055,35.459999084472656,35.47999954223633,6531
2022-02-03 15:15:00-05:00,35.54999923706055,35.54999923706055,35.5099983215332,35.5099983215332,10136
2022-02-03 15:30:00-05:00,35.529998779296875,35.560001373291016,35.5,35.54999923706055,9909
2022-02-03 15:45:00-05:00,35.54999923706055,35.560001373291016,35.5,35.540000915527344,23515
2022-02-03 16:00:00-05:00,35.53,35.53,35.53,35.53,3464
2022-02-04 14:45:00-05:00,35.45000076293945,35.45000076293945,35.3849983215332,35.38999938964844,1617
2022-02-04 15:00:00-05:00,35.380001068115234,35.43000030517578,35.36000061035156,35.40999984741211,4840
2022-02-04 15:15:00-05:00,35.380001068115234,35.525001525878906,35.380001068115234,35.5,8440
2022-02-04 15:30:00-05:00,35.4900016784668,35.54999923706055,35.4900016784668,35.529998779296875,25693
2022-02-04 15:45:00-05:00,35.5,35.540000915527344,35.41999816894531,35.41999816894531,35305
2022-02-04 16:00:00-05:00,35.43,35.4993,35.43,35.43,0
2022-02-07 16:00:00-05:00,35.93,35.93,35.93,35.93,0
2022-02-08 09:30:00-05:00,35.79999923706055,35.86000061035156,35.619998931884766,35.7599983215332,5135
2022-02-08 09:45:00-05:00,35.75,35.779998779296875,35.59000015258789,35.59000015258789,6184
2022-02-08 10:00:00-05:00,35.56999969482422,35.56999969482422,35.505001068115234,35.54999923706055,1296
2022-02-08 10:15:00-05:00,35.599998474121094,35.66999816894531,35.5099983215332,35.65999984741211,8248
2022-02-08 10:30:00-05:00,35.63999938964844,35.63999938964844,35.63999938964844,35.63999938964844,280
2022-02-08 10:45:00-05:00,35.63999938964844,35.63999938964844,35.51499938964844,35.51499938964844,4470
2022-02-08 11:00:00-05:00,35.4900016784668,35.4900016784668,35.36000061035156,35.38999938964844,7946
2022-02-08 11:15:00-05:00,35.40420150756836,35.5099983215332,35.37269973754883,35.459999084472656,8810
2022-02-08 11:30:00-05:00,35.5,35.560001373291016,35.5,35.52009963989258,5336
2022-02-08 11:45:00-05:00,35.54999923706055,35.65999984741211,35.54499816894531,35.619998931884766,9766
2022-02-08 12:00:00-05:00,35.65999984741211,35.65999984741211,35.619998931884766,35.64500045776367,4092
2022-02-08 12:15:00-05:00,35.650001525878906,35.650001525878906,34.86000061035156,35.11000061035156,497786
2022-02-08 12:30:00-05:00,35.1349983215332,35.15999984741211,35.029998779296875,35.08000183105469,47908
2022-02-08 12:45:00-05:00,35.08000183105469,35.220001220703125,35.060001373291016,35.220001220703125,11772
2022-02-08 13:00:00-05:00,35.22999954223633,35.349998474121094,35.22999954223633,35.290000915527344,49946
2022-02-08 13:15:00-05:00,35.2599983215332,35.290000915527344,35.209999084472656,35.25400161743164,23768
2022-02-08 13:30:00-05:00,35.25,35.29999923706055,35.23500061035156,35.290000915527344,20464
2022-02-08 13:45:00-05:00,35.290000915527344,35.310001373291016,35.279998779296875,35.310001373291016,34756
2022-02-08 14:00:00-05:00,35.380001068115234,35.47999954223633,35.380001068115234,35.41999816894531,15344
2022-02-08 14:15:00-05:00,35.40999984741211,35.40999984741211,35.29999923706055,35.33000183105469,8204
2022-02-08 14:30:00-05:00,35.33000183105469,35.34000015258789,35.2400016784668,35.25,6004
2022-02-08 14:45:00-05:00,35.29999923706055,35.40999984741211,35.29499816894531,35.3849983215332,8212
2022-02-08 15:00:00-05:00,35.349998474121094,35.400001525878906,35.33000183105469,35.38999938964844,8328
2022-02-08 15:15:00-05:00,35.459999084472656,35.459999084472656,35.36000061035156,35.40999984741211,10866
2022-02-08 15:30:00-05:00,35.39500045776367,35.5260009765625,35.39500045776367,35.4900016784668,13772
2022-02-08 15:45:00-05:00,35.47999954223633,35.54999923706055,35.459999084472656,35.54999923706055,177234
2022-02-08 16:00:00-05:00,35.53,35.53,35.53,35.53,6079
2022-02-09 09:30:00-05:00,35.79999923706055,35.845001220703125,35.650001525878906,35.650001525878906,4133
2022-02-09 09:45:00-05:00,35.66999816894531,35.72999954223633,35.55500030517578,35.56999969482422,4272
2022-02-09 10:00:00-05:00,35.66999816894531,35.880001068115234,35.66999816894531,35.77000045776367,5078
2022-02-09 10:15:00-05:00,35.810001373291016,35.810001373291016,35.66999816894531,35.70000076293945,13200
2022-02-09 10:30:00-05:00,35.63999938964844,35.63999938964844,35.63999938964844,35.63999938964844,774
2022-02-09 10:45:00-05:00,35.654998779296875,35.70000076293945,35.630001068115234,35.70000076293945,5122
2022-02-09 11:00:00-05:00,35.709999084472656,35.709999084472656,35.63999938964844,35.63999938964844,4720
2022-02-09 11:15:00-05:00,35.63999938964844,35.63999938964844,35.59000015258789,35.59000015258789,2164
2022-02-09 11:30:00-05:00,35.59000015258789,35.59000015258789,35.459999084472656,35.459999084472656,8660
2022-02-09 11:45:00-05:00,35.439998626708984,35.439998626708984,35.439998626708984,35.439998626708984,726
2022-02-09 12:00:00-05:00,35.40999984741211,35.439998626708984,35.400001525878906,35.41999816894531,4354
2022-02-09 12:15:00-05:00,35.439998626708984,35.470001220703125,35.439998626708984,35.470001220703125,3244
2022-02-09 12:30:00-05:00,35.470001220703125,35.470001220703125,35.369998931884766,35.400001525878906,3382
2022-02-09 12:45:00-05:00,35.41999816894531,35.41999816894531,35.41999816894531,35.41999816894531,704
2022-02-09 13:00:00-05:00,35.439998626708984,35.459999084472656,35.40999984741211,35.40999984741211,2420
2022-02-09 13:15:00-05:00,35.38999938964844,35.41999816894531,35.349998474121094,35.349998474121094,6212
2022-02-09 13:30:00-05:00,35.369998931884766,35.380001068115234,35.33000183105469,35.380001068115234,5832
2022-02-09 13:45:00-05:00,35.3849983215332,35.400001525878906,35.36000061035156,35.36000061035156,2230
2022-02-09 14:00:00-05:00,35.349998474121094,35.380001068115234,35.310001373291016,35.310001373291016,7304
2022-02-09 14:15:00-05:00,35.209999084472656,35.2599983215332,35.209999084472656,35.25,3736
2022-02-09 14:30:00-05:00,35.27000045776367,35.31999969482422,35.209999084472656,35.279998779296875,7566
2022-02-09 14:45:00-05:00,35.27000045776367,35.290000915527344,35.119998931884766,35.16999816894531,24748
2022-02-09 15:00:00-05:00,35.16999816894531,35.22999954223633,35.16999816894531,35.20000076293945,4628
2022-02-09 15:15:00-05:00,35.20000076293945,35.220001220703125,35.18000030517578,35.209999084472656,9388
2022-02-09 15:30:00-05:00,35.220001220703125,35.2599983215332,35.189998626708984,35.20000076293945,15504
2022-02-09 15:45:00-05:00,35.209999084472656,35.209999084472656,35.150001525878906,35.18000030517578,35900
2022-02-09 16:00:00-05:00,35.19,35.19,35.19,35.19,9258
2022-02-09 16:30:00-05:00,35.19,35.19,35.19,35.19,0
2022-02-10 09:30:00-05:00,34.93000030517578,35.36000061035156,34.93000030517578,35.29999923706055,27880
2022-02-10 09:45:00-05:00,35.28499984741211,35.290000915527344,35.09000015258789,35.09000015258789,22210
2022-02-10 10:00:00-05:00,35.130001068115234,35.33000183105469,35.119998931884766,35.33000183105469,16068
2022-02-10 10:15:00-05:00,35.38999938964844,35.400001525878906,35.189998626708984,35.22999954223633,15232
2022-02-10 10:30:00-05:00,35.26499938964844,35.375,35.2400016784668,35.279998779296875,7996
2022-02-10 10:45:00-05:00,35.2400016784668,35.310001373291016,35.18000030517578,35.279998779296875,31182
2022-02-10 11:00:00-05:00,35.29999923706055,35.29999923706055,35.20000076293945,35.2599983215332,30346
2022-02-10 11:15:00-05:00,35.25,35.279998779296875,35.2400016784668,35.2400016784668,12924
2022-02-10 11:30:00-05:00,35.2400016784668,35.279998779296875,35.22999954223633,35.279998779296875,22732
2022-02-10 11:45:00-05:00,35.279998779296875,35.279998779296875,34.86000061035156,34.86000061035156,72124
2022-02-10 12:00:00-05:00,34.86000061035156,34.939998626708984,34.7400016784668,34.810001373291016,20306
2022-02-10 12:15:00-05:00,34.85499954223633,34.869998931884766,34.75,34.7599983215332,24604
2022-02-10 12:30:00-05:00,34.77000045776367,34.779998779296875,34.70500183105469,34.72999954223633,8552
2022-02-10 12:45:00-05:00,34.755001068115234,34.755001068115234,34.61000061035156,34.689998626708984,14392
2022-02-10 13:00:00-05:00,34.65999984741211,34.65999984741211,34.599998474121094,34.64500045776367,6976
2022-02-10 13:15:00-05:00,34.64500045776367,34.689998626708984,34.58000183105469,34.650001525878906,6516
2022-02-10 13:30:00-05:00,34.66899871826172,34.66899871826172,34.43000030517578,34.47999954223633,9520
2022-02-10 13:45:00-05:00,34.43000030517578,34.459999084472656,34.400001525878906,34.42499923706055,6340
2022-02-10 14:00:00-05:00,34.400001525878906,34.43000030517578,34.349998474121094,34.400001525878906,10278
2022-02-10 14:15:00-05:00,34.380001068115234,34.5099983215332,34.34000015258789,34.48500061035156,9716
2022-02-10 14:30:00-05:00,34.5,34.560001373291016,34.470001220703125,34.470001220703125,9976
2022-02-10 14:45:00-05:00,34.474998474121094,34.5099983215332,34.439998626708984,34.48500061035156,9684
2022-02-10 15:00:00-05:00,34.48500061035156,34.5,34.40999984741211,34.439998626708984,18092
2022-02-10 15:15:00-05:00,34.459999084472656,34.4900016784668,34.43000030517578,34.44499969482422,8214
2022-02-10 15:30:00-05:00,34.44499969482422,34.470001220703125,34.290000915527344,34.29999923706055,52816
2022-02-10 15:45:00-05:00,34.29999923706055,34.59000015258789,34.25,34.4900016784668,89782
2022-02-10 16:00:00-05:00,34.49,34.49,34.49,34.49,5897
2022-02-11 09:30:00-05:00,34.61000061035156,34.68000030517578,34.369998931884766,34.630001068115234,838
2022-02-11 09:45:00-05:00,34.68000030517578,34.80500030517578,34.68000030517578,34.755001068115234,1626
2022-02-11 10:00:00-05:00,34.790000915527344,34.81999969482422,34.72999954223633,34.7400016784668,3284
2022-02-11 10:15:00-05:00,34.724998474121094,34.724998474121094,34.60499954223633,34.69499969482422,2798
2022-02-11 10:30:00-05:00,34.66999816894531,34.689998626708984,34.41999816894531,34.540000915527344,16500
2022-02-11 10:45:00-05:00,34.540000915527344,34.599998474121094,34.51499938964844,34.58000183105469,3090
2022-02-11 11:00:00-05:00,34.599998474121094,34.619998931884766,34.540000915527344,34.540000915527344,27312
2022-02-11 11:15:00-05:00,34.56999969482422,34.599998474121094,34.5,34.529998779296875,73420
2022-02-11 11:30:00-05:00,34.54999923706055,34.599998474121094,34.4900016784668,34.52000045776367,40138
2022-02-11 11:45:00-05:00,34.54999923706055,34.54999923706055,34.415000915527344,34.48500061035156,45086
2022-02-11 12:00:00-05:00,34.5099983215332,34.599998474121094,34.4900016784668,34.5,47061
2022-02-11 12:15:00-05:00,34.47999954223633,34.47999954223633,34.43000030517578,34.45000076293945,7509
2022-02-11 12:30:00-05:00,34.47999954223633,34.47999954223633,34.43000030517578,34.45000076293945,5460
2022-02-11 12:45:00-05:00,34.45000076293945,34.47999954223633,34.415000915527344,34.415000915527344,4607
2022-02-11 13:00:00-05:00,34.40999984741211,34.40999984741211,34.369998931884766,34.38999938964844,1433
2022-02-11 13:15:00-05:00,34.38999938964844,34.38999938964844,34.29999923706055,34.314998626708984,5272
2022-02-11 13:30:00-05:00,34.25,34.25,34.15999984741211,34.15999984741211,7014
2022-02-11 13:45:00-05:00,34.130001068115234,34.130001068115234,33.92499923706055,33.92499923706055,9251
2022-02-11 14:00:00-05:00,33.88999938964844,33.88999938964844,33.70000076293945,33.720001220703125,23218
2022-02-11 14:15:00-05:00,33.7400016784668,33.7400016784668,33.59000015258789,33.650001525878906,38069
2022-02-11 14:30:00-05:00,33.69499969482422,33.790000915527344,33.69499969482422,33.70000076293945,3316
2022-02-11 14:45:00-05:00,33.68000030517578,33.70000076293945,33.560001373291016,33.619998931884766,9602
2022-02-11 15:00:00-05:00,33.619998931884766,33.619998931884766,33.52000045776367,33.540000915527344,11007
2022-02-11 15:15:00-05:00,33.560001373291016,33.67499923706055,33.494998931884766,33.67499923706055,12880
2022-02-11 15:30:00-05:00,33.650001525878906,33.689998626708984,33.54999923706055,33.57500076293945,13213
2022-02-11 15:45:00-05:00,33.57500076293945,33.63999938964844,33.52000045776367,33.52000045776367,56821
2022-02-11 16:00:00-05:00,33.54,33.54,33.54,33.54,2712
2022-02-11 16:30:00-05:00,33.54,33.54,33.54,33.54,0
2022-02-14 07:45:00-05:00,33.55,33.55,33.55,33.55,0
2022-02-14 09:30:00-05:00,33.349998474121094,33.92359924316406,33.349998474121094,33.599998474121094,255882
2022-02-14 09:45:00-05:00,33.4900016784668,33.5099983215332,33.42499923706055,33.459999084472656,4012
2022-02-14 10:00:00-05:00,33.54999923706055,33.71500015258789,33.54999923706055,33.71500015258789,4703
2022-02-14 10:15:00-05:00,33.66999816894531,33.79999923706055,33.61000061035156,33.779998779296875,5943
2022-02-14 10:30:00-05:00,33.779998779296875,33.84000015258789,33.75,33.779998779296875,3823
2022-02-14 10:45:00-05:00,33.75,33.869998931884766,33.75,33.869998931884766,1136
2022-02-14 11:00:00-05:00,33.86000061035156,33.90999984741211,33.85499954223633,33.900001525878906,3251
2022-02-14 11:15:00-05:00,33.93000030517578,33.93000030517578,33.83000183105469,33.86000061035156,3120
2022-02-14 11:30:00-05:00,33.790000915527344,33.86000061035156,33.790000915527344,33.86000061035156,3835
2022-02-14 11:45:00-05:00,33.880001068115234,33.91999816894531,33.880001068115234,33.900001525878906,2801
2022-02-14 12:00:00-05:00,33.880001068115234,33.880001068115234,33.79999923706055,33.79999923706055,3264
2022-02-14 12:15:00-05:00,33.79499816894531,33.849998474121094,33.79499816894531,33.81999969482422,4771
2022-02-14 12:30:00-05:00,33.779998779296875,33.814998626708984,33.77000045776367,33.814998626708984,3916
2022-02-14 12:45:00-05:00,33.790000915527344,33.81999969482422,33.77000045776367,33.810001373291016,5697
2022-02-14 13:00:00-05:00,33.849998474121094,33.88999938964844,33.83000183105469,33.83000183105469,2989
2022-02-14 13:15:00-05:00,33.84000015258789,33.900001525878906,33.84000015258789,33.900001525878906,4104
2022-02-14 13:30:00-05:00,33.880001068115234,33.93000030517578,33.880001068115234,33.90999984741211,4485
2022-02-14 13:45:00-05:00,33.95000076293945,33.959999084472656,33.83000183105469,33.86000061035156,7268
2022-02-14 14:00:00-05:00,33.900001525878906,33.91999816894531,33.849998474121094,33.88999938964844,4200
2022-02-14 14:15:00-05:00,33.849998474121094,33.900001525878906,33.790000915527344,33.869998931884766,12506
2022-02-14 14:30:00-05:00,33.83000183105469,33.88999938964844,33.83000183105469,33.88999938964844,3038
2022-02-14 14:45:00-05:00,33.869998931884766,33.939998626708984,33.849998474121094,33.91999816894531,4116
2022-02-14 15:00:00-05:00,33.91999816894531,33.959999084472656,33.90999984741211,33.91999816894531,3841
2022-02-14 15:15:00-05:00,33.90999984741211,33.970001220703125,33.869998931884766,33.939998626708984,3620
2022-02-14 15:30:00-05:00,33.959999084472656,34.060001373291016,33.959999084472656,34.029998779296875,12437
2022-02-14 15:45:00-05:00,34.025001525878906,34.025001525878906,33.849998474121094,33.869998931884766,34227
2022-02-14 16:00:00-05:00,33.87,33.87,33.87,33.87,4139
2022-02-15 16:00:00-05:00,34.01,34.01,34.01,34.01,0
2022-02-15 16:30:00-05:00,34.01,34.01,34.01,34.01,0
2022-02-16 09:30:00-05:00,33.88999938964844,34.0099983215332,33.814998626708984,33.90999984741211,3928
2022-02-16 09:45:00-05:00,33.959999084472656,34.119998931884766,33.959999084472656,34.11000061035156,5262
2022-02-16 10:00:00-05:00,34.15999984741211,34.20000076293945,34.09000015258789,34.18000030517578,14822
2022-02-16 10:15:00-05:00,34.18000030517578,34.2599983215332,34.150001525878906,34.2599983215332,8330
2022-02-16 10:30:00-05:00,34.349998474121094,34.38999938964844,34.349998474121094,34.38999938964844,3832
2022-02-16 10:45:00-05:00,34.349998474121094,34.470001220703125,34.349998474121094,34.470001220703125,6502
2022-02-16 11:00:00-05:00,34.5,34.61000061035156,34.47999954223633,34.61000061035156,10778
2022-02-16 11:15:00-05:00,34.66999816894531,34.90999984741211,34.66999816894531,34.90999984741211,27606
2022-02-16 11:30:00-05:00,34.939998626708984,34.970001220703125,34.86000061035156,34.93000030517578,12650
2022-02-16 11:45:00-05:00,35.029998779296875,35.029998779296875,34.900001525878906,34.900001525878906,5966
2022-02-16 12:00:00-05:00,34.90999984741211,34.90999984741211,34.790000915527344,34.79999923706055,4808
2022-02-16 12:15:00-05:00,34.79499816894531,34.79499816894531,34.75,34.75,4400
2022-02-16 12:30:00-05:00,34.77000045776367,34.77000045776367,34.63999938964844,34.63999938964844,7040
2022-02-16 12:45:00-05:00,34.65999984741211,34.709999084472656,34.63999938964844,34.709999084472656,7134
2022-02-16 13:00:00-05:00,34.7599983215332,34.7599983215332,34.650001525878906,34.68000030517578,4554
2022-02-16 13:15:00-05:00,34.68000030517578,34.68000030517578,34.56999969482422,34.56999969482422,3056
2022-02-16 13:30:00-05:00,34.56999969482422,34.56999969482422,34.529998779296875,34.529998779296875,5050
2022-02-16 13:45:00-05:00,34.52000045776367,34.54999923706055,34.4900016784668,34.540000915527344,6074
2022-02-16 14:00:00-05:00,34.560001373291016,34.619998931884766,34.52000045776367,34.59000015258789,8362
2022-02-16 14:15:00-05:00,34.59000015258789,34.68000030517578,34.57500076293945,34.68000030517578,7076
2022-02-16 14:30:00-05:00,34.70000076293945,34.709999084472656,34.584999084472656,34.630001068115234,5964
2022-02-16 14:45:00-05:00,34.68000030517578,34.68000030517578,34.59000015258789,34.6349983215332,3144
2022-02-16 15:00:00-05:00,34.619998931884766,34.619998931884766,34.59000015258789,34.59000015258789,4446
2022-02-16 15:15:00-05:00,34.58000183105469,34.630001068115234,34.525001525878906,34.630001068115234,14544
2022-02-16 15:30:00-05:00,34.61000061035156,34.709999084472656,34.599998474121094,34.709999084472656,9514
2022-02-16 15:45:00-05:00,34.689998626708984,34.720001220703125,34.630001068115234,34.65999984741211,53444
2022-02-16 16:00:00-05:00,34.66,34.66,34.66,34.66,0
2022-02-16 16:30:00-05:00,34.66,34.66,34.66,34.66,0
2022-02-17 09:30:00-05:00,34.459999084472656,34.70000076293945,34.349998474121094,34.619998931884766,11140
2022-02-17 09:45:00-05:00,34.63999938964844,34.63999938964844,34.43000030517578,34.45500183105469,4108
2022-02-17 10:00:00-05:00,34.43000030517578,34.59000015258789,34.43000030517578,34.584999084472656,3556
2022-02-17 16:00:00-05:00,34.41,34.41,34.41,34.41,0
2022-02-17 16:30:00-05:00,34.41,34.41,34.41,34.41,0
2022-02-18 09:30:00-05:00,34.2400016784668,34.7400016784668,34.2400016784668,34.33000183105469,7995
2022-02-18 09:45:00-05:00,34.36000061035156,34.61000061035156,34.36000061035156,34.58000183105469,210864
2022-02-18 10:00:00-05:00,34.630001068115234,34.63999938964844,34.540000915527344,34.560001373291016,18908
2022-02-18 10:15:00-05:00,34.52000045776367,34.599998474121094,34.47999954223633,34.59000015258789,26246
2022-02-18 10:30:00-05:00,34.630001068115234,34.709999084472656,34.625,34.709999084472656,5426
2022-02-18 10:45:00-05:00,34.720001220703125,34.720001220703125,34.650001525878906,34.65999984741211,15400
2022-02-18 11:00:00-05:00,34.630001068115234,34.630001068115234,34.560001373291016,34.560001373291016,2504
2022-02-18 11:15:00-05:00,34.560001373291016,34.650001525878906,34.560001373291016,34.650001525878906,7336
2022-02-18 11:30:00-05:00,34.650001525878906,34.66999816894531,34.599998474121094,34.625,4288
2022-02-18 11:45:00-05:00,34.54499816894531,34.54499816894531,34.470001220703125,34.470001220703125,2628
2022-02-18 12:00:00-05:00,34.43000030517578,34.43000030517578,34.369998931884766,34.400001525878906,4210
2022-02-18 12:15:00-05:00,34.31999969482422,34.369998931884766,34.31999969482422,34.32500076293945,3056
2022-02-18 12:30:00-05:00,34.310001373291016,34.310001373291016,34.18000030517578,34.18000030517578,3140
2022-02-18 12:45:00-05:00,34.16999816894531,34.16999816894531,34.04999923706055,34.08000183105469,4068
2022-02-18 13:00:00-05:00,34.08000183105469,34.11000061035156,34.06999969482422,34.099998474121094,3804
2022-02-18 13:15:00-05:00,34.06999969482422,34.130001068115234,34.06999969482422,34.099998474121094,4054
2022-02-18 13:30:00-05:00,34.099998474121094,34.11249923706055,34.099998474121094,34.10499954223633,4032
2022-02-18 13:45:00-05:00,34.20000076293945,34.21799850463867,34.20000076293945,34.20000076293945,1834
2022-02-18 14:00:00-05:00,34.21500015258789,34.220001220703125,34.189998626708984,34.220001220703125,4052
2022-02-18 14:15:00-05:00,34.220001220703125,34.349998474121094,34.220001220703125,34.349998474121094,7846
2022-02-18 14:30:00-05:00,34.31999969482422,34.33000183105469,34.220001220703125,34.220001220703125,9474
2022-02-18 14:45:00-05:00,34.220001220703125,34.220001220703125,34.13999938964844,34.150001525878906,9324
2022-02-18 15:00:00-05:00,34.15999984741211,34.189998626708984,34.13999938964844,34.15999984741211,6306
2022-02-18 15:15:00-05:00,34.150001525878906,34.150001525878906,34.119998931884766,34.13779830932617,6584
2022-02-18 15:30:00-05:00,34.130001068115234,34.15999984741211,34.09000015258789,34.15999984741211,13732
2022-02-18 15:45:00-05:00,34.14500045776367,34.16680145263672,34.07500076293945,34.15999984741211,55342
2022-02-18 16:00:00-05:00,34.15,34.15,34.15,34.15,3582
