Open,High,Low,Close,Volume
0.0,1.9918681876412754,1.7893053211014847,1.9581077098846436,310800
0.0,2.093150026915744,2.0256290583055585,2.0368826389312744,95400
0.0,2.1831759022627164,2.003120322379737,2.138162136077881,143100
0.0,2.1494170229636924,2.0818960666656494,2.0818960666656494,75300
0.0,2.1606698036193848,2.0481348321569044,2.1606698036193848,112800
0.0,2.2506984610894993,2.171924183661032,2.2056846618652344,65700
0.0,2.284458939293702,2.1831775046810944,2.2056846618652344,40800
0.0,2.1831762992092534,2.0931484928988495,2.1044020652770996,82500
0.0,2.1831767559051514,2.0818953560295737,2.1831767559051514,37800
0.0,2.2844577711012706,2.216936849220722,2.2281904220581055,74100
0.0,2.408248527821991,2.228192483686891,2.318220376968384,119100
0.0,2.3182200313415287,2.2506990570541823,2.2619526386260986,43800
0.0,2.351978510905509,2.250697135925293,2.250697135925293,137100
0.0,2.239443994895489,2.2056835339552148,2.2281904220581055,25500
0.0,2.2844581557807295,2.1719234387447,2.1831767559051514,95100
0.0,2.2281915614773666,2.126910126864759,2.2056846618652344,128700
0.0,2.363234100057118,2.2619526386260986,2.2619526386260986,101100
0.0,2.3069649167760375,2.2281904220581055,2.2281904220581055,95700
0.0,2.3069655895233154,2.2281910718335007,2.3069655895233154,145800
0.0,2.363231658935547,2.2732038720714627,2.363231658935547,161700
0.0,2.419500153423234,2.340725898742676,2.340725898742676,80100
0.0,2.340725196511167,2.2281902495647525,2.250697135925293,61500
0.0,2.295711974748582,2.2281910343148006,2.2844583988189697,51900
0.0,2.3632344523951874,2.318220376968384,2.318220376968384,62400
0.0,2.2844595441978557,2.2281921514824257,2.2619526386260986,57600
0.0,2.340725159925068,2.2732042443269584,2.3294715881347656,41700
0.0,2.340727543467843,2.250699392614236,2.318220376968384,89700
0.0,2.4870213708531255,2.408247107287346,2.453260898590088,99000
0.0,2.520781881278646,2.4082471437461486,2.4757680892944336,134100
0.0,2.4870213708531255,2.4307540029387167,2.453260898590088,111900
0.0,2.4757665856945095,2.340724776612478,2.363231658935547,71700
0.0,2.4757680518134215,2.3519794818009747,2.453260898590088,113100
0.0,2.6333149601750567,2.464512719138194,2.588300943374634,78300
0.0,2.633317673655296,2.4757688388666006,2.4870221614837646,74100
0.0,2.5883018321055715,2.4982740251641524,2.5657949447631836,126600
0.0,2.734596762066745,2.5770480632781982,2.5770480632781982,205800
0.0,2.520782178645941,2.4757683813516183,2.4982752799987793,85800
0.0,2.5320351123809814,2.498274644215902,2.5320351123809814,141000
0.0,2.520781881278646,2.4757680892944336,2.4757680892944336,66900
0.0,2.5207809985273326,2.453260076624173,2.5095276832580566,316800
0.0,2.5883019204304922,2.5095276832580566,2.5095276832580566,231900
0.0,2.554541459478912,2.498274110416905,2.5095276832580566,122400
0.0,2.4982751526098594,2.4082473050398048,2.4420077800750732,67200
0.0,2.4645144939422607,2.3519794996857493,2.4645144939422607,99000
0.0,2.5095276832580566,2.3632322666105856,2.5095276832580566,120900
0.0,2.4982751526098594,2.4082473050398048,2.4420077800750732,151500
0.0,2.509528524076459,2.4420075795503835,2.453260898590088,138900
0.0,2.4757684255752936,2.3744869934959225,2.408247470855713,100500
0.0,2.4532611000388402,2.3969937275040545,2.4420077800750732,99900
0.0,2.4982749474647923,2.4307540029387167,2.453260898590088,87900
0.0,2.520780086517334,2.4532591890430147,2.520780086517334,37200
0.0,2.6108102798461914,2.543289326553376,2.6108102798461914,78900
0.0,2.790864953968139,2.6670766711235045,2.7008371353149414,224400
0.0,2.835880628446253,2.6670782100863573,2.768359661102295,159300
0.0,2.858387196415805,2.7233452775682547,2.8471338748931885,55200
0.0,2.937159103505752,2.8133708746558757,2.869638204574585,174300
0.0,2.9034003625541818,2.8021189545581056,2.8808934688568115,85200
0.0,2.9034005062920705,2.813372669473665,2.8358795642852783,109800
0.0,2.8358803315747267,2.745852470397949,2.745852470397949,161100
0.0,2.7796127796173096,2.6895846664043397,2.7796127796173096,26100
0.0,2.734598789760918,2.655824253169727,2.689584732055664,144300
0.0,2.869638204574585,2.7008359572466683,2.869638204574585,114900
0.0,2.9215258916639657,2.8200056899248227,2.876405715942383,134400
0.0,2.86512870633851,2.763608394796836,2.774888515472412,53100
0.0,2.831288602491285,2.763608394796836,2.774888515472412,72300
0.0,2.8876873657821633,2.6959267102435245,2.7974469661712646,105900
0.0,2.707207536867044,2.6395273484453683,2.684647560119629,151500
0.0,2.7297668809770794,2.5041663912486984,2.718487024307251,240900
0.0,2.774886803978118,2.684646668770318,2.729766607284546,104700
0.0,2.8087271685627293,2.718487024307251,2.718487024307251,69900
0.0,2.763607510297857,2.673367348313332,2.707207441329956,59400
0.0,2.6620875971336564,2.5718474227462385,2.6282474994659424,173700
0.0,2.662086078853286,2.5492859897476956,2.5831260681152344,306300
0.0,2.650807051737881,2.549286784967231,2.616966962814331,30000
0.0,2.6056858982619198,2.526725633466945,2.560565710067749,263100
0.0,2.594405922118208,2.5267257653831305,2.5831260681152344,74400
0.0,2.616967170174815,2.5605668453803156,2.5718469619750977,68400
0.0,2.752329111099243,2.5831285562812476,2.752329111099243,93600
0.0,2.944089933102133,2.7410492480606066,2.8876898288726807,112800
0.0,2.9779279232025146,2.8200075890924836,2.9779279232025146,94200
0.0,2.977928497141816,2.7974478961037086,2.9553685188293457,94500
0.0,3.0117683921541483,2.8425679206848145,2.8425679206848145,66000
0.0,2.944087505340576,2.774887073999164,2.944087505340576,151200
0.0,3.0681700024754437,2.966649668663614,3.034329891204834,138300
0.0,3.034327987203369,2.9440878331661224,2.9779279232025146,112500
0.0,3.056887626647949,2.9779273458128266,3.056887626647949,131100
0.0,3.169688781579801,3.0456085205078125,3.0456085205078125,115500
0.0,3.0794481933116913,2.9779279232025146,2.9779279232025146,57900
0.0,3.1132878314007773,2.9440874057811697,3.0794477462768555,66600
0.0,3.1132874029745046,2.9892071939881943,3.068167209625244,37800
0.0,3.0794486151801213,3.034328402890565,3.0456085205078125,32100
0.0,3.079449566273211,3.0004892349243164,3.0004892349243164,64500
0.0,3.0456085205078125,2.9553683541081326,3.0456085205078125,68400
0.0,3.0794499911619035,3.0004896489184154,3.0117697715759277,40200
0.0,3.0681671429758115,2.9553670493219903,3.0230472087860107,81000
0.0,3.0568872885180207,3.000486983511791,3.0230472087860107,73500
0.0,3.0230480951413603,2.85384764687187,2.932807683944702,182100
0.0,2.8876868193209404,2.752326503699323,2.8087265491485596,182400
0.0,2.8312855054461314,2.6169652543042115,2.8200056552886963,90300
0.0,2.9892080392744447,2.876407653093338,2.9779279232025146,96000
0.0,3.000487958619826,2.898967686431418,2.910247802734375,82800
0.0,2.9779275916088586,2.8651272179881273,2.944087505340576,93300
0.0,3.0681674823534326,2.9553673762225117,3.056887626647949,101700
0.0,3.0568886039391145,2.8425679206848145,2.8425679206848145,91500
0.0,2.8651271367897575,2.7523270245451767,2.7974469661712646,100500
0.0,2.8538457221194435,2.7184854547964536,2.8200056552886963,117900
0.0,2.83128793207068,2.7636077404022217,2.7636077404022217,31500
0.0,2.797447603314481,2.707207441329956,2.707207441329956,91800
0.0,2.8087279542410077,2.718487784742878,2.7636077404022217,52500
0.0,2.7974474481952374,2.707207291214554,2.7410473823547363,342300
0.0,2.82000719516367,2.7072068247397274,2.7974469661712646,17700
0.0,2.8087279542410077,2.7636077404022217,2.7636077404022217,87600
0.0,2.8200056552886963,2.7636053717846365,2.8200056552886963,26700
0.0,2.910247802734375,2.808727530545967,2.910247802734375,40500
0.0,3.023048129310837,2.9553679492380525,2.9779279232025146,173400
0.0,3.034327063243801,2.9779270164168907,3.0230472087860107,96000
0.0,3.0004892349243164,2.9553692668788165,3.0004892349243164,60600
0.0,3.011769356025448,2.9666491298004347,3.0004892349243164,116700
0.0,3.011768796486185,2.9553687178178007,2.966648578643799,42900
0.0,2.955367976526442,2.8651275634765625,2.8651275634765625,30900
0.0,2.8764072512859604,2.7748869953582207,2.7974469661712646,122100
0.0,2.8425679206848145,2.797447708899848,2.8425679206848145,60300
0.0,2.797448498644061,2.7523285323007634,2.774888515472412,60300
0.0,2.808727080667467,2.7748869953582207,2.7974469661712646,38100
0.0,2.955368009766802,2.7974474142430092,2.910247802734375,67800
0.0,2.939643075717675,2.7813546840253855,2.803967237472534,84600
0.0,2.815274715423584,2.7248242084173704,2.815274715423584,60000
0.0,2.883110761642456,2.7813539112315455,2.883110761642456,49800
0.0,2.9622597633650476,2.8378899097442627,2.8378899097442627,93600
0.0,2.8265811258423192,2.7587431808923535,2.815274715423584,75300
0.0,2.917032604307013,2.8491946367649894,2.8605010509490967,52200
0.0,2.8831130266189575,2.8378876379802023,2.849194049835205,32400
0.0,2.8605010509490967,2.803969238809871,2.8605010509490967,53400
0.0,2.860500461690208,2.8378876379802023,2.849194049835205,51900
0.0,2.8378899097442627,2.8152773267138755,2.8378899097442627,27900
0.0,2.8491936878985666,2.792662153367336,2.815274715423584,42000
0.0,2.781355618448671,2.6909051154912316,2.7361302375793457,201300
0.0,2.7813563346862793,2.7248247881278784,2.7813563346862793,30600
0.0,2.7813574573661706,2.679600477218628,2.679600477218628,63600
0.0,2.7474374732357845,2.6682930976228834,2.724824905395508,84900
0.0,2.8605027515561123,2.7361328979353274,2.8378899097442627,127800
0.0,2.9283361147521,2.82657926434119,2.883110761642456,102300
0.0,2.8831115627092414,2.770048277911249,2.803967237472534,192900
0.0,2.826580286026001,2.7474359541721816,2.826580286026001,34500
0.0,2.8491963306501873,2.803970905807951,2.8378899097442627,24000
0.0,2.837884824844831,2.6456775665283203,2.6456775665283203,67500
0.0,2.6909053316634703,2.53261661529541,2.53261661529541,294900
0.0,2.4986981140801974,2.4195539997124342,2.442166566848755,359100
0.0,2.4421660737930417,2.351715564727783,2.351715564727783,445500
0.0,2.4082465024199102,2.2951832000834695,2.385633945465088,330000
0.0,2.430859059374732,2.3743275375970945,2.385633945465088,90900
0.0,2.4873909818660525,2.3517151148330164,2.396940231323242,91800
0.0,2.464777708053589,2.374327233054738,2.464777708053589,96000
0.0,2.4760855469438767,2.430860153889954,2.442166566848755,37200
0.0,2.4873927979036323,2.4308609728453754,2.4534738063812256,70500
0.0,2.4873919599026775,2.430860153889954,2.442166566848755,99000
0.0,2.464777570641769,2.430858612060547,2.430858612060547,75600
0.0,2.430859428384766,2.36302148844118,2.3743278980255127,123000
0.0,2.4308591980815013,2.3856340815912755,2.396940231323242,29100
0.0,2.4195530483495347,2.3856340815912755,2.396940231323242,39300
0.0,2.4647785273360494,2.3856344324478003,2.4082469940185547,67500
0.0,2.4195530483495347,2.3856340815912755,2.396940231323242,28500
0.0,2.464779964367782,2.4082483980908935,2.4534738063812256,41100
0.0,2.510005474090576,2.453473905529176,2.510005474090576,62400
0.0,2.6004552788629645,2.5213111576626863,2.555230140686035,57300
0.0,2.5778424872292414,2.442166566848755,2.442166566848755,51600
0.0,2.442166802872745,2.37432883612628,2.4195542335510254,68700
0.0,2.442166566848755,2.385635019617313,2.442166566848755,97800
0.0,2.476085047040167,2.351715564727783,2.351715564727783,111000
0.0,2.3630219559848973,2.2838778495788574,2.2838778495788574,41100
0.0,2.3177965935628624,2.27257120959899,2.306490182876587,111000
0.0,2.351715566840459,2.2951837721903114,2.306490182876587,114600
0.0,2.4195542335510254,2.329103438701534,2.4195542335510254,76200
0.0,2.4421650178479934,2.396939653479325,2.430858612060547,17100
0.0,2.430859800926024,2.3630218505859375,2.3630218505859375,45000
0.0,2.4647781648397604,2.363021264564983,2.396940231323242,80400
0.0,2.510004996906454,2.4534734390924275,2.4873924255371094,36600
0.0,2.577840995888001,2.464777708053589,2.464777708053589,71400
0.0,2.430859555589309,2.396940583842569,2.4082469940185547,27000
0.0,2.3856346732201286,2.3064903115629463,2.3630218505859375,36600
0.0,2.3856346732201286,2.3630218505859375,2.3630218505859375,25200
0.0,2.3743277387062056,2.238651867922994,2.2499582767486572,173100
0.0,2.2951841354370117,2.2386525906211436,2.2951841354370117,34500
0.0,2.340410031513661,2.2160405025728935,2.227346658706665,165900
0.0,2.1934263178041875,2.0803632736206055,2.0803632736206055,451800
0.0,2.148200750350952,2.057750023552713,2.148200750350952,101100
0.0,2.19342769139151,2.1482025489092624,2.15950870513916,72000
0.0,2.148202438001107,2.125589609146118,2.125589609146118,24600
0.0,2.17776473746461,2.109709589418841,2.132394552230835,75900
0.0,2.1777649795678014,2.1097098239563077,2.1664223670959473,78300
0.0,2.1664221921717,2.098367042055209,2.1210522651672363,154800
0.0,2.2231357097625732,2.1323953071698942,2.2231357097625732,155100
0.0,2.2911894814278355,2.1777641773223877,2.1777641773223877,162600
0.0,2.17776473746461,2.132394552230835,2.132394552230835,73800
0.0,2.234477522707441,2.1323947892902004,2.1664223670959473,103500
0.0,2.257161068581725,2.155078411102295,2.155078411102295,86100
0.0,2.1891082349903583,2.143738031387329,2.143738031387329,26700
0.0,2.189105963595438,2.1437358070680395,2.155078411102295,22500
0.0,2.13239551890719,2.0870255727156977,2.098367929458618,79800
0.0,2.0983680917632257,2.0643404996826873,2.075683116912842,51300
0.0,2.0870257341429963,2.0416555248323034,2.075683116912842,57900
0.0,2.143738031387329,2.0416552679879323,2.143738031387329,78000
0.0,2.2798474692763318,2.1777647467714214,2.2685048580169678,88500
0.0,2.2685048580169678,2.200449709680361,2.2685048580169678,36600
0.0,2.4499858306170026,2.2685053121828336,2.438643217086792,139800
0.0,2.4499860948724135,2.3365607261657715,2.3365607261657715,47400
0.0,2.381931347633476,2.279848575592041,2.279848575592041,185400
0.0,2.359244428548097,2.279846695886142,2.3479018211364746,39300
0.0,2.381930995311049,2.3138758240164474,2.325218439102173,88800
0.0,2.359246373716462,2.279848575592041,2.279848575592041,24600
0.0,2.347903438815158,2.2231357097625732,2.2231357097625732,95400
0.0,2.3138765556457614,2.245821362832651,2.291191577911377,37200
0.0,2.336560073211415,2.24581995936945,2.257162570953369,76200
0.0,2.257162744905124,2.2004499422246644,2.2344775199890137,92100
0.0,2.2344765529053507,2.177764034379941,2.200448989868164,62100
0.0,2.2344765529053507,2.1550790788917173,2.200448989868164,105900
0.0,2.2344765529053507,2.200448989868164,2.200448989868164,97800
0.0,2.30253267288208,2.2231351645960253,2.30253267288208,71700
0.0,2.4046151616229765,2.3592452356742903,2.3705875873565674,127800
0.0,2.404616726193256,2.291191577911377,2.291191577911377,289200
0.0,2.3252191743179322,2.291191577911377,2.291191577911377,37500
0.0,2.325217721237292,2.24581995936945,2.257162570953369,97500
0.0,2.3025330752239603,2.2458205223083496,2.2458205223083496,29100
0.0,2.2344765529053507,2.177764034379941,2.200448989868164,81900
0.0,2.257162570953369,2.1777648090855273,2.257162570953369,84900
0.0,2.291190881902143,2.2004504793094637,2.2231357097625732,204300
0.0,2.257163144108423,2.2117929458618164,2.2117929458618164,15300
0.0,2.245819160454314,2.1664214268309774,2.200448989868164,217500
0.0,2.223134350886511,2.1777641773223877,2.1777641773223877,33900
0.0,2.245820132447069,2.189107589376425,2.2344775199890137,39300
0.0,2.3138749599456787,2.268504776155249,2.3138749599456787,103500
0.0,2.325218439102173,2.3025332089307216,2.325218439102173,54600
0.0,2.3138750434446353,2.2685048580169678,2.2685048580169678,180300
0.0,2.3138749599456787,2.291189997855353,2.3138749599456787,56400
0.0,2.3252191743179322,2.279848959239206,2.291191577911377,51300
0.0,2.302533549509055,2.268505958828577,2.279848575592041,133800
0.0,2.30253267288208,2.268505095156681,2.30253267288208,66900
0.0,2.3365611401895334,2.257163601675027,2.279848575592041,71400
0.0,2.30253267288208,2.2798477076017525,2.30253267288208,63000
0.0,2.3365607261657715,2.2911907863710095,2.3365607261657715,89100
0.0,2.370586776350019,2.313874258511308,2.3479018211364746,36600
0.0,2.44998403276716,2.3819289207458496,2.3819289207458496,57900
0.0,2.4159577659495457,2.2685048580169678,2.2685048580169678,224100
0.0,2.2685056514490336,2.2231357097625732,2.2231357097625732,63900
0.0,2.2344775199890137,2.2004499422246644,2.2344775199890137,40800
0.0,2.2571628140936677,2.189107656478882,2.189107656478882,45600
0.0,2.2571628140936677,2.189107656478882,2.189107656478882,87600
0.0,2.3479026176129385,2.234477283848664,2.2685048580169678,67500
0.0,2.313875689651027,2.234477907881283,2.2458205223083496,67500
0.0,2.257163295832358,2.2117930945360187,2.2231357097625732,99600
0.0,2.234478065379249,2.1891081236927885,2.2231357097625732,31200
0.0,2.223135235286275,2.1777650436731433,2.189107656478882,114600
0.0,2.264673793631496,2.1850118176227635,2.241913080215454,78300
0.0,2.2646728529537086,2.1850109100341797,2.1850109100341797,47400
0.0,2.241912719467458,2.1963918209075928,2.1963918209075928,363900
0.0,2.2419141060108814,2.150871992111206,2.150871992111206,75600
0.0,2.1850118329448085,2.116730213165283,2.116730213165283,48600
0.0,2.1850109100341797,2.0939688756072883,2.1850109100341797,126000
0.0,2.2646732330322266,2.2191520779421983,2.2646732330322266,53100
0.0,2.264673152482112,2.2305323524973244,2.2532927989959717,6000
0.0,2.264673761080405,2.173631429672241,2.173631429672241,21600
0.0,2.241911461562658,2.1508694550516445,2.162249803543091,35700
0.0,2.1850109100341797,2.1508701145648956,2.1850109100341797,31200
0.0,2.1963912620151405,2.1281096710765723,2.1850109100341797,36000
0.0,2.298813896650966,2.196391499183452,2.2760531902313232,78900
0.0,2.3898574524428526,2.310195450536827,2.3443362712860107,70200
0.0,2.367095604001754,2.2988140025447192,2.3215744495391846,103200
0.0,2.344335695972301,2.310194883601473,2.3329555988311768,103800
0.0,2.3557151417528206,2.241912391075485,2.2760531902313232,184800
0.0,2.3101948706368307,2.2532936038293516,2.2988147735595703,62100
0.0,2.3898560509962197,2.2988140025447192,2.3215744495391846,87900
0.0,2.3215744495391846,2.2988140025447192,2.3215744495391846,28800
0.0,2.3784770920351943,2.2988153506029603,2.3443362712860107,115800
0.0,2.367095947265625,2.3101944308174436,2.367095947265625,78600
0.0,2.3784757220423867,2.3215744737265767,2.355715274810791,63900
0.0,2.3670969921013274,2.310195450536827,2.3443362712860107,157800
0.0,2.367096318769098,2.2874343395233154,2.2874343395233154,127500
0.0,2.2988140094219287,2.185011253161868,2.23053240776062,57600
0.0,2.38985538482666,2.2532922199794223,2.38985538482666,108000
0.0,2.5719400195945785,2.458137280877566,2.5491793155670166,123300
0.0,2.5377997089982123,2.4581377506256104,2.4581377506256104,104100
0.0,2.480897634076524,2.3898556027028497,2.4467568397521973,84600
0.0,2.5264201805315825,2.446758196122675,2.503659725189209,118200
0.0,2.5605598800731637,2.503658636229411,2.5150387287139893,156600
0.0,2.5719410598945007,2.5036594411404316,2.560560703277588,137400
0.0,2.5719400195945785,2.458137280877566,2.5491793155670166,300900
0.0,2.5833214491243823,2.503659725189209,2.503659725189209,105300
0.0,2.4922776709936287,2.3784749507904053,2.3784749507904053,151500
0.0,2.4581371598203106,2.3784752205941975,2.412616014480591,215100
0.0,2.423996365933917,2.3898555720475243,2.412616014480591,42300
0.0,2.3898574524428526,2.332956171352144,2.3443362712860107,153000
0.0,2.3329555988311768,2.2532936164746684,2.3329555988311768,222900
0.0,2.3784756972621675,2.3215744495391846,2.3215744495391846,185100
0.0,2.321574342596983,2.264673097495128,2.2760531902313232,162600
0.0,2.2874335434411446,2.241912391075485,2.2760531902313232,201600
0.0,2.2988147735595703,2.2419132462783655,2.2988147735595703,67800
0.0,2.310194730758667,2.2532934673964577,2.310194730758667,94500
0.0,2.3101947933905174,2.219152717447993,2.2874343395233154,96300
0.0,2.276053245494619,2.219151999011184,2.2532927989959717,71700
0.0,2.298813842265547,2.2077715396881104,2.2077715396881104,103800
0.0,2.2874342465738304,2.241913080215454,2.241913080215454,84000
0.0,2.310194102716387,2.23053240776062,2.23053240776062,44700
0.0,2.2077722860467475,2.116730213165283,2.116730213165283,99000
0.0,2.1394903243046692,2.0712087154388428,2.0712087154388428,101700
0.0,2.2191517055034637,2.0712081716453667,2.1850109100341797,447300
0.0,2.1963912620151405,2.1622504665458564,2.1850109100341797,141600
0.0,2.2191517055034637,2.173630558053219,2.1850109100341797,48300
0.0,2.241912338036244,2.1850110942805614,2.2077715396881104,58800
0.0,2.3215744495391846,2.230532401087684,2.3215744495391846,85200
0.0,2.412616847855759,2.3443352364968817,2.367095947265625,129000
0.0,2.4012367529450636,2.3329551415861864,2.367095947265625,95400
0.0,2.401235735388452,2.344334243053059,2.38985538482666,39000
0.0,2.4126173071745285,2.2988147735595703,2.2988147735595703,66300
0.0,2.2874335989807593,2.2532927989959717,2.2532927989959717,189300
0.0,2.3405223835859568,2.2720192919816706,2.3062708377838135,87600
0.0,2.3976088422409116,2.3062714496427046,2.3405230045318604,93300
0.0,2.3747739293880996,2.2834362997033475,2.3062708377838135,120600
0.0,2.3633565368937024,2.249184636411014,2.294853448867798,62700
0.0,2.32910499288075,2.2834361804239665,2.294853448867798,32700
0.0,2.363355104121508,2.3062693191474066,2.3176863193511963,91500
0.0,2.4432758816349245,2.374772821975239,2.3976070880889893,184800
0.0,2.4432728239710926,2.3861868381500244,2.3861868381500244,27000
0.0,2.3976082061500095,2.3062708377838135,2.3062708377838135,67200
0.0,2.3291051145457233,2.2948535687435805,2.3062708377838135,42600
0.0,2.329103946685791,2.294852418058059,2.329103946685791,83100
0.0,2.3976070880889893,2.2834352348833686,2.3976070880889893,88200
0.0,2.3976066273696457,2.3062693191474066,2.3176863193511963,90900
0.0,2.3176869688674158,2.2720184326171875,2.2720184326171875,61500
0.0,2.32910358087337,2.2834347961030583,2.3176863193511963,99900
0.0,2.386190744390823,2.3291049264372643,2.3519392013549805,122700
0.0,2.374771942409743,2.340520425265941,2.3633546829223633,61500
0.0,2.420441804657897,2.3519387322494802,2.3747732639312744,75900
0.0,2.4204413542027394,2.386189824372897,2.3976070880889893,173400
0.0,2.409024800135483,2.3747732639312744,2.3747732639312744,56400
0.0,2.4889440505595255,2.3747724753375854,2.4090240001678467,103200
0.0,2.4204383251154225,2.3861868381500244,2.3861868381500244,43200
0.0,2.466109101201447,2.3861888117415884,2.4318575859069824,70500
0.0,2.53461259779318,2.4661095546095804,2.4889438152313232,77400
0.0,2.5688647762182857,2.477527449058893,2.52319598197937,170100
0.0,2.5117792345741106,2.4090246330867853,2.4432761669158936,72900
0.0,2.488941952346145,2.454690456390381,2.454690456390381,33600
0.0,2.466110435695811,2.4204416368175115,2.4432761669158936,73200
0.0,2.443274844777912,2.409023329483447,2.4318575859069824,52800
0.0,2.4546928840325823,2.386189824372897,2.3976070880889893,50400
0.0,2.4090240001678467,2.3519379512384804,2.4090240001678467,21900
0.0,2.420440457722588,2.351937423434983,2.3633546829223633,26400
0.0,2.386188942537481,2.260600133346563,2.2834343910217285,88200
0.0,2.3633546829223633,2.2491828720035763,2.3633546829223633,59700
0.0,2.3861889405787857,2.3062689081221386,2.3633546829223633,56700
0.0,2.329103167690398,2.260600133346563,2.2834343910217285,23700
0.0,2.329103167690398,2.260600133346563,2.2834343910217285,43500
0.0,2.3291051145457233,2.2720192919816706,2.3062708377838135,45300
0.0,2.3291051145457233,2.3062708377838135,2.3062708377838135,79500
0.0,2.454692797881334,2.3062696813734447,2.329103946685791,182700
0.0,2.2834343472644503,2.2491828307488917,2.2606000900268555,63600
0.0,2.237766580759492,2.1806805266070755,2.20351505279541,156900
0.0,2.192096662336785,2.1464278947653397,2.169262409210205,230700
0.0,2.1692638297057916,2.1007607641500132,2.1464293003082275,144900
0.0,2.1692646477753184,2.1007615563857667,2.1121785640716553,82800
0.0,2.169263065444548,2.0893427633470103,2.123594284057617,155700
0.0,2.169262409210205,2.1007593885121807,2.169262409210205,129600
0.0,2.169263065444548,2.123594284057617,2.123594284057617,94500
0.0,2.135010533882162,2.077924518847111,2.1007590293884277,86400
0.0,2.135011672973633,2.066508627437777,2.135011672973633,77100
0.0,2.1692620383758956,2.077924518847111,2.1007590293884277,91500
0.0,2.135010533882162,2.066507524894694,2.1007590293884277,59700
0.0,2.112177690432686,2.0436746273773725,2.0779261589050293,116100
0.0,2.0779256023371544,2.032257080078125,2.032257080078125,76200
0.0,2.0779259978673297,2.020840203518157,2.0436744689941406,136500
0.0,2.0550915676278754,1.9295027256011963,1.9295027256011963,760800
0.0,1.9865883192755092,1.9409195351745432,1.9637540578842163,224700
0.0,1.9980058534182148,1.9409198001684496,1.9751713275909424,133500
0.0,2.0322586071885658,1.9751725194907235,1.99800705909729,72000
0.0,2.032256821791871,1.9637537857912275,2.0094223022460938,75900
0.0,2.04367537050293,1.9637552754233152,1.9865895509719849,125700
0.0,2.135010533882162,1.963753011413492,2.1007590293884277,89400
0.0,2.180680513381958,2.0665089284063787,2.180680513381958,155100
0.0,2.279657719812569,2.2109243238604024,2.268202066421509,240000
0.0,2.325479808982615,2.256746413030448,2.268202066421509,108000
0.0,2.3598460438245157,2.2911126613616943,2.2911126613616943,293700
0.0,2.336935003735924,2.2911126613616943,2.2911126613616943,183300
0.0,2.2911126613616943,2.1994682388102813,2.2911126613616943,66000
0.0,2.2911135698277594,2.2452914714813232,2.2452914714813232,52200
0.0,2.2796573638916016,2.2109239786707198,2.2796573638916016,61500
0.0,2.302568404899543,2.2452906712811607,2.2796573638916016,116700
0.0,2.336935003735924,2.2911126613616943,2.2911126613616943,42900
0.0,2.3140239636473323,2.2796572724159216,2.2911126613616943,30300
0.0,2.302569627761841,2.2911139700754033,2.302569627761841,27600
0.0,2.3369350117245284,2.302568320375638,2.314023971557617,50700
0.0,2.32548068093752,2.2796585745861613,2.302569627761841,39300
0.0,2.325479808982615,2.268202066421509,2.268202066421509,131400
0.0,2.3140252854482783,2.2682029168997238,2.302569627761841,63900
0.0,2.3140239636473323,2.2911126613616943,2.2911126613616943,36900
0.0,2.3369362354278564,2.291113868902759,2.3369362354278564,149700
0.0,2.3598469261266772,2.3254802220462056,2.348391532897949,23700
0.0,2.417123784246354,2.3598457967268405,2.394212484359741,80700
0.0,2.4400354317256383,2.4056687355041504,2.4056687355041504,46200
0.0,2.4056687355041504,2.3713020392826625,2.4056687355041504,138900
0.0,2.417124235551323,2.3713018894195557,2.3713018894195557,51300
0.0,2.4056685834691143,2.302568501320438,2.3713018894195557,45600
0.0,2.3483908112575858,2.325479507446289,2.325479507446289,27300
0.0,2.348391115764736,2.268202066421509,2.268202066421509,50400
0.0,2.256746139845571,2.222379446029663,2.222379446029663,152100
0.0,2.245291831533429,2.2338361740112305,2.2338361740112305,49500
0.0,2.268201791849895,2.222379446029663,2.222379446029663,198000
0.0,2.2567460380785986,2.130734920501709,2.130734920501709,178500
0.0,2.1994687304858753,2.1536463778683848,2.1880130767822266,68700
0.0,2.165101977869453,2.142190933227539,2.142190933227539,80100
0.0,2.153644955201031,2.107822895050049,2.107822895050049,89700
0.0,2.119280684255944,2.0734585720993937,2.084913969039917,27300
0.0,2.084913328024845,2.016179918725156,2.0276355743408203,88800
0.0,2.084913969039917,2.0390918568833665,2.084913969039917,478200
0.0,2.2682017609477043,2.1307349875569344,2.1994683742523193,220200
0.0,2.3369362354278564,2.222380450213704,2.3369362354278564,123000
0.0,2.3369362354278564,2.3140251832638996,2.3369362354278564,90900
0.0,2.3369362354278564,2.325480578247286,2.3369362354278564,34500
0.0,2.3827579021453857,2.336935549078151,2.3827579021453857,76800
0.0,2.4171240456042877,2.314023971557617,2.314023971557617,80100
0.0,2.2911126613616943,2.2682016212731027,2.2911126613616943,53400
0.0,2.302568404899543,2.256746060686603,2.2796573638916016,21600
0.0,2.3140244177886524,2.268202066421509,2.268202066421509,36300
0.0,2.2911131110065317,2.256746413030448,2.268202066421509,16800
0.0,2.2911137143969347,2.233835956751091,2.256747007369995,81900
0.0,2.268202128313559,2.1765576852756823,2.1880130767822266,36600
0.0,2.1536472901779056,2.1192805767059326,2.1192805767059326,58800
0.0,2.142190933227539,2.119279626388527,2.142190933227539,84600
0.0,2.1651016127678657,2.130734920501709,2.130734920501709,36900
0.0,2.1994683742523193,2.1078239460574935,2.1994683742523193,158400
0.0,2.199469797640447,2.1421920257259712,2.1536474227905273,63300
0.0,2.142190571989446,2.107823879723289,2.130734920501709,130200
0.0,2.130734920501709,2.107823879723289,2.130734920501709,45600
0.0,2.1536474227905273,2.119280707202395,2.1536474227905273,44700
0.0,2.1880130767822266,2.1651020315720335,2.1880130767822266,21000
0.0,2.2338350365253232,2.1765573024749756,2.1765573024749756,47400
0.0,2.245291831533429,2.199469463641827,2.2338361740112305,86700
0.0,2.3369350117245284,2.233834937677858,2.314023971557617,59100
0.0,2.3369351593519374,2.3140241177377043,2.325479507446289,70200
0.0,2.348391532897949,2.3254802220462056,2.348391532897949,63900
0.0,2.348391892608427,2.3140251832638996,2.3369362354278564,57600
0.0,2.348391892608427,2.3140251832638996,2.3369362354278564,40800
0.0,2.3140244177886524,2.268202066421509,2.268202066421509,66300
0.0,2.314023971557617,2.279657280208727,2.314023971557617,42900
0.0,2.394212484359741,2.314023721347652,2.394212484359741,123900
0.0,2.4400348219359485,2.394212484359741,2.394212484359741,179400
0.0,2.425479613145693,2.345013380050659,2.345013380050659,74400
0.0,2.402488717544538,2.3450129965077275,2.3794984817504883,121200
0.0,2.3795002955186826,2.345014783989426,2.3680050373077393,94200
0.0,2.3909941222625952,2.345013380050659,2.345013380050659,85800
0.0,2.368004751517491,2.3105289936065674,2.3105289936065674,59400
0.0,2.3450145009738295,2.3105289936065674,2.3105289936065674,22800
0.0,2.322023306535673,2.276042561035825,2.2875378131866455,56100
0.0,2.3220224751767917,2.2760417461395264,2.2760417461395264,59700
0.0,2.2875377266947887,2.253052234649658,2.253052234649658,33000
0.0,2.310529488800658,2.2300631999969482,2.2300631999969482,70500
0.0,2.276042474978604,2.218566742604528,2.253052234649658,43500
0.0,2.2530531638032727,2.184082151269535,2.1955771446228027,74100
0.0,2.218567657536404,2.1725868948127345,2.1955771446228027,25800
0.0,2.207072761653187,2.1381017378515246,2.184082508087158,151200
0.0,2.218567657536404,2.184082151269535,2.1955771446228027,123300
0.0,2.207072761653187,2.184082508087158,2.184082508087158,36300
0.0,2.218567657536404,2.1955771446228027,2.1955771446228027,94200
0.0,2.2300630152192156,2.184082508087158,2.184082508087158,63000
0.0,2.1840812682357598,2.115110283587298,2.126605272293091,138300
0.0,2.1610918045043945,2.1036160440086222,2.1610918045043945,48900
0.0,2.2070715087507717,2.126605272293091,2.126605272293091,102900
0.0,2.115109817989102,2.092119319431552,2.103614568710327,98400
0.0,2.115109443664551,2.092118949175777,2.115109443664551,57000
0.0,2.115109817989102,2.092119319431552,2.103614568710327,35700
0.0,2.0921210063387616,2.0691307523472084,2.0806260108947754,51600
0.0,2.0576348304748535,2.023149329052909,2.0576348304748535,70200
0.0,2.1036149450916226,2.0806247055240004,2.0921196937561035,25800
0.0,2.1151101964271417,2.0921196937561035,2.0921196937561035,21900
0.0,2.1266049635171798,2.023148501566019,2.0461390018463135,217200
0.0,2.0806253401584804,2.0116543373145914,2.0576348304748535,45900
0.0,2.0346438093121635,1.977168083190918,1.977168083190918,233400
0.0,1.9541794390933092,1.9196939180322294,1.9311891794204712,73200
0.0,2.0001580715179443,1.931187103534567,2.0001580715179443,123600
0.0,2.0001580715179443,1.9771678365579397,2.0001580715179443,146700
0.0,2.0231488893867366,2.0001586478027935,2.0116539001464844,24900
0.0,2.011653320549628,1.9771678365579397,2.0001580715179443,34200
0.0,2.023148306477949,1.9656725875262557,2.0001580715179443,43500
0.0,2.023148306477949,1.9771678365579397,2.0001580715179443,22200
0.0,2.0001580715179443,1.9656725875262557,2.0001580715179443,56700
0.0,2.0001580715179443,1.9656725875262557,2.0001580715179443,19200
0.0,2.0001580715179443,1.9656725875262557,2.0001580715179443,72300
0.0,2.00015868755445,1.9656731929414426,1.9886634349822998,84900
0.0,2.023148775100708,2.0001585348154647,2.023148775100708,54600
0.0,2.023148558846556,1.954177582259703,1.977168083190918,53400
0.0,1.9886630705531294,1.931187344431884,1.977168083190918,100500
0.0,1.97716851377046,1.8852070162253993,1.9081975221633911,74700
0.0,1.896702812777625,1.8392270576673582,1.8622173070907593,194100
0.0,1.919693112373352,1.839227105736657,1.919693112373352,37200
0.0,1.9081978452100277,1.8162363320964254,1.8392268419265747,142500
0.0,1.8392254578214788,1.74726401391326,1.7587592601776123,150000
0.0,1.8392264191674292,1.7472649271918237,1.7932456731796265,116400
0.0,1.8392268419265747,1.7932460853697738,1.8392268419265747,121800
0.0,1.9541780078324682,1.839226530556322,1.9081975221633911,227400
0.0,1.9541773715675057,1.8852064024168482,1.9426823854446411,144600
0.0,1.9771678700199697,1.931187136218409,1.9426823854446411,205500
0.0,1.977168083190918,1.9081971066040648,1.977168083190918,113700
0.0,2.046138804541317,1.9656725875262557,2.0001580715179443,131400
0.0,2.023148775100708,1.9771682945302214,2.023148775100708,99900
0.0,2.034645742603711,1.9311891794204712,1.9311891794204712,68400
0.0,1.9426830179669254,1.9081975221633911,1.9081975221633911,232800
0.0,1.919693112373352,1.839227105736657,1.919693112373352,163200
0.0,1.9541794390933092,1.8967036583593915,1.9311891794204712,146700
0.0,1.9875807464343596,1.9529136419296265,1.9529136419296265,96900
0.0,1.976024956769776,1.9298020626004595,1.9529136419296265,87300
0.0,1.9991377592086792,1.941359296869677,1.9991377592086792,189900
0.0,2.080027189853028,1.9991371554179207,2.0222487449645996,122400
0.0,2.0800268238988417,2.010692596435547,2.010692596435547,76500
0.0,2.0453597101671943,2.010692596435547,2.010692596435547,52800
0.0,2.0569158647954833,2.01069295019126,2.0222487449645996,69600
0.0,2.0453592531403304,2.0106921471549013,2.0338034629821777,46500
0.0,2.0569145679473877,2.022247469973493,2.0569145679473877,60900
0.0,2.045358657836914,2.0106915619413734,2.045358657836914,66300
0.0,2.080027189853028,2.0222487449645996,2.0222487449645996,108300
0.0,2.0453597101671943,2.010692596435547,2.010692596435547,51300
0.0,2.0106915661266873,1.9413573741912844,1.9413573741912842,59400
0.0,1.976025943521654,1.9298030262703785,1.9644701480865479,70500
0.0,1.9875817389567605,1.9529146171405911,1.9644701480865479,96600
0.0,1.9644701480865479,1.9529146171405911,1.9644701480865479,61200
0.0,1.9991361798838625,1.964469076969755,1.976024866104126,358500
0.0,1.976024956769776,1.9298020626004595,1.9529136419296265,130500
0.0,1.987580655238497,1.9529135523243895,1.976024866104126,87300
0.0,1.976024866104126,1.9298019740556476,1.976024866104126,355800
0.0,1.976025943521654,1.9413588217054847,1.9644701480865479,61800
0.0,1.9644689218860147,1.9298018217086792,1.9298018217086792,43800
0.0,1.9644689218860147,1.9298018217086792,1.9298018217086792,124800
0.0,1.9644701132616906,1.9182474613189697,1.9182474613189697,50700
0.0,1.8951347782292263,1.8720234655825625,1.8835792541503906,146100
0.0,1.8835795841642202,1.8026895789950204,1.825800895690918,168000
0.0,1.8489124768758545,1.7795782622991227,1.825800895690918,115200
0.0,1.802688472018751,1.7795771695148028,1.7911326885223389,70500
0.0,1.8142448628346894,1.7911332881052517,1.8026890754699707,129300
0.0,1.802689404168592,1.7680223002422728,1.7795780897140503,102300
0.0,1.7795780897140503,1.7564665107704955,1.7795780897140503,59700
0.0,1.8026890754699707,1.7680219778647788,1.8026890754699707,53100
0.0,1.791133492481148,1.7680221796035767,1.7680221796035767,117900
0.0,1.7795782075954654,1.7449111013727554,1.7564666271209717,223500
0.0,1.7795779682868598,1.7449108667260054,1.7680221796035767,57600
0.0,1.7795776544089348,1.7102434635162354,1.7102434635162354,116100
0.0,1.7680216655404468,1.710243267901444,1.7449103593826294,197400
0.0,1.7449103593826294,1.7333545740592615,1.7449103593826294,75900
0.0,1.7911326885223389,1.7449100835144422,1.7911326885223389,227400
0.0,1.7911326885223389,1.7680213860183904,1.7911326885223389,160800
0.0,1.7911326885223389,1.7680213860183904,1.7911326885223389,110700
0.0,1.802688472018751,1.7795771695148028,1.7911326885223389,123300
0.0,1.8142442555151634,1.7795771695148028,1.7911326885223389,151500
0.0,1.7911337333436819,1.7564666271209717,1.7564666271209717,48600
0.0,1.7564666271209717,1.7333553111355084,1.7564666271209717,174300
0.0,1.8026890754699707,1.733354880259587,1.8026890754699707,111300
0.0,1.7795782075954654,1.7564666271209717,1.7564666271209717,128400
0.0,1.7680224173582186,1.7449111013727554,1.7564666271209717,109500
0.0,1.7911329716982642,1.7333545740592615,1.7449103593826294,75300
0.0,1.7449116738118937,1.7333558797836304,1.7333558797836304,75000
0.0,1.802688472018751,1.7564656025219783,1.7911326885223389,56100
0.0,1.8373564181124247,1.7911335269780428,1.8142451047897339,79800
0.0,1.860467763691902,1.8026893471389127,1.848912239074707,117900
0.0,1.8835792541503906,1.8604676770147344,1.8835792541503906,96000
0.0,1.872023344039917,1.848912032893774,1.872023344039917,182400
0.0,1.8604677314351155,1.8142451047897339,1.8142451047897339,180900
0.0,1.802688472018751,1.7680213860183904,1.7911326885223389,57600
0.0,1.825800895690918,1.8026895789950204,1.825800895690918,73800
0.0,1.837356686592102,1.8026895792979114,1.837356686592102,93000
0.0,1.8720246603841206,1.8258017411004714,1.860468864440918,51000
0.0,1.8939319849014284,1.8590743426390874,1.8939319849014282,93900
0.0,1.9055514000832503,1.8590747117996216,1.8590747117996216,39000
0.0,1.8939323609837222,1.8590747117996216,1.8590747117996216,56700
0.0,1.9055523029994452,1.8590755926935532,1.870694637298584,212100
0.0,1.8939323609837222,1.8590747117996216,1.8590747117996216,113700
0.0,1.8823126554489136,1.8358357111112498,1.8823126554489136,42900
0.0,1.8939323609837222,1.8474554067573352,1.8590747117996216,131400
0.0,1.9171702861785889,1.8358357005416275,1.9171702861785889,71400
0.0,1.940407505290456,1.89393085398817,1.9055498838424683,175500
0.0,1.9055498838424683,1.8823115581913255,1.9055498838424683,49500
0.0,1.9287898540496826,1.905551245846066,1.9287898540496826,31200
0.0,1.9287884754361577,1.8823115581913255,1.9055498838424683,54600
0.0,1.9055510216937386,1.882312682166413,1.8939319849014282,34500
0.0,1.882313031070637,1.847455382347107,1.847455382347107,52200
0.0,1.882313005885016,1.8358360528945923,1.8358360528945923,75000
0.0,1.8358347340790595,1.800977110862732,1.800977110862732,52200
0.0,1.835835880349871,1.800978235368907,1.8242168426513672,25800
0.0,1.812597553446507,1.7661206044541486,1.789359211921692,117600
0.0,1.85907421662733,1.8125972747802734,1.8125972747802734,107100
0.0,1.847455357627886,1.8125977093707561,1.8358360528945923,37500
0.0,1.859073326851651,1.800977110862732,1.800977110862732,37800
0.0,1.882313055941436,1.8242170626155207,1.8590747117996216,56400
0.0,1.9287896271637692,1.882312682166413,1.8939319849014282,75000
0.0,1.9287896271637692,1.8939319849014284,1.8939319849014282,63300
0.0,1.9287895886817832,1.8823126446117053,1.9171702861785889,105300
0.0,1.9287895886817832,1.8939319471148999,1.9171702861785889,32700
0.0,1.9171706541421458,1.8358360528945923,1.8358360528945923,98700
0.0,1.847454914679894,1.8009779728328374,1.8125972747802734,33000
0.0,1.8009788540645422,1.7428828477859497,1.7428828477859497,53700
0.0,1.7777399926980548,1.7196440031528881,1.7312630414962769,65100
0.0,1.7545020828127136,1.7080251201474925,1.7196444272994995,201000
0.0,1.7545018149992164,1.6964055540500118,1.7080248594284058,68100
0.0,1.7545009851455688,1.7196433514403102,1.7545009851455688,64500
0.0,1.7661200190855617,1.7196433514403102,1.7545009851455688,50700
0.0,1.789359812374514,1.7428828477859497,1.7428828477859497,57600
0.0,1.7777405047416686,1.7428828477859497,1.7428828477859497,83100
0.0,1.789359211921692,1.7312629591955622,1.789359211921692,73800
0.0,1.8125972747802734,1.777739634880653,1.8125972747802734,21000
0.0,1.8242168571802786,1.789359211921692,1.789359211921692,10800
0.0,1.8125980134103812,1.7777403593063354,1.7777403593063354,36000
0.0,1.800978706728101,1.7777403593063354,1.7777403593063354,22800
0.0,1.789359763696616,1.7661211490631104,1.7661211490631104,20700
0.0,1.847455382347107,1.7777400849000462,1.847455382347107,26400
0.0,1.870694637298584,1.847456282145638,1.870694637298584,91800
0.0,1.9055510216937386,1.8590743426390874,1.8939319849014282,211800
0.0,1.9287895886817832,1.8939319471148999,1.9171702861785889,36600
0.0,1.9055514000832503,1.8474554067573352,1.8590747117996216,92700
0.0,1.847455382347107,1.8242170385123382,1.847455382347107,214800
0.0,1.847454914679894,1.8125972747802734,1.8125972747802734,78300
0.0,1.8242168426513672,1.7893591976704029,1.8242168426513672,33000
0.0,1.835835894971322,1.789359211921692,1.789359211921692,62700
0.0,1.8358347340790595,1.7893580804189961,1.800977110862732,15900
0.0,1.7893586188508275,1.742881685262936,1.7545009851455688,58200
0.0,1.789359763696616,1.7545021076891676,1.7661211490631104,66900
0.0,1.8242165767277094,1.766120332933217,1.8125972747802734,32400
0.0,1.835835894971322,1.789359211921692,1.789359211921692,31500
0.0,1.8590747117996216,1.7893594134314201,1.8590747117996216,183000
0.0,1.882313055941436,1.835836101715049,1.8590747117996216,68700
0.0,1.8939319849014284,1.8590743426390874,1.8939319849014282,53400
0.0,1.9055498838424683,1.8823115581913255,1.9055498838424683,56400
0.0,1.9171691796393129,1.8823115581913255,1.9055498838424683,7800
0.0,1.9287898540496826,1.8823129035851858,1.9287898540496826,21600
0.0,1.975266858985151,1.9171708609376636,1.952028512954712,62100
0.0,2.0216763019561768,1.9749325174699384,2.0216763019561768,79500
0.0,2.0333623455463523,1.9866182944227375,2.0099904537200928,42300
0.0,2.056734085083008,1.986618147324825,2.056734085083008,104400
0.0,2.033362627029419,1.9983046507013256,2.033362627029419,39300
0.0,2.0801083876448274,2.009992377583444,2.0450503826141357,34800
0.0,2.1034781407501737,2.021676123897308,2.068420171737671,77700
0.0,2.091792246156635,2.0216763019561768,2.0216763019561768,41100
0.0,2.0216762658976744,1.9866182944227375,2.0099904537200928,20700
0.0,1.9983051993507026,1.9632472133971817,1.9866191148757935,52800
0.0,1.998305286679949,1.9515612142087255,1.963247299194336,20100
0.0,1.9983051993507026,1.9048173259650485,1.9866191148757935,67500
0.0,2.0216763019561768,1.9749325174699384,2.0216763019561768,84000
0.0,2.0450503826141357,1.9866201959154148,2.0450503826141357,24300
0.0,2.04504842519503,1.998304374071415,2.0099904537200928,10800
0.0,2.0333623818132867,1.9749325174699384,2.0216763019561768,45600
0.0,1.998305286679949,1.963247299194336,1.963247299194336,15900
0.0,1.9866184718906597,1.9398746840624406,1.9515604972839355,60600
0.0,1.9866184718906597,1.9398746840624406,1.9515604972839355,65400
0.0,2.0450484616703966,1.9632464376128285,2.0216763019561768,56100
0.0,2.045049269779133,1.9866191148757935,1.9866191148757935,97800
0.0,2.0333623455463523,1.9515603229478002,2.0099904537200928,56100
0.0,2.0450487082958277,1.9866185694349168,2.033362627029419,39300
0.0,2.056734085083008,2.0333621949873057,2.056734085083008,78300
0.0,2.091792106628418,2.0567341368666505,2.091792106628418,194700
0.0,2.1268500309348166,2.068420171737671,2.068420171737671,63600
0.0,2.1034781407501737,2.056734092909811,2.068420171737671,115800
0.0,2.0801062426497863,2.0450482737706945,2.056734085083008,205500
0.0,2.04504842519503,1.998304374071415,2.0099904537200928,20700
0.0,2.0333628236201773,1.9515607817887495,1.998304843902588,68100
0.0,1.9866179383855607,1.9281880855560303,1.9281880855560303,37800
0.0,1.9866192016943387,1.9165032267231124,1.963247299194336,36900
0.0,2.0099909262988374,1.9632468641849987,1.998304843902588,27000
0.0,2.0099909262988374,1.9632468641849987,1.998304843902588,22500
0.0,1.963246050747958,1.9048161979184277,1.9281880855560303,71400
0.0,1.9398750066757202,1.904817026238636,1.9398750066757202,33900
0.0,1.9866184718906597,1.9281886033698261,1.9515604972839355,51000
0.0,1.9515608218406388,1.9398750066757202,1.9398750066757202,33000
0.0,1.9749326586691647,1.9515604972839355,1.9515604972839355,132600
0.0,1.9515608218406388,1.9281889240396375,1.9398750066757202,14100
0.0,1.9749329090118408,1.939874929961164,1.9749329090118408,152100
0.0,1.9866184718906597,1.9515604972839355,1.9515604972839355,102600
0.0,1.963247299194336,1.9281893117087228,1.963247299194336,52500
0.0,1.963247299194336,1.9281893117087228,1.963247299194336,55500
0.0,1.963247299194336,1.9515612142087255,1.963247299194336,25500
0.0,1.963247299194336,1.9515612142087255,1.963247299194336,46200
0.0,1.9866191148757935,1.9515611289222725,1.9866191148757935,70200
0.0,1.9866191148757935,1.9632472133971817,1.9866191148757935,91200
0.0,1.9983048439025881,1.9632468641849987,1.998304843902588,27600
0.0,2.033362627029419,1.9983046507013256,2.033362627029419,137400
0.0,2.0917920539620996,2.0099903048916032,2.056734085083008,150600
0.0,2.068422296810813,2.033364291780121,2.0450503826141357,92700
0.0,2.056734085083008,2.0216761162039165,2.056734085083008,33600
0.0,2.138535737991333,2.0567337353592445,2.138535737991333,136800
0.0,2.173595428466797,2.1502235237693963,2.173595428466797,171300
0.0,2.161909580230713,2.1385376729619896,2.161909580230713,140700
0.0,2.161909312025037,2.126851321735597,2.15022349357605,123300
0.0,2.1502230100138675,2.1268508434295654,2.1268508434295654,57900
0.0,2.138537858160541,2.1034798604857783,2.115165948867798,63300
0.0,2.173595428466797,2.1268513516007523,2.173595428466797,139800
0.0,2.173595428466797,2.1502235237693963,2.173595428466797,11100
0.0,2.161909312025037,2.1385374076558237,2.15022349357605,62100
0.0,2.173595667600711,2.1502237603319876,2.161909580230713,92700
0.0,2.161909312025037,2.15022349357605,2.15022349357605,24600
0.0,2.161909580230713,2.1268515855919916,2.161909580230713,67500
0.0,2.1614396572113037,2.1379455696236476,2.1614396572113037,34200
0.0,2.1614396572113037,2.1496926134174754,2.1614396572113037,11100
0.0,2.161438535308125,2.137944459915161,2.137944459915161,35400
0.0,2.137943776895736,2.114449977874756,2.114449977874756,178200
0.0,2.1261971440904306,2.0204746386196284,2.043968439102173,72900
0.0,2.090956687927246,2.032221772775609,2.090956687927246,140100
0.0,2.114450492668131,2.0792096511236617,2.090956687927246,462000
0.0,2.0792102813720703,2.0674632410077334,2.0792102813720703,20400
0.0,2.0792102813720703,2.0674632410077334,2.0792102813720703,153300
0.0,2.090956998236393,2.043969112915087,2.067462921142578,135600
0.0,2.114449977874756,2.0674621109665776,2.114449977874756,31200
0.0,2.137943776895736,2.090956178853776,2.114449977874756,67500
0.0,2.114450492668131,2.067462614320078,2.090956687927246,15600
0.0,2.1144511335987155,2.0792102813720703,2.0792102813720703,12600
0.0,2.0674635261239067,2.043969711021654,2.0557167530059814,31800
0.0,2.0909573217364072,2.043969429145425,2.0792102813720703,72000
0.0,2.079209274259107,2.043968439102173,2.043968439102173,305700
0.0,2.03222271712767,1.9969818592071533,1.9969818592071533,31500
0.0,1.9969815852794923,1.9617407321929932,1.9617407321929932,90900
0.0,1.973487091064453,1.9147524458334373,1.938246250152588,183600
0.0,1.949992596550651,1.9147517681121824,1.9147517681121826,27900
0.0,1.938246250152588,1.9147524458334373,1.938246250152588,46200
0.0,1.938246250152588,1.926499213559873,1.938246250152588,33300
0.0,1.9382460615663197,1.8560173511505127,1.8560173511505127,97200
0.0,1.891259966003795,1.856019095402069,1.8677661418914795,60600
0.0,1.8912581886335367,1.8442705845670067,1.8560173511505127,23700
0.0,1.9030057553122268,1.856017869262655,1.891258716583252,143100
0.0,1.891259966003795,1.8677661418914795,1.8677661418914795,61200
0.0,1.8795121534194046,1.8325242622023534,1.8442713022232056,148200
0.0,1.9147516781844454,1.8677638195179125,1.9030046463012695,60300
0.0,1.9499925049678022,1.9030046463012695,1.9030046463012695,64500
0.0,1.938247603648935,1.8912596933322596,1.9265005588531494,25200
0.0,1.9382454730846264,1.8912576144180935,1.9030046463012695,73500
0.0,1.8677653945409334,1.8325245380401611,1.8325245380401611,110400
0.0,1.8560179127012868,1.7972832554144298,1.809030294418335,85800
0.0,1.8325245380401611,1.8090307233284455,1.8325245380401611,51000
0.0,1.8795113692886762,1.8207764625549316,1.8207764625549316,58200
0.0,1.8677661418914795,1.8442723177791638,1.8677661418914795,30600
0.0,1.9147522595330546,1.8560173511505127,1.8560173511505127,100500
0.0,1.9147517681121824,1.8560168748039458,1.9147517681121826,180600
0.0,1.9969819086625193,1.926500191076002,1.9734880924224854,95700
0.0,1.9969819086625193,1.9499942761824514,1.9734880924224854,164100
0.0,2.043969196764516,1.9734875003243602,2.020475387573242,96300
0.0,2.126199722290039,2.032223868673605,2.126199722290039,285300
0.0,2.149693551260867,2.10270562445265,2.126199722290039,81900
0.0,2.173183702002357,2.114449094553463,2.1496899127960205,100800
0.0,2.161438535308125,2.1261976910849834,2.137944459915161,150900
0.0,2.1496899127960205,2.126196123589684,2.1496899127960205,121800
0.0,2.184933824691105,2.1379459108820376,2.173186779022217,419100
0.0,2.2084271907806396,2.1614395555482724,2.2084271907806396,83400
0.0,2.2201736419015305,2.184932790442776,2.1966798305511475,50400
0.0,2.1849321757570683,2.0557158463827774,2.090956687927246,77100
0.0,2.114449977874756,2.079209144910177,2.114449977874756,93300
0.0,2.1496899127960205,2.1027020655172417,2.1496899127960205,26700
0.0,2.1614369418322417,2.126196123589684,2.1496899127960205,34800
0.0,2.126197529471715,2.0792096511236617,2.090956687927246,135000
0.0,2.090956998236393,2.055716151461995,2.067462921142578,38400
0.0,2.0557154737765626,2.032221404427783,2.043968439102173,268500
0.0,2.0674622395847173,2.032221404427783,2.043968439102173,94200
0.0,2.1144498895165595,2.043968226532674,2.1027028560638428,105900
0.0,2.149690721008502,2.0792090580246168,2.1027028560638428,189300
0.0,2.0792099596894853,2.067462921142578,2.067462921142578,17400
0.0,2.090956308933497,2.043968439102173,2.043968439102173,45900
0.0,2.0792102813720703,2.043969429145425,2.0792102813720703,13200
0.0,2.102704383210487,2.0557167530059814,2.0557167530059814,25200
0.0,2.0557167530059814,2.043969711021654,2.0557167530059814,20400
0.0,2.045313829994484,2.009845958546034,2.0216686725616455,90600
0.0,2.0689592496120643,2.009845950372782,2.0571365356445312,151800
0.0,2.057135324383433,2.021667473963029,2.0334901809692383,188400
0.0,2.080781692981214,2.0334913783078483,2.0571365356445312,38700
0.0,2.1162476244113013,2.0689573530869145,2.1044251918792725,26700
0.0,2.139895694915898,2.068959929013696,2.12807297706604,14100
0.0,2.1753621101379395,2.139894251117203,2.1753621101379395,63900
0.0,2.175363557890213,2.1517181224076385,2.163540840148926,31800
0.0,2.163540840148926,2.1517181224076385,2.163540840148926,12000
0.0,2.151718142167283,2.12807297706604,2.12807297706604,92700
0.0,2.1044271209162804,2.0334913783078483,2.0571365356445312,75300
0.0,2.1280722782529633,2.0571365356445312,2.0571365356445312,51300
0.0,2.057135324383433,2.0334901809692383,2.0334901809692383,200400
0.0,2.0334909179992926,1.962555191448135,1.9743776321411133,60600
0.0,1.9980230547237139,1.9507324801568346,1.9743776321411133,311100
0.0,2.045311628979789,1.9861986637115479,1.9861986637115479,147900
0.0,2.02166868615627,1.9507329427823656,2.0098459720611572,70500
0.0,2.021666496992111,1.9861986637115479,1.9861986637115479,36000
0.0,2.03349041073284,1.9861998479628773,1.9980225563049316,63300
0.0,2.021667702390786,1.9861998479628773,1.9980225563049316,43800
0.0,2.0098437956992257,1.9743759624186623,1.9861986637115479,35100
0.0,1.9980213650044334,1.9743759624186623,1.9861986637115479,21900
0.0,1.9861998392036235,1.962554693222046,1.962554693222046,25500
0.0,1.9625554126684335,1.9152648327709347,1.9270875453948975,35700
0.0,1.9270875453948977,1.9152648327709347,1.9270875453948975,22200
0.0,1.9980213650044334,1.9152629971504211,1.9861986637115479,85800
0.0,1.9980225474935391,1.962554693222046,1.962554693222046,49200
0.0,1.9625553123062505,1.938909888267517,1.938909888267517,24600
0.0,1.9861998392036235,1.9270868389505527,1.962554693222046,56100
0.0,1.9861998392036235,1.9389092766422147,1.962554693222046,77700
0.0,1.9862003434324136,1.9507324801568346,1.9743776321411133,66300
0.0,2.0689587593078613,2.0216681852430862,2.0689587593078613,95100
0.0,2.0689580313896423,2.0334901809692383,2.0334901809692383,8700
0.0,2.0098459720611572,1.9980235285644306,2.0098459720611572,7500
0.0,2.033491386577257,2.0216686725616455,2.0216686725616455,12300
0.0,2.0453131198883057,2.009845260753836,2.0453131198883057,18600
0.0,2.057136557843222,1.986200814469318,2.0098459720611572,77100
0.0,2.02166868615627,1.9980235285644306,2.0098459720611572,26100
0.0,1.9861998392036235,1.9507319849321303,1.962554693222046,16500
0.0,1.9861998392036235,1.9507319849321303,1.962554693222046,22800
0.0,1.9743776321411133,1.962555191448135,1.9743776321411133,21900
0.0,1.9507326002868837,1.927087446846489,1.938909888267517,25800
0.0,1.9034414291381836,1.8797962830725383,1.9034414291381836,123300
0.0,1.8797972340425533,1.8679745197296143,1.8679745197296143,36600
0.0,1.9034414291381836,1.856151137006893,1.9034414291381836,66900
0.0,1.89162015914917,1.8797974435187605,1.89162015914917,72900
0.0,1.962554693222046,1.915264130660637,1.962554693222046,21900
0.0,1.962554693222046,1.9507319849321303,1.962554693222046,19500
0.0,1.938909888267517,1.9034420228077555,1.938909888267517,90900
0.0,1.9507325887680054,1.9152647235176778,1.9507325887680054,97500
0.0,1.9625553123062505,1.9152647348271223,1.938909888267517,96300
0.0,1.962554693222046,1.915264130660637,1.962554693222046,41100
0.0,1.938909888267517,1.9152647348271223,1.938909888267517,57000
0.0,2.009844985185201,1.9507319849321303,1.962554693222046,53700
0.0,1.9507326002868837,1.927087446846489,1.938909888267517,56100
0.0,1.9861998392036235,1.9389092766422147,1.962554693222046,30900
0.0,1.9743771309137081,1.9507319849321303,1.962554693222046,94200
0.0,1.9862003434324136,1.962555191448135,1.9743776321411133,45300
0.0,1.9625553123062505,1.927087446846489,1.938909888267517,57900
0.0,1.9760517031535612,1.9403399270270463,1.964147686958313,47700
0.0,1.9879537528564832,1.9641460132129618,1.9760500192642212,39900
0.0,2.011761789514123,1.964146037186895,1.999857783317566,38100
0.0,2.0236656381763916,1.9760501556040635,2.0117619037628174,52500
0.0,2.0236656381763916,1.9760501556040635,2.0117619037628174,42300
0.0,2.0117617649590023,1.9641460132129618,1.9760500192642212,20400
0.0,1.9998583704721378,1.9165308475494385,1.9165308475494385,52200
0.0,1.9284348572409902,1.9046271103169676,1.9165308475494385,107100
0.0,1.9165308475494385,1.8927231006254162,1.9165308475494385,60000
0.0,1.9760517031535612,1.9165318946365502,1.964147686958313,57900
0.0,2.0236655232516796,1.9760500433834522,1.999857783317566,344400
0.0,1.999857783317566,1.964146037186895,1.999857783317566,48300
0.0,1.9879539770504318,1.9284344849997452,1.9403384923934937,49800
0.0,1.9522422273282143,1.9165304776059966,1.9403384923934937,52500
0.0,1.9879541397094727,1.9403386511565244,1.9879541397094727,38700
0.0,2.023665892353709,1.9879541397094727,1.9879541397094727,25800
0.0,2.023667335510254,1.9998595742555316,2.023667335510254,212700
0.0,2.0236656381763916,1.9998578968902274,2.0117619037628174,50700
0.0,2.0236672230160946,1.964147686958313,1.964147686958313,87300
0.0,1.9879541397094727,1.9403386511565244,1.9879541397094727,47100
0.0,1.9998581480772348,1.9522423870652363,1.9879541397094727,56100
0.0,2.0117619037628174,1.9641461487314733,2.0117619037628174,146700
0.0,2.047474394260446,1.999858621965375,2.0355703830718994,157200
0.0,1.9998577589077429,1.9522420071617022,1.9760500192642212,238200
0.0,2.023667335510254,1.9760518130008091,2.023667335510254,135000
0.0,2.071282386779785,2.0236666089076607,2.071282386779785,165600
0.0,2.0593781329898775,2.0355703830718994,2.0355703830718994,51900
0.0,2.059377883174718,2.035570136144765,2.0474741458892822,36900
0.0,2.130801174091013,2.059377668004621,2.1188974380493164,385800
0.0,2.1427066326141357,2.1069948554039,2.1427066326141357,70200
0.0,2.130800247192383,2.0712807754977254,2.130800247192383,295800
0.0,2.1427066326141357,2.095090838847409,2.1427066326141357,116700
0.0,2.1903209686279297,2.1308011979176826,2.1903209686279297,328200
0.0,2.202224704802734,2.1665129513602084,2.1903209686279297,286800
0.0,2.2022247122814838,2.166512958717681,2.1784169673919678,81600
0.0,2.1784169673919678,2.118897468938649,2.1784169673919678,54900
0.0,2.2617456912994385,2.190322146021132,2.2617456912994385,211500
0.0,2.3212649988010665,2.273649215698242,2.273649215698242,687900
0.0,2.333168526975063,2.2855527537848386,2.3093605041503906,137100
0.0,2.297457230758795,2.2736492031096134,2.285553216934204,87300
0.0,2.321264515562727,2.2617450034192865,2.3093605041503906,116400
0.0,2.3688793235634433,2.2974558291088574,2.3569753170013428,373800
0.0,2.3688807739782,2.2974572357925176,2.3450727462768555,123000
0.0,2.3807842503968524,2.345072485278604,2.3688805103302,181500
0.0,2.3688805103302,2.345072485278604,2.3688805103302,156300
0.0,2.3688807687879887,2.285553216934204,2.285553216934204,402000
0.0,2.285553470734627,2.21412992477417,2.21412992477417,117900
0.0,2.273649215698242,2.214129691164094,2.273649215698242,171600
0.0,2.2974572434792426,2.2260337050545944,2.273649215698242,93900
0.0,2.2617454654891986,2.1903219273417416,2.2498414516448975,196800
0.0,2.2498404745195733,2.166512958717681,2.1784169673919678,64500
0.0,2.214128713436595,2.1427052065515433,2.1903209686279297,38100
0.0,2.1903209686279297,2.178416959994069,2.1903209686279297,57600
0.0,2.285553216934204,2.2022256650804195,2.285553216934204,99900
0.0,2.380784515369697,2.2974572357925176,2.3450727462768555,137100
0.0,2.3450727462768555,2.309360977184014,2.3450727462768555,25200
0.0,2.404592275619507,2.3569764979720733,2.404592275619507,152400
0.0,2.5236315763085386,2.440304297240923,2.487919807434082,376800
0.0,2.4879197858320445,2.4164962487032855,2.476016044616699,119700
0.0,2.5236310720088144,2.4403038095925687,2.5117273330688477,90900
0.0,2.5236310720088144,2.476015571330708,2.5117273330688477,43200
0.0,2.5117278131810785,2.476016044616699,2.476016044616699,117000
0.0,2.4522087393034497,2.3807851811445215,2.44030499458313,49800
0.0,2.489619188597579,2.4656803607940674,2.4656803607940674,62700
0.0,2.417802498308799,2.345986585229884,2.3938636779785156,47400
0.0,2.39386362181264,2.310078574490352,2.322047710418701,108300
0.0,2.3220478401339335,2.298109292984009,2.298109292984009,75900
0.0,2.334017753601074,2.2861403750290403,2.334017753601074,192900
0.0,2.3579556661156706,2.322047710418701,2.322047710418701,43800
0.0,2.35795526172905,2.298108770483026,2.3459861278533936,31500
0.0,2.35795526172905,2.3220473121902527,2.3459861278533936,56100
0.0,2.322047729142104,2.250231817169091,2.2741706371307373,59100
0.0,2.226292973962329,2.0946305775735214,2.2023544311523438,99000
0.0,2.250231070146489,2.1784151820146236,2.2382619380950928,54900
0.0,2.226292973962329,2.166446479959403,2.2023544311523438,34800
0.0,2.2382619380950928,2.1664460499632274,2.2382619380950928,30600
0.0,2.226292209678535,2.190384270812752,2.214322805404663,8100
0.0,2.2023544311523438,2.130538528766462,2.2023544311523438,33600
0.0,2.2262940406799316,2.190386072281868,2.2262940406799316,21600
0.0,2.298109292984009,2.202354830428334,2.298109292984009,61800
0.0,2.29810935073647,2.226293433525955,2.250231981277466,31800
0.0,2.2861397731555977,2.226293271163408,2.2741706371307373,76800
0.0,2.3459861278533936,2.2622008209442286,2.3459861278533936,130800
0.0,2.3459861278533936,2.3220473121902527,2.3459861278533936,27600
0.0,2.441742655056626,2.3220492963331734,2.405834674835205,61200
0.0,2.4896183553112623,2.405833033954396,2.4417409896850586,85500
0.0,2.4896184392991128,2.429771661758423,2.429771661758423,42300
0.0,2.4297732369974363,2.405834674835205,2.405834674835205,92100
0.0,2.465679618700449,2.4058331151157293,2.429771661758423,38700
0.0,2.4776490012225727,2.3938636779785156,2.3938636779785156,46200
0.0,2.4058322509129844,2.3579549008697236,2.369924306869507,77100
0.0,2.3938636779785156,2.3699251316042,2.3938636779785156,75600
0.0,2.4297732369974363,2.405834674835205,2.405834674835205,99600
0.0,2.4537110328674316,2.4058336548843884,2.4537110328674316,78900
0.0,2.477649774695823,2.4417418069466086,2.4656803607940674,82800
0.0,2.4776480197906494,2.441740077474843,2.4776480197906494,64500
0.0,2.525526209730435,2.477648846024832,2.501587390899658,172500
0.0,2.6212804317474365,2.501587170029368,2.6212804317474365,114000
0.0,2.6452199844225,2.5135575380346027,2.5374960899353027,160500
0.0,2.5614349842071533,2.4896190526308413,2.5614349842071533,107100
0.0,2.585373467692734,2.5374960899353027,2.5374960899353027,71100
0.0,2.573404550552368,2.4896194657800015,2.573404550552368,96000
0.0,2.585373536747245,2.549465570959089,2.5614349842071533,79200
0.0,2.5973429314919447,2.5135575872644513,2.525527000427246,76500
0.0,2.585373536747245,2.5015881919228677,2.5614349842071533,66000
0.0,2.6093120195934345,2.5374960899353027,2.5374960899353027,101100
0.0,2.5614349842071533,2.5135576051709325,2.5614349842071533,54900
0.0,2.5734027656782903,2.5255256858597956,2.549464225769043,55500
0.0,2.633251352768154,2.549465994039704,2.573404550552368,129000
0.0,2.5734027656782903,2.5255256858597956,2.549464225769043,73500
0.0,2.537495345189873,2.501587390899658,2.501587390899658,98400
0.0,2.5135579109191895,2.489619355467221,2.5135579109191895,23400
0.0,2.5255267400591936,2.4896187782287598,2.4896187782287598,35400
0.0,2.5135579109191895,2.4656805260591814,2.5135579109191895,137400
0.0,2.513557742445038,2.4656803607940674,2.4656803607940674,63300
0.0,2.489619188597579,2.4417418069466086,2.4656803607940674,19800
0.0,2.489617996524928,2.417802095413208,2.417802095413208,116100
0.0,2.417802095413208,2.3938632790720202,2.417802095413208,57000
0.0,2.4178040928943947,2.381896112672974,2.405834674835205,31200
0.0,2.417802498308799,2.3938636779785156,2.3938636779785156,238500
0.0,2.417802498308799,2.3220477648996005,2.3938636779785156,51300
0.0,2.417801819675467,2.3818938732147217,2.3818938732147217,72000
0.0,2.417802714846796,2.345986795336059,2.3579559326171875,113400
0.0,2.381894077392191,2.334016720021823,2.3459861278533936,106200
0.0,2.4656803607940674,2.3818952853499344,2.4656803607940674,248100
0.0,2.489619188597579,2.4417418069466086,2.4656803607940674,260400
0.0,2.465681217218857,2.405834674835205,2.405834674835205,39900
0.0,2.4297732369974363,2.381896112672974,2.405834674835205,128700
0.0,2.357955637150546,2.2622011811201954,2.286139726638794,165600
0.0,2.3266474840327738,2.278426720721129,2.302536964416504,106200
0.0,2.2784265088396483,2.254316267386397,2.266371250152588,61200
0.0,2.3025352984693765,2.2302043437957764,2.2302043437957764,73200
0.0,2.302536964416504,2.230205957409484,2.302536964416504,59100
0.0,2.3145911807105657,2.266370439138839,2.278425693511963,56400
0.0,2.3145911807105657,2.266370439138839,2.278425693511963,52500
0.0,2.362812378741812,2.2543158961861294,2.350757122039795,79200
0.0,2.338701413536044,2.278425693511963,2.278425693511963,402600
0.0,2.3507554456591606,2.2422590404748917,2.3145899772644043,118800
0.0,2.386921737861507,2.3387010047190135,2.374866485595703,39300
0.0,2.5074740708038115,2.3989776005659658,2.4230878353118896,199800
0.0,2.4351421322262468,2.374866155203563,2.3869214057922363,11400
0.0,2.3869214057922363,2.3145904541015625,2.3869214057922363,30000
0.0,2.411032199859619,2.350756484537372,2.411032199859619,80100
0.0,2.423089196887023,2.3507581760844256,2.3989789485931396,78300
0.0,2.4110316310488997,2.374866155203563,2.3869214057922363,12600
0.0,2.4110316310488997,2.374866155203563,2.3869214057922363,16200
0.0,2.4351420402526855,2.3989765657732924,2.4351420402526855,158100
0.0,2.4471965177688935,2.3266451445858025,2.3628106117248535,132300
0.0,2.3628115143338437,2.314590781087611,2.338701009750366,70200
0.0,2.338701009750366,2.314590781087611,2.338701009750366,133200
0.0,2.3145911807105657,2.266370439138839,2.278425693511963,113100
0.0,2.290480135395826,2.2422594109291683,2.254314661026001,44100
0.0,2.2904807159366394,2.2302047260957134,2.242259979248047,50400
0.0,2.254315232400381,2.1699290121755292,2.242259979248047,196500
0.0,2.242259594881608,2.1940388664589765,2.2302043437957764,69300
0.0,2.242257806121326,2.206092357635498,2.206092357635498,74400
0.0,2.206094656734797,2.1699291705588166,2.1819844245910645,63600
0.0,2.1819851218546185,2.121709108352661,2.121709108352661,84600
0.0,2.181984206310696,2.0734877586364746,2.0734877586364746,95100
0.0,2.1217072522251876,2.0011558825246056,2.109652280807495,191100
0.0,2.1458187237526225,2.0734877586364746,2.0734877586364746,112500
0.0,2.242257806121326,2.109651253646782,2.206092357635498,113400
0.0,2.1819832229114717,2.121707261866665,2.145817756652832,185100
0.0,2.3145911807105657,2.145818999090677,2.278425693511963,271800
0.0,2.2784251286807216,2.218149423599243,2.218149423599243,121500
0.0,2.20609483823021,2.1458191149516135,2.1940395832061768,66000
0.0,2.206094656734797,2.1337636843828367,2.1819844245910645,61200
0.0,2.2543149018322706,2.1699286939816393,2.218149423599243,77100
0.0,2.2302050723574918,2.1819846041029285,2.1940395832061768,55200
0.0,2.2181500932542435,2.1940395832061768,2.1940395832061768,49800
0.0,2.242259650447694,2.1699286939816393,2.218149423599243,148500
0.0,2.266370209631972,2.242259979248047,2.242259979248047,79500
0.0,2.2784265088396483,2.2422610086993364,2.266371250152588,102900
0.0,2.302535926337441,2.266370439138839,2.278425693511963,33900
0.0,2.3025367502928997,2.254316267386397,2.266371250152588,70500
0.0,2.2784265088396483,2.2422610086993364,2.266371250152588,37800
0.0,2.2904817675267086,2.254316267386397,2.266371250152588,54300
0.0,2.266371250152588,2.254316267386397,2.266371250152588,29700
0.0,2.2904817675267086,2.254316267386397,2.266371250152588,52800
0.0,2.254314661026001,2.2422594109291683,2.254314661026001,67500
0.0,2.25431484596744,2.2302043437957764,2.2302043437957764,87600
0.0,2.3266475200653076,2.2302059919484387,2.3266475200653076,54300
0.0,2.3748655834907924,2.3266451445858025,2.3628106117248535,96900
0.0,2.411031050629843,2.350755364038297,2.3628106117248535,82200
0.0,2.386921737861507,2.3628115092506214,2.374866485595703,96600
0.0,2.435142706725117,2.374866715482121,2.411032199859619,72300
0.0,2.411031971659354,2.338701009750366,2.338701009750366,84600
0.0,2.314590359668819,2.254314661026001,2.254314661026001,124500
0.0,2.3025367502928997,2.266371250152588,2.266371250152588,163500
0.0,2.3025351095719864,2.254314661026001,2.254314661026001,132000
0.0,2.278425693511963,2.2543154606864846,2.278425693511963,20100
0.0,2.2904817675267086,2.254316267386397,2.266371250152588,77700
0.0,2.2784248852989935,2.254314661026001,2.254314661026001,40800
0.0,2.234400471849156,2.149396016949513,2.222256898880005,53700
0.0,2.2708303508937706,2.2343999189432937,2.2586867809295654,18900
0.0,2.2829737663269043,2.222256469107951,2.2829737663269043,19200
0.0,2.295117336947556,2.2586869030277534,2.2829737663269043,17700
0.0,2.3194055557250977,2.25868822302247,2.3194055557250977,59100
0.0,2.3679797649383545,2.2951188490940977,2.3679797649383545,18300
0.0,2.3679787789202726,2.3072614669799805,2.3072614669799805,44100
0.0,2.3194052057369845,2.270831458081375,2.2951183319091797,45900
0.0,2.3315487816220237,2.270831458081375,2.2951183319091797,36600
0.0,2.3194055557250977,2.282975100515058,2.3194055557250977,30000
0.0,2.3315491334425493,2.3072622559499614,2.3194055557250977,55800
0.0,2.428697347640991,2.3072626609214786,2.428697347640991,365100
0.0,2.4286957979911676,2.380122065473188,2.4044089317321777,99600
0.0,2.4044090522295485,2.3558350393350866,2.380122184753418,224400
0.0,2.380122346424124,2.355835199356079,2.355835199356079,49500
0.0,2.3922654795203826,2.367978612044252,2.380122184753418,101400
0.0,2.416553667816711,2.3679796339598385,2.3922665119171143,71400
0.0,2.4529845073387855,2.4044104658855616,2.428697347640991,145200
0.0,2.4772703274983496,2.428696306860771,2.4651267528533936,41400
0.0,2.4894139021433057,2.452983456150683,2.4651267528533936,163800
0.0,2.4408409274898886,2.416554045734459,2.428697347640991,177900
0.0,2.465127119250692,2.4165533693357344,2.440840244293213,303600
0.0,2.4408409274898886,2.4044104658855616,2.428697347640991,19500
0.0,2.428696556848504,2.3558356573636265,2.416553258895874,40500
0.0,2.4165525038327664,2.380122065473188,2.4044089317321777,73500
0.0,2.416553667816711,2.3922665119171143,2.3922665119171143,96000
0.0,2.4044090522295485,2.367978612044252,2.380122184753418,80400
0.0,2.4044090522295485,2.367978612044252,2.380122184753418,61200
0.0,2.3679787728901016,2.331548330230254,2.355835199356079,35700
0.0,2.355835322775505,2.307261581979134,2.3315484523773193,43500
0.0,2.3194049888896187,2.1858267784118652,2.1858267784118652,436200
0.0,2.1979699549441554,2.137252370138397,2.1493959426879883,131400
0.0,2.173682809844973,2.137252370138397,2.1493959426879883,157200
0.0,2.137252934205239,2.100822484883887,2.1129660606384277,237300
0.0,2.1858267784118652,2.137252757355297,2.1858267784118652,240600
0.0,2.222256539128486,2.1858261040608062,2.197969675064087,101100
0.0,2.2344024181365967,2.197971945438405,2.2344024181365967,105900
0.0,2.2586893072879084,2.210115251042836,2.2344024181365967,16200
0.0,2.246545723741028,2.197971945438405,2.2344024181365967,88800
0.0,2.2586893072879084,2.2344024181365967,2.2344024181365967,24000
0.0,2.270831245775298,2.161539906854705,2.1858267784118652,50100
0.0,2.222256898880005,2.173682884945608,2.222256898880005,29700
0.0,2.270831206956336,2.1736831665039062,2.1736831665039062,77400
0.0,2.197969675064087,2.1372520979898453,2.197969675064087,391500
0.0,2.2344007994684336,2.1858267784118652,2.1858267784118652,66300
0.0,2.2101136499690255,2.1858267784118652,2.1858267784118652,29700
0.0,2.197969675064087,2.1858261040608062,2.197969675064087,40800
0.0,2.1858267784118652,2.1493963321050007,2.1858267784118652,25500
0.0,2.173681650634508,2.137251230356041,2.1615383625030518,28500
0.0,2.1736831665039062,2.1372527208198058,2.1736831665039062,50100
0.0,2.222256898880005,2.137252443980362,2.222256898880005,99300
0.0,2.2344001101317668,2.197969675064087,2.197969675064087,53700
0.0,2.197969675064087,2.1858261040608062,2.197969675064087,34200
0.0,2.197969675064087,2.1858261040608062,2.197969675064087,37800
0.0,2.234402601829698,2.18582854159129,2.210115432739258,40800
0.0,2.222259017284478,2.1979721261365097,2.210115432739258,68700
0.0,2.2829742078413457,2.19797003088391,2.222256898880005,93900
0.0,2.222259017284478,2.18582854159129,2.210115432739258,104100
0.0,2.197969675064087,2.1736825330575256,2.197969675064087,45000
0.0,2.222256898880005,2.173682884945608,2.222256898880005,32100
0.0,2.2388970851898193,2.1777251270230438,2.2388970851898193,34800
0.0,2.2388970851898193,2.202193854285068,2.2388970851898193,222300
0.0,2.2388969000154813,2.202193672146375,2.2266623973846436,17400
0.0,2.2266623973846436,2.1899591695155376,2.2266623973846436,67200
0.0,2.2266623973846436,2.1899591695155376,2.2266623973846436,26400
0.0,2.312304392937691,2.226663396154377,2.2756011486053467,119700
0.0,2.312304392937691,2.2511324123916276,2.2756011486053467,39900
0.0,2.300068490794547,2.251131048027093,2.2633652687072754,151200
0.0,2.2388970851898193,2.214428357927795,2.2388970851898193,66300
0.0,2.30006923152256,2.251131772994995,2.251131772994995,84900
0.0,2.2511314689718347,2.2021937370300293,2.2021937370300293,120600
0.0,2.2511314026463185,2.202193672146375,2.2266623973846436,89400
0.0,2.214428240021334,2.1899592340387244,2.2021937370300293,124800
0.0,2.251131772994995,2.2144285390875953,2.251131772994995,94500
0.0,2.287835656723972,2.2511324123916276,2.2756011486053467,110400
0.0,2.287834270114364,2.251131048027093,2.2633652687072754,33900
0.0,2.287835006902395,2.2266627637077607,2.251131772994995,39300
0.0,2.287834270114364,2.2388965473235483,2.2633652687072754,99900
0.0,2.2756005022587775,2.2144285390875953,2.251131772994995,100800
0.0,2.251131588832546,2.214428357927795,2.2388970851898193,224100
0.0,2.2021939137716253,2.1532561779022217,2.1532561779022217,305400
0.0,2.1043195724487305,2.0676163257201106,2.1043195724487305,235800
0.0,2.177724838256836,2.1287871101984983,2.177724838256836,326400
0.0,2.1899600779326986,2.1654913425445557,2.1654913425445557,42000
0.0,2.1777237440184147,2.1410205364227295,2.1410205364227295,99000
0.0,2.1532561779022217,2.128787449979238,2.1532561779022217,75000
0.0,2.165490681875432,2.128787449979238,2.1532561779022217,73200
0.0,2.214428424835205,2.153256184796724,2.214428424835205,93900
0.0,2.2511314026463185,2.202193672146375,2.2266623973846436,105600
0.0,2.23889696598053,2.2021937370300293,2.2021937370300293,41400
0.0,2.2266623973846436,2.1899591695155376,2.2266623973846436,35100
0.0,2.2388970851898193,2.202193854285068,2.2388970851898193,41700
0.0,2.2511314026463185,2.214428174777212,2.2266623973846436,47700
0.0,2.2266623973846436,2.202193672146375,2.2266623973846436,51600
0.0,2.238897152836535,2.2021939208228214,2.214428424835205,40800
0.0,2.214428424835205,2.2021939208228214,2.214428424835205,42000
0.0,2.226660578176965,2.177723167682863,2.1899573802948,71400
0.0,2.1532561779022217,2.128787449979238,2.1532561779022217,258000
0.0,2.1899599698477563,2.1287879943847656,2.1287879943847656,364800
0.0,2.153256312849294,2.0431466102600098,2.0431466102600098,230400
0.0,2.0431463842365063,2.030912160873413,2.030912160873413,181200
0.0,2.03091269492771,2.0064436817202393,2.0186781883239746,103200
0.0,2.0309119731160976,1.9819742441177368,1.9819742441177368,105300
0.0,1.9942092895507812,1.9819747839629385,1.9942092895507812,92100
0.0,2.0920841693878174,1.9819744762621427,2.0920841693878174,79800
0.0,2.1043192854555013,2.0553815364837646,2.0553815364837646,73200
0.0,2.1165528967412683,2.0676154420343664,2.0920841693878174,84600
0.0,2.1165528967412683,2.079849665699377,2.0920841693878174,86400
0.0,2.1410219041181495,2.0920841693878174,2.0920841693878174,65100
0.0,2.1165528967412683,2.079849665699377,2.0920841693878174,81600
0.0,2.1287875728403245,2.092084338825836,2.1165530681610107,38700
0.0,2.1410205364227295,2.0920828329540653,2.1410205364227295,11400
0.0,2.1043192854555013,2.0431470292349525,2.0553815364837646,151200
0.0,2.067616043732577,2.01867829476084,2.0553815364837646,266100
0.0,2.0553811149999706,2.0431466102600098,2.0431466102600098,11700
0.0,2.0553811149999706,2.030912385543503,2.0431466102600098,112200
0.0,2.055380887623022,2.006443154100381,2.030912160873413,169500
0.0,2.03091269492771,2.0064436817202393,2.0186781883239746,162000
0.0,2.055381428111683,2.0064436817202393,2.0186781883239746,223500
0.0,2.0431467518552044,1.9942092895507812,1.9942092895507812,148800
0.0,2.00644351511515,1.9942092895507812,1.9942092895507812,94800
0.0,2.0553815364837646,2.0064437875120285,2.0553815364837646,206400
0.0,2.0553815364837646,2.0309128020096523,2.0553815364837646,100800
0.0,2.03091269492771,2.0064436817202393,2.0186781883239746,123900
0.0,2.0260918140411377,2.0013834703902953,2.0260918140411377,64200
0.0,2.050800440457612,2.0260918140411377,2.0260918140411377,95100
0.0,2.026090508919605,2.0013821811848187,2.0137364864349365,185100
0.0,2.038444744216071,2.0013821125030518,2.0013821125030518,97200
0.0,2.0384461879730225,2.0137378435861386,2.0384461879730225,149700
0.0,2.0631542205810547,2.038445879928035,2.0631542205810547,81000
0.0,2.0631542205810547,2.0508001916373435,2.0631542205810547,117300
0.0,2.063153141904509,2.0137364864349365,2.0137364864349365,127500
0.0,2.05079984664917,2.0137372005215677,2.05079984664917,51000
0.0,2.0507991194198407,2.0013821811848187,2.0137364864349365,78300
0.0,2.050800440457612,2.013737783598532,2.0260918140411377,83700
0.0,2.0260904966466744,1.9766738414764404,1.9766738414764404,192600
0.0,2.0260918140411377,1.9766751267394527,2.0260918140411377,67800
0.0,2.0260918140411377,2.013737783598532,2.0260918140411377,23700
0.0,2.038444814169723,2.0137364864349365,2.0137364864349365,442500
0.0,2.038444814169723,2.0137364864349365,2.0137364864349365,222000
0.0,2.026090439389918,1.9766737856161853,2.0013821125030518,311100
0.0,2.0137364173292047,1.9766737856161853,2.0013821125030518,70500
0.0,2.0507991194198407,2.0013821811848187,2.0137364864349365,29700
0.0,2.050800440457612,2.0013834703902953,2.0260918140411377,52500
0.0,2.038444814169723,2.0137364864349365,2.0137364864349365,57300
0.0,2.0137364173292047,1.9890278076768988,2.0013821125030518,72000
0.0,2.0384461272493746,1.9766751267394527,2.0260918140411377,26400
0.0,2.038444814169723,1.9890278759347009,2.0137364864349365,36900
0.0,2.05079984664917,1.9890285812594664,2.05079984664917,52800
0.0,2.026090508919605,2.0137364864349365,2.0137364864349365,32700
0.0,2.0508005015492845,2.0013835300098766,2.0384461879730225,29100
0.0,2.0631542205810547,2.0137375392750156,2.0631542205810547,233100
0.0,2.0507991194198407,2.0013821811848187,2.0137364864349365,187200
0.0,2.0137364742368398,1.9766738414764404,1.9766738414764404,87300
0.0,2.05079984664917,1.9890285812594664,2.05079984664917,52500
0.0,2.100217177163586,2.038446175200599,2.0755088329315186,60600
0.0,2.075508532290363,2.038445879928035,2.0631542205810547,40800
0.0,2.100215435028076,2.0755071112916434,2.100215435028076,160200
0.0,2.100215435028076,2.087861414542562,2.100215435028076,69900
0.0,2.1249258518218994,2.0755088794837384,2.1249258518218994,107700
0.0,2.1743419844689362,2.1125709969421913,2.1496336460113525,376800
0.0,2.1990494575691164,2.137278219527542,2.161986827850342,314400
0.0,2.1619866685172635,2.087861414542562,2.100215435028076,249900
0.0,2.149633892795496,2.075508586147375,2.1125712394714355,110700
0.0,2.199049572983245,2.1372783316996906,2.1743409633636475,156000
0.0,2.1866962950805138,2.1496336460113525,2.1496336460113525,64500
0.0,2.1619879566229305,2.137279335399775,2.1496336460113525,251400
0.0,2.1990515606205503,2.16198889545709,2.186697244644165,116100
0.0,2.186695268173446,2.161986941319288,2.1743409633636475,39900
0.0,2.1743409633636475,2.1372783316996906,2.1743409633636475,91800
0.0,2.1743419844689362,2.137279335399775,2.1496336460113525,162900
0.0,2.1743419844689362,2.137279335399775,2.1496336460113525,148500
0.0,2.174340849246317,2.149632523688942,2.161986827850342,122400
0.0,2.186697244644165,2.1496345794807046,2.186697244644165,88500
0.0,2.2114042135643945,2.1743415715338994,2.199050188064575,53400
0.0,2.199050188064575,2.1743415715338994,2.199050188064575,34200
0.0,2.186697244644165,2.1496345794807046,2.186697244644165,202200
0.0,2.2237584590911865,2.161987485038268,2.2237584590911865,73800
0.0,2.2361127670079743,2.1866958181063336,2.2237584590911865,26700
0.0,2.2237599098076255,2.17434292866778,2.186697244644165,90000
0.0,2.1619866685172635,2.100215435028076,2.100215435028076,136800
0.0,2.1372785568237305,2.087861897910254,2.1372785568237305,79800
0.0,2.1743409633636475,2.1125700048455327,2.1743409633636475,41700
0.0,2.161988510384109,2.1249258518218994,2.1249258518218994,18600
0.0,2.186695268173446,2.1372783316996906,2.1743409633636475,59700
0.0,2.199049572983245,2.161986941319288,2.1743409633636475,122700
0.0,2.199049572983245,2.1743409633636475,2.1743409633636475,18600
0.0,2.174340849246317,2.149632523688942,2.161986827850342,92700
0.0,2.219341854099617,2.1694689104584217,2.1819372177124023,65700
0.0,2.2068745840950266,2.169469930127314,2.194406270980835,60900
0.0,2.194405239591655,2.1819372177124023,2.1819372177124023,141300
0.0,2.231809377670288,2.169468426069054,2.231809377670288,87900
0.0,2.2318097445655685,2.194405110380812,2.2068734169006348,142500
0.0,2.2068735468456357,2.1694689104584217,2.1819372177124023,51000
0.0,2.2068734169006348,2.1570004761960555,2.2068734169006348,34500
0.0,2.2193437738296153,2.16947078704834,2.16947078704834,36900
0.0,2.19440713775149,2.16947078704834,2.16947078704834,36600
0.0,2.1819372177124023,2.1445325813251883,2.1819372177124023,46500
0.0,2.1819372177124023,2.1570006032044406,2.1819372177124023,42900
0.0,2.1819372177124023,2.1694689104584217,2.1819372177124023,33000
0.0,2.181937501920083,2.119596242904663,2.119596242904663,56100
0.0,2.1320642335512856,2.1071279048919678,2.1071279048919678,82500
0.0,2.0697233371043366,1.9949140632978513,2.0572550296783447,468900
0.0,2.057254678878097,2.0073817430531276,2.032318353652954,79500
0.0,2.0323185701713737,1.9949139356613161,1.994913935661316,109800
0.0,2.0447863735781837,1.994913723127898,2.032318353652954,148500
0.0,1.9949151036698822,1.9201057908494477,1.9824467897415161,627300
0.0,1.982447125396107,1.9575107786922015,1.9699788093566895,256800
0.0,1.9824467897415161,1.9450421333312988,1.9824467897415161,48000
0.0,1.9699776602708707,1.9450413281123007,1.9575096368789673,43200
0.0,1.9699772684370707,1.9450409412384033,1.9450409412384033,33600
0.0,1.957510422864568,1.9325737953186035,1.9325737953186035,90600
0.0,1.9201052075238438,1.8702322523366028,1.8827005624771118,187800
0.0,1.9076377153396606,1.8452967086561471,1.9076377153396606,133200
0.0,1.9076368973833349,1.8827005624771118,1.8827005624771118,222900
0.0,1.895168921395234,1.8702325820922852,1.8702325820922852,114300
0.0,1.8951692581176758,1.8702329143841852,1.8951692581176758,114600
0.0,1.8951692581176758,1.8827012289383782,1.8951692581176758,55500
0.0,1.8827005624771118,1.8702322523366028,1.8827005624771118,105000
0.0,1.92010603082633,1.8827013697412387,1.9076377153396606,352500
0.0,1.9325740609380826,1.8951693998529913,1.9076377153396606,53100
0.0,1.8951692581176758,1.857764599829992,1.8951692581176758,67800
0.0,1.895168921395234,1.8452962427893362,1.8702325820922852,131700
0.0,1.8577639307558298,1.8203592859394386,1.8452959060668945,89400
0.0,1.8452959060668943,1.8203592859394386,1.8452959060668945,40800
0.0,1.845296453614759,1.8203598260879517,1.8203598260879517,74100
0.0,1.8577642440795898,1.8203595929546663,1.8577642440795898,55500
0.0,1.8702323339423355,1.8328276872634888,1.8328276872634888,39900
0.0,1.8951692581176758,1.8452965706506943,1.8951692581176758,179400
0.0,1.9450421577284103,1.8951691867642588,1.9201058149337769,107700
0.0,1.9450421577284103,1.8951691867642588,1.9201058149337769,39300
0.0,1.9699772684370707,1.9325726349517167,1.9450409412384033,123600
0.0,1.9450421577284103,1.9076375008490178,1.9201058149337769,67200
0.0,1.9325740609380826,1.9076377153396606,1.9076377153396606,92400
0.0,1.9325737953186035,1.8951691393745345,1.9325737953186035,84300
0.0,1.9325738436436513,1.8951691867642588,1.9201058149337769,180600
0.0,1.9699788093566895,1.9201061159488788,1.9699788093566895,22200
0.0,2.057254678878097,1.9699771125280714,2.032318353652954,90000
0.0,2.044786823185556,1.982445853727835,2.019850492477417,139200
0.0,2.0447874069213867,2.00738275749371,2.0447874069213867,33000
0.0,2.0697233371043366,2.0073820853491107,2.0572550296783447,77400
0.0,2.0447863735781837,2.0073817430531276,2.032318353652954,84900
0.0,2.0073834721000123,1.9325741466133668,1.9699788093566895,142200
0.0,1.982447125396107,1.9450424626527842,1.9699788093566895,84900
0.0,2.019850492477417,1.9450412149782532,2.019850492477417,68100
0.0,2.032319735696584,2.007383108139038,2.007383108139038,61800
0.0,2.0323185701713737,1.9949139356613161,1.994913935661316,78300
0.0,2.0821919441223145,1.9575099763334318,2.0821919441223145,100200
0.0,2.094660180118966,2.0323191984546454,2.0697238445281982,175800
0.0,2.094660255051128,2.0697239185683136,2.0821919441223145,82500
0.0,2.1320642335512856,2.0697232692156295,2.1071279048919678,108600
0.0,2.144533609404326,2.1071289550855,2.1320652961730957,128400
0.0,2.202547478755126,2.1270315684900396,2.177375316619873,166200
0.0,2.1647894382476807,2.1396172771051667,2.1647894382476807,66000
0.0,2.1396188735961914,2.1018608917793733,2.1396188735961914,469500
0.0,2.13961756277331,2.114445686340332,2.114445686340332,76500
0.0,2.127031768592003,2.1018596040886615,2.114445686340332,89100
0.0,2.114445686340332,2.089273809907354,2.114445686340332,132300
0.0,2.101859690270265,2.076687812805176,2.076687812805176,9900
0.0,2.051514583231067,2.0137566478836866,2.038928508758545,111600
0.0,2.038929049003307,1.9759992361068726,1.9759992361068726,74100
0.0,1.9885850258440025,1.9508270804920893,1.9759992361068726,74100
0.0,2.00117057791123,1.9634126424789429,1.9634126424789429,91800
0.0,1.950827476057384,1.913069523049368,1.9256556034088135,153300
0.0,1.9634125402557243,1.8878966733228117,1.9130685329437256,73200
0.0,2.00117057791123,1.9256547070466556,1.9634126424789429,104400
0.0,2.0137581495931407,1.9508280183721547,2.0011720657348633,105900
0.0,2.064101750966129,1.9885858297348022,1.9885858297348022,172200
0.0,2.026344218428009,1.9885862498357454,2.013758420944214,89100
0.0,2.0137581495931407,1.988585981876586,2.0011720657348633,135300
0.0,2.0515163895364776,1.9885862498357454,2.013758420944214,77100
0.0,2.0011719126301495,1.9634139520144862,1.9885858297348022,85800
0.0,2.001171103651394,1.9508270804920893,1.9759992361068726,70500
0.0,2.0011720657348633,1.963414102230432,2.0011720657348633,40200
0.0,2.0137579955254967,1.9760000349098334,1.9885858297348022,236100
0.0,2.038928508758545,1.975998712536306,2.038928508758545,107400
0.0,2.0892733784826603,2.0137574767070254,2.064101219177246,87000
0.0,2.1018598079681396,2.064101845620985,2.1018598079681396,109500
0.0,2.152204963558644,2.1018608917793733,2.1396188735961914,64500
0.0,2.1396176505030864,2.076687812805176,2.076687812805176,118800
0.0,2.10185956968411,2.038929735596558,2.051515817642212,150900
0.0,2.051514583231067,1.975998712536306,2.038928508758545,149400
0.0,2.051515817642212,2.001171777529955,2.051515817642212,107700
0.0,2.076687833861476,1.9885858297348022,1.9885858297348022,185100
0.0,1.9885845034104057,1.9508265679781185,1.9634126424789429,129000
0.0,2.001171103651394,1.963413158299481,1.9759992361068726,164700
0.0,1.9885845034104057,1.9508265679781185,1.9634126424789429,73200
0.0,2.038928407188637,1.8753105994772694,1.9130685329437256,145500
0.0,1.9130692782736947,1.8375533819198608,1.8375533819198608,241200
0.0,1.9004836082458496,1.8375534985757231,1.9004836082458496,151500
0.0,1.9004834875949113,1.8249675912410774,1.8375533819198608,187500
0.0,1.812381576297591,1.7368656772851914,1.749451756477356,269400
0.0,1.8123805072693995,1.7746225800346203,1.7997944355010986,291000
0.0,1.9130694788445541,1.8375535745734493,1.8627257347106934,156300
0.0,1.8753116130828857,1.8123817859819547,1.8753116130828857,104400
0.0,1.8878976067776236,1.7997956224378968,1.8627257347106934,183600
0.0,1.8753123424645302,1.8249685764312744,1.8249685764312744,100200
0.0,1.8501391410827637,1.824967276003008,1.8501391410827637,186300
0.0,1.8753113300967779,1.8249675912410774,1.8375533819198608,65400
0.0,1.8753116130828857,1.8249678666302716,1.8753116130828857,27600
0.0,1.9130699659780839,1.8501401257514953,1.8878980875015259,147300
0.0,1.91306956695751,1.8753116130828857,1.8753116130828857,52200
0.0,1.9004845135515969,1.8249685764312744,1.8249685764312744,57600
0.0,1.9004836082458496,1.8123816275498534,1.9004836082458496,112800
0.0,1.9004836082458496,1.8501395781238088,1.9004836082458496,31800
0.0,1.9004841707749984,1.8501401257514953,1.8878980875015259,66300
0.0,1.862726327338331,1.762038230895996,1.762038230895996,274800
0.0,1.7872094715536886,1.686521427364301,1.7746233940124512,124800
0.0,1.7746243149688894,1.711694470745234,1.762038230895996,90300
0.0,1.8123813385659076,1.7494515270002322,1.7746233940124512,71100
0.0,1.7872101579536834,1.724280034148666,1.7368661165237427,84300
0.0,1.762037134942978,1.7116934061050415,1.7116934061050415,105600
0.0,1.7620375475992267,1.711693806971156,1.749451756477356,24900
0.0,1.7698246394495318,1.7188943396515377,1.7316269874572754,169500
0.0,1.7443593438380562,1.6934293354650192,1.7316269874572754,47100
0.0,1.782556761473959,1.7061614675332906,1.757091760635376,126600
0.0,1.8207550970250608,1.7570924251399282,1.8080227375030518,112800
0.0,1.846220398919137,1.7825574356089753,1.8080227375030518,50700
0.0,1.846220398919137,1.8080227375030518,1.8080227375030518,70200
0.0,1.833487279686837,1.7698246240615845,1.7698246240615845,149400
0.0,1.7952894076057102,1.757091760635376,1.757091760635376,79800
0.0,1.782556904880365,1.7443592548370361,1.7443592548370361,30300
0.0,1.8080221991925458,1.731626899105888,1.7443592548370361,70500
0.0,1.858952283859253,1.769824624258951,1.858952283859253,122100
0.0,1.9353482723236084,1.8589529419499784,1.9353482723236084,34500
0.0,1.9608143568038943,1.8971513618820628,1.960814356803894,106500
0.0,1.9862782010123077,1.9480805433005324,1.9735455513000488,51600
0.0,1.999010682106018,1.9608130276162532,1.999010682106018,41100
0.0,1.986278589714381,1.9353482723236084,1.9353482723236084,50400
0.0,1.9735465137964638,1.9353488374557248,1.9480814933776855,17400
0.0,1.9735455513000488,1.960813193012791,1.9735455513000488,74700
0.0,1.9990120371869233,1.9608143568038943,1.960814356803894,35100
0.0,1.986278589714381,1.9353482723236084,1.9353482723236084,40200
0.0,1.9735455513000488,1.9353478935882737,1.9735455513000488,26100
0.0,1.9480809245275659,1.9226159115447086,1.9353482723236084,69300
0.0,1.9735459375104234,1.9353482723236084,1.9353482723236084,33300
0.0,1.9608141900957161,1.9098838567733765,1.9098838567733765,46800
0.0,1.9608135767315236,1.9098832593407509,1.9353482723236084,111600
0.0,1.9480802944344884,1.9226152896881106,1.9226152896881104,73500
0.0,2.0244758587240828,1.9353478935882737,1.9735455513000488,75900
0.0,2.0499409666881157,1.9735456475391793,2.0117433071136475,144600
0.0,2.0499409666881157,2.0117433071136475,2.0117433071136475,64200
0.0,1.9862786531448364,1.9608136393487712,1.9862786531448364,36600
0.0,2.037208336595783,1.999010682106018,1.999010682106018,40500
0.0,2.0117430393192888,1.973545384829524,1.999010682106018,447300
0.0,1.9862793799175225,1.9480816995344932,1.960814356803894,74700
0.0,1.9862782010123077,1.960813193012791,1.9735455513000488,37500
0.0,1.9862786531448364,1.9608136393487712,1.9862786531448364,73500
0.0,1.9990120371869233,1.935349042265092,1.960814356803894,57300
0.0,2.0881388187326593,1.9862784809536405,2.062673807144165,53400
0.0,2.1263364285186173,2.049941104243397,2.1136040687561035,132600
0.0,2.164534724718547,2.1136046878993664,2.1263370513916016,172200
0.0,2.228196620941162,2.126336014141295,2.228196620941162,410400
0.0,2.189999248092678,2.1518015884830675,2.1772665977478027,73800
0.0,2.2281969077022885,2.1645339474029273,2.1772665977478027,139200
0.0,2.1900006004573993,2.1390702590525126,2.1645352840423584,63900
0.0,2.1772661129080815,2.139068461804431,2.151801109313965,24000
0.0,2.1772661129080815,2.1263358142948974,2.151801109313965,53700
0.0,2.2663941847117632,2.164533581998335,2.240928888320923,196800
0.0,2.240930328567974,2.1772676295247573,2.2154653072357178,133500
0.0,2.253661536516343,2.215463883355049,2.240928888320923,385800
0.0,2.253661536516343,2.215463883355049,2.240928888320923,30900
0.0,2.2918593883514404,2.2663943811780882,2.2918593883514404,82800
0.0,2.3300570448239646,2.2918593883514404,2.2918593883514404,127200
0.0,2.317324056601824,2.2791264057159424,2.2791264057159424,204900
0.0,2.317323835829054,2.202730894088745,2.202730894088745,42900
0.0,2.2918593883514404,2.164533769634697,2.2918593883514404,98700
0.0,2.330057381843551,2.2918597198461157,2.3045923709869385,59700
0.0,2.380986620234827,2.3045913307238153,2.317323684692383,307800
0.0,2.330056330085852,2.279126039936877,2.317323684692383,30600
0.0,2.342789689550708,2.2663943767547607,2.2663943767547607,72300
0.0,2.2918588348061815,2.202730894088745,2.202730894088745,15900
0.0,2.26639428127576,2.2154639777490646,2.253661632537842,98700
0.0,2.3300570448239646,2.2663943811780882,2.2918593883514404,103200
0.0,2.304591700589829,2.2536614022670043,2.2791264057159424,100800
0.0,2.2791266385887003,2.2281966264869832,2.253661632537842,40500
0.0,2.2791267346040915,2.240929078206118,2.2663943767547607,86100
0.0,2.2900679111480713,2.251471262614503,2.2900679111480713,37500
0.0,2.328665256500244,2.238606284816751,2.328665256500244,110100
0.0,2.3286651539539767,2.2386061862363653,2.277202844619751,190500
0.0,2.277203760245997,2.1871447563171387,2.1871447563171387,16200
0.0,2.2128752357085637,2.1356819169567434,2.20000958442688,97800
0.0,2.225740592521106,2.1742785763326538,2.20000958442688,242700
0.0,2.2128758681256757,2.148547887802124,2.148547887802124,51900
0.0,2.174279197719235,2.122816872354239,2.148547887802124,93000
0.0,2.148547724122863,2.0584890296814446,2.071354389190674,80700
0.0,2.097085585851784,2.058488920434077,2.0842199325561523,134100
0.0,2.109951073954914,2.07135440617239,2.09708571434021,103500
0.0,2.1614135427606795,2.0970858569063537,2.148547887802124,57300
0.0,2.2514710099307695,2.200008719505298,2.2257397174835205,347400
0.0,2.264336347579956,2.225739703618542,2.264336347579956,174900
0.0,2.392991883787903,2.2900675998458384,2.3801262378692627,247500
0.0,2.3929911662925956,2.34152889251709,2.34152889251709,399600
0.0,2.354395281646264,2.2386053497620213,2.264336347579956,212400
0.0,2.2386072618620734,2.1614139080047607,2.1614139080047607,107100
0.0,2.20000958442688,2.1614129250509695,2.20000958442688,33300
0.0,2.200010584933417,2.1614139080047607,2.1614139080047607,88800
0.0,2.2514728247919704,2.1871448362895407,2.238607168197632,237600
0.0,2.3672618123373623,2.2514718371872053,2.277202844619751,122400
0.0,2.3029338520522966,2.2514718371872053,2.277202844619751,97500
0.0,2.264336154793572,2.2257395141182896,2.2514708042144775,57600
0.0,2.264336154793572,2.2386051591663834,2.2514708042144775,44400
0.0,2.277201565378696,2.212873935699463,2.212873935699463,78300
0.0,2.264336154793572,2.2386051591663834,2.2514708042144775,83100
0.0,2.2386049286773626,2.174277298998129,2.212873935699463,109500
0.0,2.2257414302196135,2.1742793946624825,2.1871447563171387,64500
0.0,2.2514708042144775,2.1742775228639126,2.2514708042144775,81900
0.0,2.367262125015259,2.2386064819208857,2.367262125015259,48900
0.0,2.431588753500949,2.3672611068556852,2.4187231063842773,77400
0.0,2.4573202636909417,2.380126953894691,2.4444549083709717,140400
0.0,2.470185400381916,2.38012645950331,2.4187231063842773,133200
0.0,2.470186233520508,2.40585856517896,2.470186233520508,109800
0.0,2.521648494055846,2.4058585166931152,2.4058585166931152,115500
0.0,2.5087835788726807,2.4315902379842904,2.5087835788726807,68400
0.0,2.7532291412353516,2.5473801426618294,2.7532291412353516,438900
0.0,2.8304212999568863,2.676034688949585,2.676034688949585,234000
0.0,2.714631772968794,2.6374384552016163,2.6889004707336426,57000
0.0,2.7146322908655782,2.6503043174743652,2.6503043174743652,122100
0.0,2.676035306016997,2.598841982713325,2.624572992324829,243900
0.0,2.6374386443651607,2.5859763306729935,2.624572992324829,220200
0.0,2.6245723827558387,2.5988413791204783,2.6117067337036133,58200
0.0,2.585975408554077,2.521647760228984,2.585975408554077,61800
0.0,2.5731103689357027,2.5345137119293213,2.5345137119293213,154200
0.0,2.56024432182312,2.4959163811971883,2.56024432182312,178200
0.0,2.598841161134759,2.5473788637115042,2.5731098651885986,195300
0.0,2.6117055855913134,2.573108949870905,2.5988402366638184,69600
0.0,2.560244062262867,2.4959161281585693,2.4959161281585693,214200
0.0,2.5087817738732316,2.4444541342379487,2.4959161281585693,108000
0.0,2.4701859134800195,2.431589258581894,2.4444549083709717,59100
0.0,2.4573208880991286,2.392993211746216,2.392993211746216,88800
0.0,2.4315884113311768,2.3543951284317743,2.4315884113311768,42000
0.0,2.4315884113311768,2.405857415187711,2.4315884113311768,16800
0.0,2.470185052780878,2.4187227660249415,2.4315884113311768,43500
0.0,2.4701859134800195,2.418723608792816,2.4444549083709717,60600
0.0,2.4573202636909417,2.4444549083709717,2.4444549083709717,67200
0.0,2.4573195244430663,2.3801262378692627,2.3801262378692627,192300
0.0,2.392991883787903,2.341529594582361,2.3801262378692627,60300
0.0,2.418723769082821,2.354396104812622,2.354396104812622,31200
0.0,2.405856808353705,2.34152889251709,2.34152889251709,104700
0.0,2.392992762268567,2.354396104812622,2.354396104812622,78000
0.0,2.3913071155548096,2.3523184142004387,2.3913071155548096,109800
0.0,2.469284405367083,2.4043030411073105,2.430295705795288,118500
0.0,2.560258626937866,2.456288828585042,2.560258626937866,299100
0.0,2.5732531404299843,2.4952757725381667,2.521268129348755,243000
0.0,2.521267851381481,2.469283143491566,2.4952754974365234,58200
0.0,2.4952754974365234,2.4562868177890778,2.4952754974365234,52800
0.0,2.495275387400498,2.4692830346017445,2.482279062271118,131400
0.0,2.495275387400498,2.482279062271118,2.482279062271118,195000
0.0,2.4952762074278247,2.430295155346093,2.443291187286377,109800
0.0,2.3913065013995642,2.3263251508578744,2.3523178100585938,90000
0.0,2.3133287663097764,2.2353513955067505,2.2873361110687256,54000
0.0,2.300332887419339,2.2613441944122314,2.2613441944122314,65700
0.0,2.3523178100585938,2.261344097776293,2.3523178100585938,127200
0.0,2.3913071155548096,2.3263257483240682,2.3913071155548096,45900
0.0,2.443290913805457,2.365313541051452,2.4172985553741455,12300
0.0,2.417299483970995,2.3783107826166243,2.3913071155548096,50400
0.0,2.4043025335398154,2.3523178100585938,2.3523178100585938,98400
0.0,2.4302948833198363,2.365313541051452,2.4172985553741455,91200
0.0,2.430295497929272,2.3783104704598284,2.4043028354644775,244800
0.0,2.4043031855567976,2.365314483642578,2.365314483642578,316800
0.0,2.3913071155548096,2.365314449678439,2.3913071155548096,25800
0.0,2.391307149892184,2.3523184479779644,2.365314483642578,47400
0.0,2.3783101717992046,2.3263251508578744,2.3523178100585938,49500
0.0,2.4432912248807863,2.339321480458234,2.3523178100585938,36900
0.0,2.3523178100585938,2.3003327891172636,2.3523178100585938,71400
0.0,2.3783102734335535,2.2613441944122314,2.2613441944122314,49200
0.0,2.274341980428614,2.18336820602417,2.18336820602417,115800
0.0,2.1573751339683347,2.0793977230714096,2.131382465362549,261600
0.0,2.170370548970624,2.1313818546929477,2.144378185272217,68100
0.0,2.1703701744771604,2.092392799376663,2.157374143600464,35100
0.0,2.144379120487184,2.092394072958317,2.118386745452881,45600
0.0,2.144379120487184,2.079398034171296,2.118386745452881,230700
0.0,2.144378185272217,2.092393160415271,2.144378185272217,33000
0.0,2.1183859283370245,2.0534045696258545,2.0534045696258545,33300
0.0,2.131382465362549,2.0664013887685164,2.131382465362549,101100
0.0,2.1313814772905366,2.0793967590986235,2.10538911819458,130800
0.0,2.1833664929425276,2.10538911819458,2.10538911819458,94500
0.0,2.1053893247657145,2.053404304013192,2.079396963119507,48000
0.0,2.0923932658684983,2.0534045696258545,2.0534045696258545,93600
0.0,2.079397232094381,2.0534045696258545,2.0534045696258545,42900
0.0,2.092392995212557,2.053404304013192,2.079396963119507,83100
0.0,2.18336820602417,2.0664020521300177,2.18336820602417,615900
0.0,2.22235557382757,2.144378185272217,2.144378185272217,57000
0.0,2.1833668795498933,2.1183858215738094,2.144378185272217,230400
0.0,2.105390210140546,2.066401502545351,2.0923938751220703,71100
0.0,2.183367625330937,2.0923938751220703,2.0923938751220703,297000
0.0,2.2093605855138776,2.0923944316197254,2.18336820602417,202200
0.0,2.183366669677308,2.131381649817338,2.17037034034729,111000
0.0,2.1703714955214872,2.092394072958317,2.118386745452881,95100
0.0,2.1313827842399022,2.0664016979240136,2.118386745452881,312300
0.0,2.1443778055685536,2.0923927899165626,2.10538911819458,231600
0.0,2.1703714955214872,2.079398034171296,2.118386745452881,59100
0.0,2.17037034034729,2.118385617947422,2.17037034034729,106200
0.0,2.17037016466451,2.10538911819458,2.10538911819458,134100
0.0,2.209360122680664,2.1053903290418883,2.209360122680664,711000
0.0,2.248347043991089,2.209358365208238,2.248347043991089,66000
0.0,2.3263247964702383,2.2223550678862254,2.2873361110687256,152700
0.0,2.3133287663097764,2.248347425667213,2.2873361110687256,146700
0.0,2.287337128963095,2.183367354111198,2.196363687515259,86100
0.0,2.183367505113904,2.131382465362549,2.131382465362549,109500
0.0,2.157374133846571,2.10538911819458,2.10538911819458,168600
0.0,2.144378185272217,2.0793971272961325,2.144378185272217,168000
0.0,2.131381686411922,2.0664006335663494,2.079396963119507,234900
0.0,2.090440794321981,2.0378509884975444,2.064146041870117,428700
0.0,2.090442180633545,2.0509998753385723,2.090442180633545,89100
0.0,2.1167373657226562,2.077295052691048,2.1167373657226562,489900
0.0,2.235064159874111,2.143032302715913,2.1824746131896973,274500
0.0,2.261359584872261,2.182474951689752,2.2350645065307617,25200
0.0,2.3139474391937256,2.2613579230007415,2.3139474391937256,101400
0.0,2.4454224676496064,2.3928326368555677,2.4191277027130127,122100
0.0,2.405979684714652,2.366537394801297,2.3796849250793457,34500
0.0,2.3928321544366034,2.3796849250793457,2.3796849250793457,7800
0.0,2.4454211019983174,2.3402418000687253,2.353389024734497,195300
0.0,2.4191277027130127,2.313948041124935,2.4191277027130127,110100
0.0,2.3928325176239014,2.3533902217239424,2.3928325176239014,25200
0.0,2.4191275821710985,2.3796852862711395,2.3928325176239014,22200
0.0,2.419126395407394,2.3139467906587967,2.327094316482544,117600
0.0,2.4191277027130127,2.313948041124935,2.4191277027130127,412200
0.0,2.366537094116211,2.313947280606711,2.366537094116211,195900
0.0,2.366537256307483,2.3139474391937256,2.3139474391937256,269400
0.0,2.3533890672093487,2.300799565755739,2.327094316482544,502200
0.0,2.3533893343017542,2.261357545852661,2.261357545852661,57000
0.0,2.261357545852661,2.2219152648257006,2.261357545852661,42900
0.0,2.2876522995637276,2.235062491220872,2.261357545852661,19200
0.0,2.2876522995637276,2.235062491220872,2.261357545852661,40200
0.0,2.3139473129382586,2.235062742032173,2.300800085067749,67500
0.0,2.327094316482544,2.274504514108245,2.327094316482544,43200
0.0,2.3796849250793457,2.3008003452526355,2.3796849250793457,152700
0.0,2.3928313005731794,2.3402418000687253,2.353389024734497,70800
0.0,2.327094968702358,2.2613579230007415,2.3139474391937256,146700
0.0,2.3139470532747937,2.261357545852661,2.261357545852661,395400
0.0,2.300800980103304,2.248211145401001,2.2876534461975098,22200
0.0,2.3139474391937256,2.2482103934921085,2.3139474391937256,242100
0.0,2.3139470532747937,2.261357545852661,2.261357545852661,31200
0.0,2.2350645065307617,2.208769729110257,2.2350645065307617,19500
0.0,2.2613581996810943,2.2087683761328982,2.2482106685638428,207600
0.0,2.195621556475864,2.1298844814300537,2.1298844814300537,105900
0.0,2.208769386531904,2.1167372284527586,2.1824746131896973,156900
0.0,2.20876927300287,2.156179428100586,2.156179428100586,89700
0.0,2.221917577699027,2.1693277146135057,2.2087700366973877,114300
0.0,2.313949461947394,2.195622495695748,2.2087700366973877,935400
0.0,2.2087687822544138,2.024704817373501,2.07729434967041,227700
0.0,2.1298845437820173,2.0641474668117668,2.1035897731781006,164700
0.0,2.1167361529016597,2.0247043425064537,2.037851572036743,83700
0.0,2.077293267635695,2.0509985151838306,2.064146041870117,224700
0.0,2.0772944083091716,2.050999641418457,2.050999641418457,48300
0.0,2.050999641418457,2.0247048745277425,2.050999641418457,290100
0.0,2.0509991024878276,2.0247043425064537,2.037851572036743,624900
0.0,2.037850875683398,1.972113847732544,1.972113847732544,605400
0.0,2.024704211228188,1.945819635478009,1.9984091520309448,437400
0.0,2.10358941673973,2.011557283838841,2.07729434967041,148800
0.0,2.1035883210082678,2.0378509884975444,2.064146041870117,41100
0.0,2.064146930672495,2.011557102203369,2.011557102203369,84600
0.0,2.050999641418457,1.998409806716154,2.050999641418457,317400
0.0,2.090442180633545,2.0247051054488936,2.090442180633545,18900
0.0,2.1035897160388384,2.064147410743866,2.090442180633545,348000
0.0,2.064146041870117,2.0247037627319666,2.064146041870117,95700
0.0,2.090440794321981,2.01155623604568,2.064146041870117,76200
0.0,2.090442180633545,2.0247051054488936,2.090442180633545,83100
0.0,2.064146632938912,2.0247043425064537,2.037851572036743,42000
0.0,2.0509991024878276,2.0115568120553693,2.037851572036743,51300
0.0,2.0641471753242513,2.0378521075126628,2.050999641418457,81000
0.0,2.0378526464656455,2.0115578726207253,2.024705410003662,605100
0.0,2.0378526464656455,2.0115578726207253,2.024705410003662,64200
0.0,2.0641477212315196,2.0115578726207253,2.024705410003662,306900
0.0,2.0491905212402344,2.009271227349581,2.0491905212402344,371400
0.0,2.0891080361816914,2.049188776283696,2.062494993209839,254100
0.0,2.0891080361816914,2.062494993209839,2.062494993209839,260400
0.0,2.1157213716613854,2.0758021004979628,2.102414846420288,272400
0.0,2.182254224500918,2.089109425820504,2.1423349380493164,360600
0.0,2.1955602077502756,2.142334404224238,2.168947458267212,127800
0.0,2.2620922431686763,2.182253689826724,2.1955602169036865,419400
0.0,2.315316577991489,2.2354780753021273,2.3020100593566895,190800
0.0,2.3153183460235596,2.2753990641955673,2.3153183460235596,96900
0.0,2.328624725341797,2.3020116694581647,2.328624725341797,243900
0.0,2.3153193848473683,2.235480785369873,2.235480785369873,238200
0.0,2.2753983724365066,2.1556405633609006,2.2088663578033447,88800
0.0,2.2088668935413236,2.182253837585449,2.182253837585449,65100
0.0,2.222172737121582,2.1689472434275725,2.222172737121582,98400
0.0,2.1955602169036865,2.168947467309673,2.1955602169036865,22800
0.0,2.1955603655633866,2.1423345582115694,2.182253837585449,102300
0.0,2.182253388747133,2.062495575256866,2.102414846420288,104700
0.0,2.129027249285497,2.075801469071432,2.0891079902648926,105000
0.0,2.1290278969024823,2.08910862573906,2.102414846420288,109800
0.0,2.2088663578033447,2.089108548727739,2.2088663578033447,275400
0.0,2.2487857885284663,2.1955599902745773,2.222172737121582,114300
0.0,2.2754000851086205,2.195561485631125,2.235480785369873,176100
0.0,2.288705587387085,2.222173248130052,2.288705587387085,83700
0.0,2.3419302655761784,2.2620917303342654,2.2753982543945312,229500
0.0,2.2753991194511465,2.155641271058981,2.2620925903320312,121200
0.0,2.2887050610789132,2.2088665159780194,2.222172737121582,144900
0.0,2.288705648570262,2.1955605538563696,2.2620925903320312,109500
0.0,2.288705587387085,2.2487863056568447,2.288705587387085,76500
0.0,2.328624725341797,2.262092390192648,2.328624725341797,96000
0.0,2.368544214165039,2.2487863657728737,2.2620925903320312,165300
0.0,2.3153193848473683,2.235480785369873,2.235480785369873,237300
0.0,2.2620935503423425,2.2221742506035946,2.235480785369873,58500
0.0,2.2754000851086205,2.235480785369873,2.235480785369873,138000
0.0,2.2753979979002463,2.2487852573394775,2.2487852573394775,24000
0.0,2.235479262825024,2.1955599902745773,2.222172737121582,93300
0.0,2.2754000851086205,2.2221742506035946,2.235480785369873,92100
0.0,2.2487852573394775,2.222172212218901,2.2487852573394775,74700
0.0,2.2620935503423425,2.235480785369873,2.235480785369873,40800
0.0,2.248787320136151,2.2221742506035946,2.235480785369873,78900
0.0,2.2620922431686763,2.1955602169036865,2.1955602169036865,69900
0.0,2.2221729664977,2.182253689826724,2.1955602169036865,104700
0.0,2.208866734771762,2.168947458267212,2.168947458267212,248700
0.0,2.208866383798669,2.129027843475342,2.129027843475342,267300
0.0,2.1689471136370053,2.1157213185681667,2.129027843475342,175800
0.0,2.1689471136370053,2.129027843475342,2.129027843475342,205200
0.0,2.168948484971276,2.11572265625,2.11572265625,234300
0.0,2.1423354183306107,2.11572265625,2.11572265625,171000
0.0,2.1822536807287887,2.1290281817626613,2.168947458267212,128100
0.0,2.2487852573394775,2.155640208537075,2.2487852573394775,97500
0.0,2.288705587387085,2.222173248130052,2.288705587387085,77700
0.0,2.3552355766296387,2.3020098123610513,2.3552355766296387,112200
0.0,2.341930001582072,2.2487852573394775,2.2487852573394775,113700
0.0,2.3286248691173252,2.2620925298602916,2.288705587387085,153000
0.0,2.3286248691173252,2.288705587387085,2.288705587387085,39600
0.0,2.3020118731294197,2.2620925903320312,2.2620925903320312,147900
0.0,2.262092009672029,2.182253464571135,2.222172737121582,216900
0.0,2.248787320136151,2.1556421858923773,2.235480785369873,645900
0.0,2.328624725341797,2.19556035960343,2.328624725341797,68700
0.0,2.315317522015488,2.2753982543945312,2.2753982543945312,204900
0.0,2.3286240460757544,2.2620917303342654,2.2753982543945312,134100
0.0,2.3153183403539286,2.235479776893448,2.288705587387085,113400
0.0,2.328624725341797,2.275398918134464,2.328624725341797,88800
0.0,2.328624874819541,2.2753990641955673,2.3153183460235596,408300
0.0,2.3938596653378754,2.326616213983593,2.353513717651367,360000
0.0,2.407307589138042,2.3535132090577515,2.3938591480255127,184200
0.0,2.3938582228713163,2.3669607354111544,2.3804094791412354,111000
0.0,2.3804107836739385,2.2593729472159416,2.2862701416015625,88500
0.0,2.272823379579027,2.2190286431993758,2.2593746185302734,323700
0.0,2.2593746185302734,2.205579882150622,2.2593746185302734,37200
0.0,2.2997186183929443,2.2055779875496038,2.2997186183929443,79800
0.0,2.299720593861171,2.2324774042481295,2.2593746185302734,150600
0.0,2.259372988614169,2.2055782910421176,2.219027042388916,106200
0.0,2.2459242372673707,2.2055782910421176,2.219027042388916,33900
0.0,2.232475796665779,2.165232347658675,2.1921298503875732,34800
0.0,2.232475757598877,2.1786810608975946,2.232475757598877,67200
0.0,2.232475757598877,2.1921298120266997,2.232475757598877,72300
0.0,2.24592382061132,2.165231943130493,2.165231943130493,108300
0.0,2.1248860341835587,2.0979888439178467,2.0979888439178467,83100
0.0,2.1921298867652395,2.0979892412821455,2.1786811351776123,95700
0.0,2.1652314273350517,2.151782989501953,2.151782989501953,49200
0.0,2.1786811351776123,2.1517839398175056,2.1786811351776123,41100
0.0,2.1652314273350517,2.1383342438538433,2.151782989501953,75600
0.0,2.2055782939368807,2.1921298503875732,2.1921298503875732,44400
0.0,2.2055773564643695,2.151782989501953,2.151782989501953,63600
0.0,2.2055779145973244,2.0979888456315074,2.1248860359191895,115800
0.0,2.1921298503875732,2.111437957831161,2.1921298503875732,16200
0.0,2.165231943130493,2.1248860043900795,2.165231943130493,36600
0.0,2.13833402459532,2.1114368438720703,2.1114368438720703,25500
0.0,2.0845410529974573,2.0710926055908203,2.0710926055908203,185100
0.0,2.0845396365722806,2.017296521784472,2.030745267868042,367200
0.0,2.0172972679138184,1.9231566261394617,2.0172972679138184,144900
0.0,2.0576432132720948,1.976951322555542,2.0172972679138184,57600
0.0,2.017297149423798,1.9769512064353219,1.990399956703186,39900
0.0,2.0038474680413856,1.9500531075964318,1.9769502878189087,60300
0.0,2.0038474680413856,1.9500531075964318,1.9769502878189087,33900
0.0,2.0576422510093013,1.9903991427970007,2.0441935062408447,45300
0.0,2.0845396443214934,2.0441937137358193,2.0576424598693848,64500
0.0,2.0576432132720948,2.0038485168560145,2.0172972679138184,29700
0.0,2.044194742002856,1.9904003460390816,2.0038487911224365,53400
0.0,1.9635018110275269,1.936604627144415,1.9635018110275269,116400
0.0,2.0038483991559333,1.9366052634468458,1.990399956703186,63900
0.0,2.030745267868042,1.9769505913487824,2.030745267868042,74700
0.0,2.0979888439178467,1.9769510259995093,2.0979888439178467,145200
0.0,2.0845398902893066,2.01729676731709,2.0845398902893066,141900
0.0,2.0710911983037317,2.017296521784472,2.030745267868042,105300
0.0,2.0845410529974573,2.003849137296714,2.0710926055908203,276600
0.0,2.0710912060029503,2.0576424598693848,2.0576424598693848,67500
0.0,2.0710909957777575,2.030745069287379,2.0441935062408447,79500
0.0,2.0576422510093013,2.017296324518923,2.0441935062408447,93300
0.0,2.0307460189716218,2.0172972679138184,2.0172972679138184,19800
0.0,2.030745899691662,1.990399956703186,1.990399956703186,131400
0.0,2.0307460189716218,1.9904000736133456,2.0172972679138184,149100
0.0,2.017297544020969,2.0038487911224365,2.0038487911224365,77700
0.0,2.0307460189716218,1.9904000736133456,2.0172972679138184,189600
0.0,2.0710926055908203,2.0172978925185814,2.0710926055908203,317100
0.0,2.0710926055908203,2.044195095147086,2.0710926055908203,287700
0.0,2.0710926055908203,2.044195095147086,2.0710926055908203,132900
0.0,2.0979888439178467,2.0710916536521347,2.0979888439178467,194100
0.0,2.097989808219325,2.057643850368953,2.0710926055908203,45900
0.0,2.097989808219325,2.057643850368953,2.0710926055908203,55200
0.0,2.0845410529974573,2.057643850368953,2.0710926055908203,207300
0.0,2.097988390455059,2.0576424598693848,2.0576424598693848,188100
0.0,2.0710912060029503,2.0576424598693848,2.0576424598693848,59100
0.0,2.071091964329898,2.0172972679138184,2.0172972679138184,374700
0.0,2.0710926055908203,2.003849137296714,2.0710926055908203,91800
0.0,2.0576422510093013,2.0441935062408447,2.0441935062408447,276600
0.0,2.1517835340219604,2.084540096580122,2.1248860359191895,196200
0.0,2.2190268388737393,2.1517837039371486,2.205578088760376,129300
0.0,2.1921298867652395,2.138335188229879,2.1786811351776123,75600
0.0,2.1517835340219604,2.1248860359191895,2.1248860359191895,36300
0.0,2.138334784970575,2.0979888456315074,2.1248860359191895,119700
0.0,2.1786811351776123,2.124886436642252,2.1786811351776123,186300
0.0,2.2059130668640137,2.178679676098909,2.2059130668640137,260400
0.0,2.205913200543232,2.1514461040496826,2.1514461040496826,371100
0.0,2.2331478595733643,2.165064184087157,2.2331478595733643,284400
0.0,2.2059117910772406,2.1105945110321045,2.1105945110321045,62700
0.0,2.178680658340454,2.083363280195557,2.178680658340454,108300
0.0,2.205912440310317,2.137828826904297,2.137828826904297,38400
0.0,2.165062956088728,2.137829563673269,2.1514461040496826,146400
0.0,2.1242130690929937,2.0833628177642822,2.0833628177642822,101400
0.0,2.124213738913908,2.0833634747040253,2.096980333328247,61500
0.0,2.1242130690929937,2.0833628177642822,2.0833628177642822,88800
0.0,2.124211873479584,2.0561282634735107,2.0561282634735107,109800
0.0,2.1105945110321045,2.056127761002683,2.1105945110321045,121200
0.0,2.0969775528266017,2.0697438716888428,2.0697438716888428,21300
0.0,2.124213738913908,2.0833634747040253,2.096980333328247,43200
0.0,2.1514461040496826,2.0969793192187645,2.1514461040496826,56100
0.0,2.1650622099342,2.137828826904297,2.137828826904297,32100
0.0,2.1650643348693848,2.1242140644001513,2.1650643348693848,15600
0.0,2.151444729385387,2.1105945110321045,2.1105945110321045,27900
0.0,2.1242130690929937,2.0833628177642822,2.0833628177642822,36900
0.0,2.124213738913908,2.096980333328247,2.096980333328247,36300
0.0,2.1650643348693848,2.0969806546416057,2.1650643348693848,26100
0.0,2.2195300525822774,2.1514461040496826,2.1514461040496826,63900
0.0,2.1922969818115234,2.151446725556261,2.1922969818115234,47100
0.0,2.2603811791324366,2.178680658340454,2.178680658340454,103200
0.0,2.2059146053386187,2.1650643348693848,2.1650643348693848,14700
0.0,2.2331464576291182,2.178679676098909,2.2059130668640137,466800
0.0,2.2739981271976504,2.192297591949078,2.2331478595733643,168600
0.0,2.2603805938275925,2.178680094191206,2.2195303440093994,195300
0.0,2.2467637400006373,2.2195303440093994,2.2195303440093994,99300
0.0,2.3420791625976562,2.2467618877161653,2.3420791625976562,357900
0.0,2.3965469587076895,2.2876131052045157,2.301229953765869,150600
0.0,2.328463124542825,2.287612894287688,2.3148462772369385,33000
0.0,2.3148470743076643,2.2467634376600545,2.2739968299865723,62700
0.0,2.2739971017888987,2.205913457003507,2.2467637062072754,45900
0.0,2.287614583969116,2.2467643235410963,2.287614583969116,39600
0.0,2.301230754755767,2.260380506515503,2.260380506515503,40200
0.0,2.246764719335729,2.2059144517114433,2.2331478595733643,35100
0.0,2.246763308842977,2.1922962156501553,2.2059130668640137,63000
0.0,2.2059140613835306,2.178680658340454,2.178680658340454,54600
0.0,2.192297204030616,2.178680658340454,2.178680658340454,11700
0.0,2.2195306937568464,2.178680437501584,2.1922969818115234,208500
0.0,2.2195306937568464,2.178680437501584,2.1922969818115234,177000
0.0,2.2195303440093994,2.2059134901824438,2.2195303440093994,42900
0.0,2.233146886173682,2.2195303440093994,2.2195303440093994,87900
0.0,2.2331478595733643,2.219531311473808,2.2331478595733643,15600
0.0,2.2739971017888987,2.23314685258513,2.2467637062072754,37800
0.0,2.30123184672238,2.219531311473808,2.2331478595733643,34800
0.0,2.2467637400006373,2.2195303440093994,2.2195303440093994,53700
0.0,2.260380506515503,2.2331467999135532,2.260380506515503,52500
0.0,2.2467637400006373,2.2195303440093994,2.2195303440093994,13500
0.0,2.260380950012109,2.1922969818115234,2.1922969818115234,21900
0.0,2.233147238066786,2.1922969818115234,2.1922969818115234,52200
0.0,2.246764719335729,2.219531311473808,2.2331478595733643,59100
0.0,2.287614583969116,2.2195309204766676,2.287614583969116,61200
0.0,2.301229953765869,2.26037971974436,2.301229953765869,48900
0.0,2.301229953765869,2.26037971974436,2.301229953765869,83100
0.0,2.3012314413327073,2.2603811809046874,2.287614583969116,120900
0.0,2.2603811791324366,2.178680658340454,2.178680658340454,325800
0.0,2.178679057280414,2.137828826904297,2.137828826904297,354300
0.0,2.1786811955800727,2.1242140644001513,2.1650643348693848,83700
0.0,2.165062956088728,2.137829563673269,2.1514461040496826,21000
0.0,2.1514453625879866,2.1105951322118695,2.137828826904297,126300
0.0,2.2195309187364454,2.1650638009875394,2.178680658340454,28800
0.0,2.151100663577809,2.1097333431243896,2.1097333431243896,162300
0.0,2.1373114443410572,2.082155227661133,2.082155227661133,159000
0.0,2.082155227661133,2.040787907347386,2.082155227661133,39900
0.0,2.082155227661133,2.068366015687348,2.082155227661133,50400
0.0,2.123522590685732,2.0683660572888254,2.0959441661834717,19500
0.0,2.1924679279327393,2.1097332891428247,2.1924679279327393,75900
0.0,2.206258140512676,2.1786797046661377,2.1786797046661377,46200
2.178678502126821,2.206256922751226,2.1511003971099854,2.1511003971099854,32100
2.17867871626522,2.1924679279327393,2.151100608537782,2.1924679279327393,71400
2.1373114443410572,2.192467976628589,2.082155227661133,2.082155227661133,23700
2.0683651261484606,2.0959432226279495,2.0407870296689716,2.0545759201049805,25200
2.068366015687348,2.082155227661133,2.054576803713563,2.082155227661133,39300
2.095944802446834,2.123523235321045,2.068366685180333,2.123523235321045,73200
2.1235225551447323,2.1373114515574665,2.1097333431243896,2.1097333431243896,33600
2.1097333784346017,2.1373114873292485,2.0821552695399554,2.0959441661834717,441000
2.1097333431243896,2.1235225551447323,2.082155234691313,2.1097333431243896,464400
2.0683651261484606,2.082154332191941,2.0545759201049805,2.0545759201049805,29700
2.0821552695399554,2.0959441661834717,2.0545768450376953,2.0959441661834717,57600
2.0959441661834717,2.1097333784346017,2.0821552695399554,2.0959441661834717,33300
2.0959441661834717,2.123522590685732,2.0821552695399554,2.0959441661834717,59700
2.1097340188839397,2.123523235321045,2.095944802446834,2.123523235321045,13200
2.1097333360010952,2.1373114443410572,2.082155227661133,2.082155227661133,63000
2.0959441240273105,2.0959441240273105,2.082155227661133,2.082155227661133,6300
2.082155227661133,2.0959441240273105,2.068366015687348,2.082155227661133,38100
2.0959441240273105,2.1097333360010952,2.082155227661133,2.082155227661133,12600
2.1097333431243896,2.1373114515574665,2.06836602267097,2.1097333431243896,460200
2.13731068308886,2.164889097213745,2.0959433775090273,2.164889097213745,150000
2.1648896074221877,2.1648896074221877,2.1511003971099854,2.1511003971099854,53100
2.137312136150441,2.137312136150441,2.123523235321045,2.123523235321045,49800
2.1511013525875464,2.1648905690246516,2.123523235321045,2.123523235321045,228000
2.123523235321045,2.137312136150441,2.095944802446834,2.123523235321045,40500
2.123522590685732,2.1373114873292485,2.0959441661834717,2.0959441661834717,13500
2.1097333784346017,2.123522590685732,2.0959441661834717,2.0959441661834717,69600
2.0821550229195056,2.095943917929799,2.0683658123016357,2.0683658123016357,165000
2.0683658123016357,2.0821550229195056,2.040787706673473,2.0683658123016357,69000
2.0683651261484606,2.0683651261484606,2.0545759201049805,2.0545759201049805,39900
2.054577791929674,2.0683670105358325,2.0407888889312744,2.0407888889312744,50400
2.0407870399263808,2.054575930431695,2.0132086277008057,2.0132086277008057,163800
1.999419927597046,1.999419927597046,1.999419927597046,1.999419927597046,116700
1.985631261739198,2.0132093685052683,1.958053154973128,1.9718420505523682,409200
1.9718420505523682,1.985631261739198,1.958053154973128,1.9718420505523682,18900
1.9580535063785143,1.9580535063785143,1.94426429271698,1.94426429271698,55800
1.9580533017991302,1.9718421984123407,1.930474877357483,1.930474877357483,98100
1.9442641378851802,1.9580533504486084,1.9304749253217521,1.9580533504486084,48600
1.9718415127452225,1.999419927597046,1.9442634135009023,1.999419927597046,747000
2.026997833813593,2.054575930431695,1.9994197371954912,2.0132086277008057,1059600
2.0132086277008057,2.0407870399263808,1.9856305310827036,2.0132086277008057,70200
2.068366015687348,2.0959441240273105,2.0269986953736012,2.082155227661133,232800
2.082155227661133,2.082155227661133,2.082155227661133,2.082155227661133,193800
2.0545759201049805,2.082154332191941,2.0269978236254915,2.0545759201049805,31200
2.0132100589735273,2.040788490805729,1.9856319427490234,1.9856319427490234,113400
2.0132086277008057,2.0407870399263808,1.9856305310827036,2.0132086277008057,440700
2.040787234267278,2.068365333511598,1.999419927597046,1.999419927597046,27000
2.026998496055603,2.0683658123016357,1.9856311798095703,2.0683658123016357,90000
2.0821550229195056,2.1235223391655382,2.040787706673473,2.0683658123016357,132000
2.040787234267278,2.08215454093751,1.999419927597046,1.999419927597046,87000
2.013402223587036,2.013402223587036,2.013402223587036,2.013402223587036,70200
2.02738356590271,2.041365307446243,1.9994194427725425,2.02738356590271,210000
1.9994201016145374,2.027384233959349,1.9574742231189761,1.9714562892913818,66000
1.9574742231189761,1.9714562892913818,1.9434924769682262,1.9714562892913818,93600
1.9714560440113957,1.9854381084442139,1.9574739795785776,1.9854381084442139,494400
1.9714560440113957,1.999419852855416,1.9574739795785776,1.9854381084442139,58500
1.9854367621551332,1.9994184970855713,1.971454707203296,1.9994184970855713,74700
2.0273819854812465,2.0413637161254883,1.999417884150161,2.0413637161254883,231300
2.0553476810455322,2.069329744733314,2.0273838736915684,2.0553476810455322,87600
2.0413656173577506,2.0553476810455322,2.0273838736915684,2.0553476810455322,37200
2.0413637161254883,2.0413637161254883,2.0273819854812465,2.0413637161254883,4800
2.0134015043376263,2.02738356590271,1.9994194427725425,2.02738356590271,60300
1.999419852855416,2.027383981721052,1.9574739795785776,1.9854381084442139,244200
1.9854384104888823,2.013402223587036,1.9574742773690634,2.013402223587036,53100
2.0413656173577506,2.0553476810455322,2.0134018100037867,2.0553476810455322,15300
2.0693297386169434,2.0833114822417995,2.0553476749704886,2.0693297386169434,62400
2.055345766791031,2.069327817456574,2.0273819854812465,2.0413637161254883,23400
2.0273819854812465,2.0413637161254883,1.999417884150161,2.0413637161254883,47100
2.0273842901469457,2.0273842901469457,2.013402223587036,2.013402223587036,56400
2.0413656173577506,2.0553476810455322,2.0134018100037867,2.0553476810455322,164700
2.0413656173577506,2.0553476810455322,2.0134018100037867,2.0553476810455322,19200
2.0413656173577506,2.0553476810455322,2.0273838736915684,2.0553476810455322,29100
2.0413637161254883,2.055345766791031,2.013399934815704,2.0413637161254883,7200
2.0273819854812465,2.0413637161254883,2.013399934815704,2.0413637161254883,10500
2.02738356590271,2.02738356590271,2.0134015043376263,2.02738356590271,87300
2.02738356590271,2.041365307446243,2.0134015043376263,2.02738356590271,340800
2.02738356590271,2.02738356590271,2.0134015043376263,2.02738356590271,408900
2.0134005520374085,2.0273826069892458,1.9994184970855713,1.9994184970855713,68100
1.9854381084442139,1.999419852855416,1.9714560440113957,1.9854381084442139,26700
1.9994201570271268,2.013402223587036,1.9854384104888823,2.013402223587036,30600
2.013399934815704,2.0413637161254883,1.9714541028403767,2.0413637161254883,79800
2.02738356590271,2.041365307446243,2.0134015043376263,2.02738356590271,575400
2.0693297386169434,2.0833114822417995,2.0413656113240344,2.0693297386169434,278700
2.0693295768195488,2.0833113193511963,2.0553475142663284,2.0833113193511963,34200
2.08331036708616,2.097292423248291,2.0553465747833255,2.097292423248291,122700
2.1252567723025204,2.1532208919525146,2.097292972674037,2.1532208919525146,112200
2.181184768676758,2.1951668289959625,2.1532209680598706,2.181184768676758,171900
2.237112599364688,2.2790584586026412,2.1951667401267345,2.2650763988494873,338100
2.2650764010447815,2.279058460811487,2.251094341278076,2.251094341278076,217200
2.334986443793501,2.348968505859375,2.3070226396833147,2.348968505859375,241500
2.334985651177576,2.3489677084972103,2.30702185655976,2.3210039138793945,38400
2.3210039138793945,2.334985651177576,2.2930397992401255,2.3210039138793945,234600
2.293040746884303,2.3070228099823,2.265076940709894,2.3070228099823,30000
2.2790584586026412,2.2930401983342863,2.2650763988494873,2.2650763988494873,114000
2.2650764010447815,2.279058460811487,2.251094341278076,2.251094341278076,58500
2.2650764010447815,2.279058460811487,2.251094341278076,2.251094341278076,111300
2.251094339096333,2.2650763988494873,2.237112599364688,2.2650763988494873,36600
2.265076803442154,2.2790588656928126,2.2371129989624023,2.2371129989624023,165300
2.279058298406291,2.2930400371551514,2.251094180865597,2.2930400371551514,36600
2.2930401983342863,2.321004317840595,2.2650763988494873,2.2650763988494873,219300
2.2650763988494873,2.2930401983342863,2.237112599364688,2.2650763988494873,72000
2.30702185655976,2.3210039138793945,2.2790580619419445,2.3210039138793945,253800
2.2930404360204064,2.2930404360204064,2.2790586948394775,2.2790586948394775,109800
2.2930400371551514,2.2930400371551514,2.279058298406291,2.2930400371551514,78600
2.30702185655976,2.3210039138793945,2.2790580619419445,2.3210039138793945,336300
2.2790588656928126,2.307022670172564,2.2371129989624023,2.2371129989624023,200700
2.2650763988494873,2.2790584586026412,2.237112599364688,2.2650763988494873,255300
2.2371132498759194,2.265077057492078,2.209149122238159,2.209149122238159,186600
2.1672019995006337,2.1951661109924316,2.1252561522843543,2.1951661109924316,161100
2.2091491160299825,2.237113243589158,2.1811853084924087,2.2231311798095703,201900
2.1951658657993254,2.223129654146239,2.1532200232682643,2.1672017574310303,113100
2.237112599364688,2.2650763988494873,2.1951667401267345,2.2650763988494873,107100
2.30702185655976,2.362949765816845,2.2371122100044945,2.3210039138793945,350400
2.3776133030529114,2.391765871164833,2.349308490753174,2.349308490753174,474300
2.321003234695405,2.3634606129149804,2.27854585647583,2.27854585647583,358200
2.2926976680755615,2.2926976680755615,2.2785451053596937,2.2926976680755615,186300
2.30685023079143,2.3210024695833154,2.2926976680755615,2.2926976680755615,433200
2.292698423857052,2.306850991238273,2.27854585647583,2.27854585647583,534300
2.27854585647583,2.292698423857052,2.2502410456374764,2.27854585647583,177600
2.2785451053596937,2.2926976680755615,2.264392866567808,2.2926976680755615,78300
2.2926978693910436,2.3068504333496094,2.2785453054324782,2.3068504333496094,41400
2.3210033545293305,2.349308490753174,2.292698542229593,2.349308490753174,67500
2.3917653650460124,2.420070171356201,2.3634602348117864,2.420070171356201,146400
2.3917653650460124,2.420070171356201,2.3634602348117864,2.420070171356201,69900
2.420070171356201,2.4342227364733144,2.3917653650460124,2.420070171356201,71400
2.4625282287597656,2.476680797819301,2.4342234145648223,2.4625282287597656,385500
2.476680797819301,2.4908330429547085,2.4625282287597656,2.4625282287597656,357300
2.4483742713928223,2.4766793934619735,2.4059169122130397,2.4483742713928223,167700
2.434222034282191,2.462526832427398,2.4059169122130397,2.4483742713928223,312300
2.420070171356201,2.44837497766639,2.3776127999288996,2.420070171356201,477900
2.3917668810394934,2.420071705290364,2.3493094827010657,2.36346173286438,624000
2.306852093212563,2.3351569175720215,2.2643946947112537,2.3351569175720215,248100
2.4059182764457514,2.4625282287597656,2.3493086480558647,2.4625282287597656,473100
2.43422269821167,2.4483749391822975,2.4059175684223497,2.43422269821167,503700
2.434223740079199,2.4625285580591787,2.405918598175049,2.405918598175049,218400
2.42007013331701,2.4483749391822975,2.4059175684223497,2.43422269821167,503700
2.4483749391822975,2.462527504076957,2.43422269821167,2.43422269821167,96600
2.4483749391822975,2.462527504076957,2.43422269821167,2.43422269821167,500700
2.4908313751220703,2.519136494288352,2.462526579879699,2.4908313751220703,570000
2.5474419466322162,2.6040518756431523,2.4908320176212797,2.519137144088745,807900
2.5898993015289307,2.6040518647032065,2.5615944991043715,2.5898993015289307,169500
2.6040520668029785,2.646509435696918,2.561594697909039,2.6040520668029785,297000
2.6465094569255405,2.6748142617738706,2.6040520876910347,2.6606616973876953,302100
2.6323568714242658,2.660661676045553,2.6040520668029785,2.6040520668029785,121200
2.6040509289820526,2.632355721235769,2.56159357863954,2.6182031631469727,318900
2.6040520668029785,2.618204307151613,2.5757469382576734,2.6040520668029785,80100
2.5898993015289307,2.61820410395349,2.5615944991043715,2.5898993015289307,221700
2.5898995025303257,2.6040520668029785,2.5757469382576734,2.6040520668029785,384000
2.5898993015289307,2.6040518647032065,2.5615944991043715,2.5898993015289307,120300
2.575746006208398,2.5898985653598614,2.561593770980835,2.561593770980835,438900
2.5049833990376764,2.5474407447840774,2.462526053291275,2.4766786098480225,192600
2.420070171356201,2.462527542783503,2.3776127999288996,2.420070171356201,208500
2.4059178771240113,2.4342230105451432,2.363460500916387,2.377613067626953,496200
2.349308490753174,2.3634607349409893,2.3210033545293305,2.349308490753174,161100
2.3776143069519367,2.3917668810394934,2.36346173286438,2.36346173286438,92400
2.3493094917138726,2.36346174193148,2.3351569175720215,2.3351569175720215,48300
2.4059175972037705,2.4342227273316976,2.363460225935915,2.3917653560638428,92100
2.42007013331701,2.4483749391822975,2.391765327451722,2.43422269821167,102900
2.420070443834577,2.4625278200422014,2.377613067626953,2.377613067626953,83100
2.4342212641016214,2.4766786098480225,2.39176391835522,2.4766786098480225,131400
2.5049831867218018,2.5191357420790155,2.4766783999311883,2.5049831867218018,424200
2.5049834506597874,2.5332882404327393,2.476678660886835,2.5332882404327393,417600
2.6748152866727364,2.802187443180962,2.547443130164511,2.7738826274871826,724200
2.7172720493148352,2.745576858520508,2.674814673544291,2.745576858520508,676500
2.6889667992151804,2.717271603779882,2.64650943040612,2.7031190395355225,222600
2.7314252419844407,2.802187443180962,2.646510470978957,2.7738826274871826,556800
2.7880348733719997,2.8163400129899245,2.7455774878692583,2.7738826274871826,668400
2.7172701358795166,2.7738800383516207,2.70311757928053,2.7172701358795166,351600
2.7455774878692583,2.7738826274871826,2.7031201023665163,2.7738826274871826,318900
2.7738826274871826,2.802187443180962,2.7455774878692583,2.7738826274871826,256200
2.8163387775421143,2.8304910172187463,2.788033650340845,2.8163387775421143,167700
2.745576283462944,2.8163387775421143,2.674814113307776,2.8163387775421143,473100
2.816338335227418,2.8446431340593277,2.773880975017577,2.8021857738494873,690300
2.7880339533104865,2.816339083587613,2.7455765818188342,2.7597291469573975,105300
2.7597294250853794,2.788034234291052,2.731424615879707,2.745576858520508,111900
2.7597291469573975,2.7738817120959607,2.7314243406043084,2.7597291469573975,53700
2.6889668261600463,2.745576435856707,2.632356892539365,2.6606616973876953,142500
2.674812790006399,2.7172701358795166,2.6323554441332817,2.7172701358795166,40200
2.7031189655326466,2.73142409324646,2.6748141617428414,2.73142409324646,196200
2.70311757928053,2.7172701358795166,2.6889653466053858,2.7172701358795166,69600
2.6889668261600463,2.7172716310083764,2.6606616973876953,2.6606616973876953,112800
2.646508279324565,2.6889656296670776,2.6040509289820526,2.6182031631469727,75600
2.632357319108389,2.646509885787964,2.6040525096733123,2.646509885787964,39900
2.747837971752012,2.805084705352783,2.6762798004269075,2.805084705352783,264000
2.819396070071439,2.8623310372683024,2.7764611028745754,2.848019599914551,477300
2.8337078349929947,2.848019599914551,2.805084632717687,2.848019599914551,186900
2.805082727473227,2.83370591030734,2.776459217071533,2.776459217071533,183900
2.7621477894382673,2.776459217071533,2.7478360342374204,2.776459217071533,209400
2.790772940060637,2.8337079083692625,2.747837971752012,2.805084705352783,235200
2.7764612488974514,2.805084780245965,2.7478380451167586,2.7621498107910156,70800
2.7335259914398193,2.7621495197725747,2.6905910265084723,2.7335259914398193,31800
2.733525780425964,2.7621493065491336,2.690590818808971,2.747837543487549,183300
2.747837543487549,2.776460742042957,2.7192143449321406,2.747837543487549,71700
2.747837543487549,2.776460742042957,2.7192143449321406,2.747837543487549,66300
2.747837543487549,2.776460742042957,2.704902581870556,2.747837543487549,189900
2.7621497370441577,2.805084705352783,2.7049030034433867,2.805084705352783,265800
2.79077097227238,2.848017665508187,2.7192128514033076,2.776459217071533,384300
2.819394539148905,2.8623294830322266,2.7621481656828935,2.8623294830322266,546000
2.862329291055551,2.8909528034364014,2.81939435005188,2.81939435005188,294900
2.81939435005188,2.8909528034364014,2.7907711652386338,2.81939435005188,358500
2.8337079083692625,2.8623311113857417,2.805084705352783,2.805084705352783,111900
2.8337066173553467,2.8480183761271705,2.805083427379362,2.8337066173553467,267300
2.9052639302992342,2.9768223762512207,2.8337058119148177,2.9768223762512207,162900
3.0483816556476158,3.0913166085440613,2.991134942596457,3.019758462905884,585600
3.0054476261138916,3.0340708276495207,2.9768244245782625,3.0054476261138916,301500
2.9482005584164277,3.019759045426139,2.862330636058981,2.9195773601531982,75900
2.8909530308146034,2.91957621787911,2.848018086434028,2.876641273498535,72000
2.8193961430771166,2.8337079083692625,2.790772940060637,2.805084705352783,300900
2.805082921429059,2.81939435005188,2.7907711652386338,2.81939435005188,155100
2.833706106242305,2.833706106242305,2.805082921429059,2.81939435005188,125400
2.790772505104542,2.81939570365995,2.747837543487549,2.747837543487549,99300
2.7335259914398193,2.7621495197725747,2.6905910265084723,2.7335259914398193,70800
2.776461174768491,2.805084705352783,2.733526206459866,2.805084705352783,69000
3.005447799200745,3.062694533136697,2.933889627456665,2.933889627456665,152400
2.96251166370553,3.0626933267398733,2.862330000671187,3.0483815670013428,357900
3.0770049695405404,3.105628490976964,3.0340700149536133,3.0340700149536133,503100
3.0626933267398733,3.0770047589107183,3.0483815670013428,3.0483815670013428,99300
2.991135182165311,3.0340701385005437,2.948200225830078,2.948200225830078,141900
2.933889627456665,2.9625128306407342,2.890954658896655,2.933889627456665,386700
2.91957621787911,2.9625111622596854,2.876641273498535,2.876641273498535,256500
2.9768234234440607,3.0483815670013428,2.890953520148248,3.0483815670013428,90900
3.005446943466296,3.0483818998015284,2.948200225830078,2.948200225830078,169800
2.948200225830078,2.9768237484320474,2.9052652694948455,2.948200225830078,88200
2.933889199216735,3.005447360515954,2.8623307103497484,2.991135597229004,260700
3.0054455580914734,3.034068739931726,2.9625106215473096,2.9768223762512207,92700
2.9482005584164277,2.9768240842474154,2.9195773601531982,2.9195773601531982,269100
2.9195750474618194,2.948198223051691,2.8766401202932634,2.8909518718719482,165000
2.862329807331331,2.905264756079139,2.8193948585835225,2.8337066173553467,149100
2.76214983677321,2.8337080106819643,2.690591335296631,2.690591335296631,143400
2.7764595952655835,2.8623294830322266,2.6905897074989404,2.8623294830322266,82200
2.876641566103155,2.919576514850963,2.8337066173553467,2.8337066173553467,198900
2.776460956371166,2.833707685468891,2.719214554841228,2.7335259914398193,171900
2.7621497370441577,2.805084705352783,2.7049030034433867,2.805084705352783,427200
3.005446943466296,3.0770050948357768,2.91957703079583,2.948200225830078,341700
2.991134942596457,3.019758462905884,2.948199989700012,3.019758462905884,92100
3.0340684205613058,3.0626919269561768,2.991133488536535,3.0626919269561768,256500
3.1485631846731175,3.2630562782287593,3.034069763549795,3.2630562782287598,143100
3.3346153999042523,3.3775503635406494,3.291680436267855,3.3775503635406494,650400
3.3775487769713575,3.406172290995201,3.3489255905151367,3.3489255905151367,397200
3.291678782415727,3.3489254810241476,3.234432411374919,3.277367353439331,273600
3.305989195647316,3.3346123695373535,3.277366021757278,3.3346123695373535,166200
3.3489255905151367,3.3632373475270585,3.3203024040589155,3.3489255905151367,95400
3.3489261802874113,3.434796082346063,3.2630562782287593,3.2630562782287598,280200
3.2058094410531583,3.263056149353852,3.1485630603201322,3.1771862506866455,158100
3.119939088821411,3.1485626025944176,3.077004145729522,3.119939088821411,66000
3.148562109309842,3.2344319820404053,3.062692236579279,3.2344319820404053,207600
3.1922571571109333,3.221146583557129,3.148923348052365,3.221146583557129,42000
3.29336750935492,3.351145996915533,3.2355890217943073,3.307812213897705,107400
3.250034545597277,3.322257425295902,3.1778116658986524,3.293368339538574,83100
3.3222568035125732,3.351146214473659,3.278923017681494,3.3222568035125732,48300
3.351147145805644,3.408925322564104,3.293368638436544,3.3944809436798096,124500
3.336701292372748,3.394479779933361,3.2789228048121353,3.307812213897705,119100
3.2500327755434464,3.2933665458840258,3.1922543048858643,3.1922543048858643,73800
3.2355916500091553,3.264481082561109,3.206702548067997,3.2355916500091553,39900
3.2066990052028674,3.2211437055198706,3.1922543048858643,3.1922543048858643,2700
3.1633657448451054,3.2211442248174604,3.0911428928375244,3.0911428928375244,50400
3.0478117795356003,3.120034694671631,2.9755885337887977,3.120034694671631,323700
3.134477115627555,3.163366194414128,3.0911433321424298,3.148921489715576,166500
3.1344766701641698,3.177810447490815,3.0911428928375244,3.0911428928375244,111600
3.120032410929003,3.148921489715576,3.076698627443878,3.148921489715576,339600
3.1778114793691743,3.206700563430786,3.1344776879714606,3.206700563430786,328800
3.235590966169501,3.250035679392599,3.221146583557129,3.221146583557129,88500
3.221146382649723,3.264480189005501,3.1778125762939453,3.1778125762939453,215700
3.1633678639717844,3.206701670327562,3.1200340576160066,3.1778125762939453,52800
3.1489210421993956,3.2066995221717507,3.0766981901918147,3.0911428928375244,160200
3.120034581385221,3.148923680268534,3.0911454825019073,3.1055898666381836,180900
3.0622549057006836,3.1055887030955547,3.0189211083058125,3.0622549057006836,58500
3.0478100776672363,3.0622544542623755,3.0333653704615093,3.0478100776672363,126900
2.9900320776238334,3.0333658758502655,2.946698279397401,2.9755873680114746,67800
2.946698856959555,3.0044773761231154,2.8744759559631348,2.8744759559631348,198000
2.80225280049927,2.8311422261713926,2.773363705437865,2.787808418273926,1056600
2.816697359085083,2.8311420711301114,2.7878082656057255,2.816697359085083,72300
2.860029573393287,2.903363354808337,2.802251087969716,2.8455848693847656,123600
2.8889195656110718,2.932253360748291,2.831141392501859,2.932253360748291,239100
2.9178084104305935,2.946697491318432,2.8744746237935574,2.9033637046813965,43500
2.8455865691446283,2.874475994418249,2.8022527618449096,2.8311421871185303,798600
2.860029573393287,2.8889186507998152,2.8311404959867588,2.8455848693847656,538500
2.7878083798188116,2.8311421871185303,2.7444745725190924,2.8311421871185303,149100
2.8166974744817197,2.8455865691446283,2.7878083798188116,2.8311421871185303,224400
2.8311421871185303,2.8311421871185303,2.8166974744817197,2.8311421871185303,183000
2.8455865691446283,2.874475994418249,2.8166974744817197,2.8311421871185303,309900
2.8455865691446283,2.8600312817814384,2.8311421871185303,2.8311421871185303,216000
2.802251100540161,2.8455848821495993,2.758917318930723,2.802251100540161,558300
2.7878067270773594,2.802251100540161,2.773362023004041,2.802251100540161,550200
2.8022524431998193,2.8166971541941166,2.7733633518218994,2.7733633518218994,371700
2.7878082656057255,2.816697359085083,2.758918841515669,2.816697359085083,647700
2.9033639647743916,2.9466977552934126,2.845585467212169,2.860030174255371,232800
2.9033624029305938,2.917807102203369,2.8744733349954497,2.917807102203369,315900
2.9178089827762976,2.932253360748291,2.8889195656110718,2.932253360748291,171600
2.9322527855692355,2.975586572206271,2.8744746237935574,2.9033637046813965,437400
2.8455848821495993,2.917808071905674,2.773362023004041,2.802251100540161,285600
2.8166974744817197,2.8311421871185303,2.8022527618449096,2.8311421871185303,329700
2.9322532182949,2.9900317192077637,2.8744750479926404,2.9900317192077637,355500
3.062254549243219,3.1055883415938808,3.0189207568925576,3.0766992568969727,296400
3.0911428928375244,3.12003196751846,3.047809115510879,3.0911428928375244,343800
3.0911439645507257,3.1055883415938808,3.062254549243219,3.0766992568969727,450300
3.1489234288509222,3.2067019526151332,3.091145235697445,3.13447904586792,431700
3.221146902509427,3.3078145292082386,3.120034561157227,3.2500360012054443,651900
3.278923631354605,3.3078130477225436,3.235589837413308,3.293368339538574,207000
3.336699837547919,3.365588903427124,3.29336607342392,3.365588903427124,259200
3.3222568035125732,3.336701508993116,3.3078124286425794,3.3222568035125732,363600
3.250035135757686,3.2933689375677884,3.2067013339475836,3.2789242267608643,668400
3.2933701845022676,3.3367040027194026,3.2355916500091553,3.2355916500091553,354300
3.2367590895468537,3.2950791843788334,3.178438994714874,3.2659189701080322,91800
3.2950770085062686,3.3388169673195844,3.2513370496929523,3.3242368698120117,431100
3.3242374352690387,3.3388175352567053,3.295077569003165,3.309657335281372,72900
3.3096567723044386,3.3242368698120117,3.2804969109986954,3.3242368698120117,81900
3.3533966446018297,3.3679767417332434,3.324236784048396,3.3388168811798096,273000
3.3825579312503886,3.44087767119142,3.3242378575998557,3.426297903060913,521100
3.4117166996002193,3.4262967967324114,3.3825568390452294,3.4117166996002197,109800
3.353396731117755,3.3825569261329003,3.3242368698120117,3.3242368698120117,60300
3.3388184600839437,3.382558438453124,3.3388184600839437,3.36797833442688,76200
3.3825568390452294,3.4117166996002193,3.353396644780845,3.4117166996002197,130500
3.4117159814159885,3.4408758358326756,3.353395938873291,3.353395938873291,54000
3.3533973015349123,3.382557501510245,3.309657335281372,3.309657335281372,25500
3.3242368698120117,3.3242368698120117,3.2659168134911227,3.3242368698120117,48600
3.324235744839702,3.324235744839702,3.2804958008286533,3.2950758934020996,152700
3.3388193172624114,3.3388193172624114,3.280499219894409,3.280499219894409,43200
3.236757516860962,3.265917383253853,3.193017550416895,3.236757516860962,145500
3.2513381834467117,3.2513381834467117,3.2075982093811035,3.2075982093811035,124500
3.20759719047316,3.2221769547240218,3.149277132341477,3.1784369945526123,393900
3.1492771363594163,3.1784369986077543,3.090957078153326,3.105537176132202,350700
3.03263777338844,3.090957505956851,2.9743177071105698,3.0034775733947754,176100
3.090957078153326,3.105537176132202,3.061797215904988,3.105537176132202,171900
3.105537176132202,3.120117274111078,3.105537176132202,3.105537176132202,117900
3.1201182612498872,3.2075982093811035,3.1055381586581783,3.2075982093811035,154500
3.265915708255207,3.2950758934020996,3.2367558568176045,3.2950758934020996,99900
3.3825568299327147,3.499196605547845,3.3533966357468876,3.470036745071411,265800
3.4700363434600865,3.4846161051561904,3.382556438446045,3.382556438446045,119700
3.265917952328902,3.338818131577928,3.2075982093811035,3.2075982093811035,85200
3.265916729232135,3.3971366022866767,3.265916729232135,3.3388168811798096,213000
3.3388169673195844,3.353396731117755,3.3096567723044386,3.3242368698120117,118800
3.280499077243433,3.280499077243433,3.2367590895468537,3.2659189701080322,219900
3.2513391966822542,3.2659189701080322,3.2367590895468537,3.2659189701080322,80700
3.2804958008286533,3.309655652266256,3.2513359493910508,3.2950758934020996,123900
3.2950758934020996,3.2950758934020996,3.2804958008286533,3.2950758934020996,133200
3.295079327663819,3.3096591017235917,3.280499219894409,3.280499219894409,56100
3.2950758934020996,3.309655652266256,3.265915708255207,3.2950758934020996,219000
3.222177416809786,3.2804974833050293,3.149277583972828,3.236757516860962,120600
3.2367579032741287,3.251338005065918,3.1930179316082623,3.251338005065918,43200
3.193018717185396,3.236758699612593,3.134698629379272,3.1346986293792725,63600
3.178437450365719,3.236757516860962,3.120117717579937,3.236757516860962,191100
3.236755929463794,3.251336022364478,3.207596077371724,3.2221758365631104,215400
3.2367580808550027,3.2367580808550027,3.1638582353154954,3.2075982093811035,231600
3.193016529083252,3.2075966244707685,3.163856672017573,3.193016529083252,198300
3.1930170925128865,3.20759719047316,3.134697034381203,3.1784369945526123,422100
3.1784369945526123,3.1784369945526123,3.1055371721700675,3.1784369945526123,154500
3.1784369986077543,3.2221769588349685,3.0763773138838637,3.105537176132202,240600
3.032637119293213,3.0909568392829176,2.9888971624462406,3.032637119293213,355200
3.1492760394782864,3.251336022364478,3.032636297400708,3.2221758365631104,316800
3.251337616912138,3.3096573496979205,3.222177416809786,3.236757516860962,304200
3.193016529083252,3.2513365769239635,3.1784364336957354,3.193016529083252,118800
3.1638582353154954,3.2075982093811035,3.076378287184279,3.2075982093811035,359400
3.178437450365719,3.251337616912138,3.149277583972828,3.236757516860962,82500
3.2513355718262336,3.5575151443481445,3.2513355718262336,3.5575151443481445,810600
3.557518267984484,3.7178980736505416,3.557518267984484,3.6741580963134766,889200
3.674156355857849,3.674156355857849,3.4991965293884277,3.4991965293884277,450600
3.5283571999438923,3.5283571999438923,3.470037466860167,3.484617233276367,155700
3.4554573667345045,3.484617233276367,3.4262975001926415,3.484617233276367,159900
3.426299094900938,3.470039081926441,3.426299094900938,3.4408788681030273,180000
3.4700352664847416,3.5575151443481445,3.455455175604424,3.5575151443481445,174900
3.586675008242082,3.6012550991868006,3.5429350691171786,3.5720949172973633,177000
3.5866782665252686,3.6449983495752063,3.5575183918550777,3.5866782665252686,272700
3.57209642433382,3.6158363819122314,3.528356466755408,3.6158363819122314,242100
3.572096423593628,3.572096423593628,3.4554566479784974,3.470036745071411,147000
3.470036829748024,3.5575167470214244,3.440876634850623,3.5283565521240234,182100
3.5736545495326317,3.5736545495326317,3.529535357563093,3.558948040008545,146700
3.544243297701741,3.6177752017974854,3.544243297701741,3.6177752017974854,208500
3.6471878961152115,3.7207201368138136,3.6177752017974854,3.6177752017974854,254400
3.603066237854867,3.794249462507681,3.5883600689910864,3.7648367881774902,294000
3.8824873536023525,3.8824873536023525,3.706010655711337,3.7354233264923096,256500
3.706012647292193,3.764838357069183,3.6913061356972534,3.750131845474243,47400
3.7207171594031174,3.7942490046568444,3.7207171594031174,3.7354233264923096,75000
3.706010655711337,3.73542332649231,3.647184977546802,3.7354233264923096,163500
3.7060117361933718,3.7648374315084476,3.6324798695015414,3.647186040878296,153600
3.617772471922971,3.6324789762861274,3.588359799799262,3.6030659675598145,46800
3.617772942781448,3.617772942781448,3.5295345783233643,3.5295345783233643,41700
3.5001227855682373,3.5001227855682373,3.4412970822182958,3.5001227855682373,104400
3.5001227855682373,3.5442419789300104,3.5001227855682373,3.5001227855682373,44400
3.514828072046134,3.5295345783233643,3.485415396094322,3.5295345783233643,65700
3.5148295887701475,3.676600217819214,3.5148295887701475,3.676600217819214,136500
3.7354240208952776,3.8383688926696777,3.706011344646585,3.8383688926696777,102900
3.8089555083486255,3.8530746828213793,3.73542332649231,3.7354233264923096,105900
3.691304597448069,3.76483678817749,3.691304597448069,3.7648367881774902,178500
3.735424347049035,3.735424347049035,3.691305160522461,3.691305160522461,70200
3.691305228213931,3.691305228213931,3.647186040878296,3.647186040878296,35400
3.647185973995887,3.691305160522461,3.632479802888816,3.691305160522461,313200
3.6913071058932294,3.6913071058932294,3.6177752017974854,3.6177752017974854,226800
3.6030686863371932,3.6177752017974854,3.573655992019467,3.6177752017974854,410700
3.617772471922971,3.617772471922971,3.588359799799262,3.6030659675598145,237000
3.6030652824722535,3.632478285605972,3.5589461143742156,3.5883591175079346,57000
3.558947630419206,3.558947630419206,3.5001222722983485,3.5148284435272217,97500
3.514829477427182,3.514829477427182,3.426591077687564,3.470710277557373,60000
3.5001236545711283,3.544242858886719,3.5001236545711283,3.5442428588867188,182100
3.529535357563093,3.6030672319780837,3.529535357563093,3.558948040008545,23700
3.5368880369732136,3.558947630419206,3.5148284435272212,3.5148284435272217,39300
3.500123412749536,3.706012906463229,3.485416900126132,3.676600217819214,36600
3.6471871925724053,3.676600217819214,3.588361815284375,3.676600217819214,192900
3.66189370519581,3.7207194190866333,3.66189370519581,3.676600217819214,58800
3.67659863128772,3.706011307239532,3.5295345783233643,3.5295345783233643,93900
3.5001222046450744,3.514828375589694,3.470709189550482,3.4854156970977783,42300
3.5148284435272212,3.5295349513587775,3.4854157644667927,3.5148284435272217,40800
3.5001227855682373,3.529535468941842,3.485416275580069,3.5001227855682373,64500
3.5295345783233643,3.5589472542751763,3.470708889817092,3.5295345783233643,347700
3.5295345702626797,3.5295345702626797,3.2648194774929786,3.456002712249756,351900
3.4265890664762138,3.4265890664762138,3.3530572220531036,3.382469892501831,21900
3.367764711380005,3.441296577327126,3.367764711380005,3.367764711380005,109200
3.3383517950898987,3.3677648116264147,3.2942326068878174,3.2942326068878174,103800
3.264818874104338,3.3824698925018306,3.264818874104338,3.382469892501831,67200
3.3383529333740944,3.4265913398650647,3.3383529333740944,3.3971786499023438,246900
3.397176373919902,3.4118828773498535,3.3824698704899507,3.4118828773498535,58500
3.4560021634276556,3.5001213385497,3.3236446380615234,3.3236446380615234,353700
3.3530572220531036,3.4118828995531425,3.3236445516043767,3.382469892501831,31800
3.4118835301214725,3.4707088818907526,3.3824705176341854,3.456002712249756,255300
3.4265913398650647,3.456004366430593,3.3971786499023438,3.3971786499023438,351900
3.4118828773498535,3.4412955476071736,3.397176373919902,3.4118828773498535,24900
3.4412969520895293,3.4707096343509263,3.411884269828132,3.4265904426574707,64200
3.441297853147829,3.441297853147829,3.3530594466568586,3.3971786499023438,97200
3.4118842778476437,3.4118842778476437,3.3530585765838623,3.3530585765838623,24000
3.3530585765838623,3.3530585765838623,3.2942328753200805,3.3530585765838623,101100
3.3530567976848857,3.367763299349263,3.308937629294295,3.338350296020508,59400
3.3383520671172366,3.3530585765838623,3.3383520671172366,3.3530585765838623,83100
3.367763703662582,3.4118828773498535,3.3530572002326307,3.4118828773498535,169500
3.3824721366195796,3.3971786499023438,3.3530594466568586,3.3971786499023438,167700
3.411883898268814,3.411883898268814,3.367764711380005,3.367764711380005,37500
3.367764711380005,3.3971773904383165,3.367764711380005,3.367764711380005,76800
3.3971780966489744,3.4560038035970604,3.3971780966489744,3.4412972927093506,151200
3.4707106272921906,3.544242858886719,3.456004450255538,3.5442428588867188,220500
3.514828064019036,3.514828064019036,3.456002712249756,3.456002712249756,107400
3.4412962060061125,3.456002712249756,3.4412962060061125,3.456002712249756,91800
3.500123301872434,3.544242501742243,3.470710277557373,3.470710277557373,225300
3.4412965110585656,3.4854156970977783,3.41188383256665,3.4854156970977783,93600
3.4854156970977783,3.5001222046450744,3.470709189550482,3.4854156970977783,48600
3.514828072046134,3.573653760552406,3.485415396094322,3.5295345783233643,125700
3.588360682165906,3.6618925488577365,3.588360682165906,3.647186040878296,231600
3.6324810165517945,3.706012906463229,3.6324810165517945,3.676600217819214,302400
3.6926149178990277,3.840912818908692,3.6926149178990277,3.8409128189086914,328200
3.840912818908692,3.944721044131427,3.840912818908692,3.8409128189086914,136800
3.840915222589896,3.8854045867919917,3.840915222589896,3.885404586791992,173700
3.870571972002924,3.870571972002924,3.7667634151671345,3.7964231967926025,338700
3.8260837566124444,3.9150624486266876,3.8260837566124444,3.9002325534820557,134400
3.9150634848553203,4.093020915985107,3.9150634848553203,4.093020915985107,326100
4.063363613274614,4.078193180786022,3.9002356552327844,3.9447250366210938,255600
3.90023179184809,3.9298915763454154,3.855742454528809,3.8557424545288086,64200
3.855742454528809,3.855742454528809,3.7371043348196276,3.8557424545288086,165300
3.8557423714109684,3.885402155268921,3.7964234825484624,3.8409128189086914,133800
3.8705742351438635,3.9447230537093096,3.8705742351438635,3.9298934936523438,231000
3.944722841558727,3.9743826389312744,3.900233484926761,3.9743826389312744,224100
4.004041336952372,4.211658182022454,4.004041336952372,4.1819987297058105,443700
4.1819984318324925,4.241317671667407,4.122679191997578,4.152338981628418,465000
4.06336166834888,4.12268058885563,4.033701868668624,4.107851028442383,368700
4.078191449792858,4.122680812297605,4.004042625427246,4.004042625427246,56400
3.989211082458496,4.063360215724429,3.989211082458496,3.989211082458496,36600
3.9743812278019295,4.004040675216847,3.9298918869661867,3.9595513343811035,157200
3.929895469109686,3.9447250366210938,3.8854060877213765,3.9447250366210938,58500
3.9298918869661867,4.004040675216847,3.9298918869661867,3.9595513343811035,67500
3.959552953193148,3.959552953193148,3.8854041346277017,3.9298934936523438,84000
3.885401862815658,3.915061305014452,3.7964231967926025,3.7964231967926025,75600
3.8260846383234948,3.8260846383234948,3.781595282063919,3.8112547397613525,46800
3.781593030407315,3.8112524704447637,3.737103700637817,3.7371037006378174,60900
3.7074438597973978,3.7667627334594727,3.6481246467087103,3.7667627334594727,198000
3.7667637798902462,3.8705723467774718,3.7519342270682903,3.8557424545288086,48000
3.8854041346277017,3.959552953193148,3.8705742351438635,3.9298934936523438,93300
3.9447230537093096,3.9447230537093096,3.9298934936523438,3.9298934936523438,375900
3.9298934936523438,3.9298934936523438,3.9298934936523438,3.9298934936523438,25800
3.944722839122443,3.974382636476672,3.9150633811950684,3.9150633811950684,269400
3.9150624486266876,3.9150624486266876,3.870573102619566,3.9002325534820557,65700
3.9150640497844185,3.9150640497844185,3.840915222589896,3.885404586791992,170100
3.8557420811901904,3.870571972002924,3.7964231967926025,3.7964231967926025,51000
3.7964225097171225,3.8260819465481597,3.7667627334594727,3.7667627334594727,31800
3.737103700637817,3.7667631406752657,3.707444260600368,3.7371037006378174,23700
3.7074460983276367,3.7371055530668476,3.6332969523393848,3.7074460983276367,14400
3.677786304161609,3.7074460983276367,3.6332969523393848,3.7074460983276367,198900
3.7074460983276367,3.7222756559838333,3.692616201244623,3.7074460983276367,72600
3.662954568862915,3.6926140059694608,3.662954568862915,3.662954568862915,21900
3.662956941709171,3.662956941709171,3.529488879129811,3.544318437576294,217200
3.5294878052410583,3.5591472525366195,3.470168571223204,3.4849984645843506,339900
3.4849976339863584,3.5888058444930264,3.4849976339863584,3.5591464042663574,65700
3.5443162252143745,3.6777842044830322,3.5443162252143745,3.6777842044830322,718800
3.677787794607417,3.7222771644592285,3.66295823094145,3.7222771644592285,110100
3.692617881588819,3.692617881588819,3.648128509521484,3.6481285095214844,21000
3.677787794607417,3.7667665343110395,3.677787794607417,3.7222771644592285,462000
3.7222738109057683,3.751933590369866,3.6777844811362703,3.7371037006378174,145500
3.737103700637817,3.737103700637817,3.7222738109057683,3.7371037006378174,17700
3.7371070675521505,3.7371070675521505,3.707447600793261,3.7222771644592285,12300
3.707444260600368,3.751933590369866,3.707444260600368,3.7371037006378174,92400
3.707444260600368,3.751933590369866,3.707444260600368,3.7371037006378174,42000
3.737103296628435,3.7964225097171225,3.72227340849961,3.7667627334594727,130800
3.766765007806058,3.781594904889072,3.7074460983276367,3.7074460983276367,119100
3.6777841177028803,3.7074438942360413,3.662954568862915,3.662954568862915,24300
3.662954837915845,3.662954837915845,3.6332950592041016,3.6332950592041016,51600
3.60363862131811,3.6332980853059924,3.5739791573302275,3.6184685230255127,192000
3.6332968551263836,3.6332968551263836,3.5294885966032465,3.5739779472351074,498900
3.529489037364398,3.559148495013897,3.47016978263855,3.47016978263855,128100
3.470168527811362,3.470168527811362,3.440509080886841,3.440509080886841,91500
3.440509080886841,3.470168527811362,3.440509080886841,3.440509080886841,91500
3.4553373773614515,3.4553373773614515,3.3960185050964355,3.3960185050964355,161400
3.396021153216469,3.396021153216469,3.292212536665798,3.3218719959259033,360000
3.2922117350852655,3.2922117350852655,3.2032330395424204,3.2477223873138428,1212600
3.265097925204842,3.2950531816286524,3.23514301158912,3.2501206398010254,356100
3.2501188097836016,3.2501188097836016,3.175231053698592,3.190208673477173,123600
3.1902080349981707,3.205185651779175,3.0853654031467954,3.205185651779175,264000
3.205188097973399,3.2950531816286524,3.1902104697614937,3.2501206398010254,234600
3.2501193848081833,3.2800742868571953,3.2351417623796994,3.265096664428711,166500
3.265095860389468,3.295051097869873,3.235140965716935,3.295051097869873,67800
3.310028553009033,3.310028553009033,3.265096037163626,3.310028553009033,172500
3.310026965270014,3.3250045776367188,3.2800720833443306,3.3250045776367188,99900
3.325006811334691,3.325006811334691,3.265096664428711,3.265096664428711,93600
3.280073642730713,3.280073642730713,3.2501187465641124,3.280073642730713,35400
3.295051276265825,3.3549610688544407,3.265096037163626,3.310028553009033,126300
3.295053357906454,3.325008273124695,3.1902106404304504,3.2351431846618652,412800
3.23514301158912,3.2501206398010254,3.1602555561457724,3.2501206398010254,1646400
3.310030644111521,3.325008273124695,3.1902106404304504,3.2351431846618652,590400
3.2351431846618652,3.310030644111521,3.2351431846618652,3.2351431846618652,368100
3.1752322424979087,3.2201647758483887,3.145277334533597,3.2201647758483887,286800
3.2201655556486912,3.28007572889328,3.1902106404304504,3.2351431846618652,150900
3.205186860330688,3.2800742868571953,3.1902092379022036,3.265096664428711,522000
3.2201635075896227,3.280073642730713,3.2201635075896227,3.280073642730713,187800
3.2950512622179575,3.3100285388973134,3.2501187465641124,3.280073642730713,457500
3.265095860389468,3.3250059925424056,3.265095860389468,3.295051097869873,61500
3.310029188906207,3.310029188906207,3.265096664428711,3.265096664428711,122100
3.265096023243468,3.280073642730713,3.265096023243468,3.280073642730713,87600
3.2800734791296704,3.3100283738022034,3.265095860389468,3.295051097869873,241800
3.295053001813065,3.3549628257751465,3.295053001813065,3.3549628257751465,254400
3.3399821900034232,3.3849146842958113,3.295049695711035,3.3250045776367188,305700
3.339985902137869,3.339985902137869,3.2351431846618652,3.2351431846618652,152100
3.2351431846618652,3.265098099880106,3.2051882694436244,3.2351431846618652,270300
3.2201655556486912,3.265098099880106,3.2051882694436244,3.2351431846618652,194700
3.235141140869318,3.339983792111232,3.2201635213182187,3.310028553009033,297600
3.339984433763175,3.339984433763175,3.265096664428711,3.265096664428711,309900
3.2950504422849134,3.4298479557037354,3.265095210764417,3.4298479557037354,201900
3.444825914040409,3.5047360461933468,3.295051097869873,3.295051097869873,449700
3.2501208136750392,3.265098099880106,3.2051882694436244,3.2351431846618652,154500
3.2800734791296704,3.3250059925424056,3.235140965716935,3.295051097869873,567600
3.3399831743847312,3.3399831743847312,3.205185651779175,3.205185651779175,169200
3.205187419083995,3.23514232635498,3.145277261734009,3.145277261734009,242700
3.11532052792617,3.1452754176343687,3.070388021959965,3.0853652954101562,83100
3.055413007736206,3.2351431846618652,2.9955028344916173,3.2351431846618652,258600
3.325006811334691,3.325006811334691,3.205186860330688,3.265096664428711,263400
3.2650972336259656,3.2650972336259656,3.145277261734009,3.145277261734009,598200
3.1153223544630233,3.145277261734009,3.1003447294235227,3.145277261734009,376200
3.130297910681981,3.205185651779175,3.130297910681981,3.205185651779175,64200
3.175232169004994,3.205187419083995,3.1153223544630233,3.145277261734009,143700
3.1153202638592496,3.130297536039908,3.055410146713257,3.055410146713257,135000
3.0404335666843103,3.100343704223633,3.0404335666843103,3.100343704223633,120900
3.1302979943461686,3.2051857374449044,3.1153207199726904,3.1752305030822754,170100
3.1452761569493255,3.205186293255754,3.1302985371707446,3.190208673477173,61500
3.190208739128666,3.190208739128666,3.100343704223633,3.100343704223633,40200
3.100343065524356,3.130297956719082,3.0703881743296297,3.1153206825256348,45000
3.085367232184148,3.1003448578440422,2.9505696296691895,2.9505696296691895,444000
2.9206156811446085,2.9505705995023517,2.8756831322039225,2.8906607627868652,531900
2.890658782201257,2.890658782201257,2.8307486437261105,2.875681161880493,245400
2.8756821869857783,2.980524880988978,2.8756821869857783,2.9505696296691895,268500
2.935591146835465,2.935591146835465,2.890658631030881,2.9206135272979736,216300
2.920613078245292,3.0254557132720947,2.920613078245292,3.0254557132720947,396000
2.9805227926252416,2.9955000649829757,2.965545177459717,2.965545177459717,39900
2.9679693546171753,3.0133974552154537,2.9376837231590547,3.013397455215454,157500
3.013398568361658,3.013398568361658,2.9225423336029053,2.9225423336029053,323700
2.907398733512772,2.9679696559906006,2.892255916246081,2.9679696559906006,555000
2.9679694531884446,2.98311192283151,2.9376838207244873,2.9376838207244873,166800
2.9679693546171753,3.0133974552154537,2.952826538888115,3.013397455215454,246300
2.9831125736236572,2.9831125736236572,2.9528272811416114,2.9831125736236572,60600
2.9528276296594793,2.9528276296594793,2.8922566909573004,2.9225423336029053,151500
2.952826636956466,2.952826636956466,2.8922557186174647,2.9376838207244873,108300
2.907399512280103,2.937684808336677,2.8922566909573004,2.9225423336029053,64800
2.9376844616060938,2.9831125736236572,2.8922563495885307,2.9831125736236572,99300
2.9225413510814224,2.98311192283151,2.8922557186174647,2.9376838207244873,168300
2.9376838207244873,2.952826636956466,2.9225413510814224,2.9376838207244873,216000
2.9376838207244873,2.9679694531884446,2.9073985348494435,2.9376838207244873,90600
2.9679681585886715,3.028538703918457,2.9679681585886715,3.028538703918457,141600
3.0285407739863612,3.0739688873291016,3.013398300598114,3.0739688873291016,151200
3.104252316600729,3.195108478583299,3.104252316600729,3.1193947792053223,330900
3.1193959990282933,3.1193959990282933,3.1042535305023193,3.1042535305023193,370500
3.104253368452824,3.1345386505126953,3.089110554128453,3.1345386505126953,53400
3.149681464837066,3.179966746896937,3.1345386505126953,3.1345386505126953,177900
3.149681329727173,3.149681329727173,3.0588251408560896,3.149681329727173,241200
3.1496813501132275,3.2708228205291316,3.1193957225676083,3.2253947257995605,85500
3.240536689758301,3.3313928553908814,3.225393879956615,3.240536689758301,187200
3.240539541425018,3.240539541425018,3.1648257723774287,3.1799685955047607,36600
3.195111563922115,3.195111563922115,3.149683439063455,3.164825916290283,105000
3.1799672658308396,3.2102525528329195,3.1799672658308396,3.1951100826263428,120000
3.1951086069420103,3.270821962772905,3.1951086069420103,3.240536689758301,117000
3.225396928357747,3.2708250541092645,3.225396928357747,3.2556822299957275,384600
3.2405397524712845,3.285967878222802,3.225396928357747,3.2556822299957275,294600
3.270821962772905,3.285964772574591,3.240536689758301,3.240536689758301,407700
3.2405382617161984,3.3011088371276855,3.2253954445688593,3.3011088371276855,352500
3.2859650399088003,3.2859650399088003,3.1951088668844907,3.2102513313293457,153900
3.1799660558508407,3.2405369533966453,3.1648232448171907,3.2102513313293457,204000
3.2102519120267505,3.255680006756322,3.1951094448427986,3.2253947257995605,117600
3.22539472579956,3.255680006756322,3.2102519120267505,3.2253947257995605,116700
3.2556820179632786,3.2556820179632786,3.149683295839168,3.1799685955047607,69600
3.1799688026062296,3.2556822299957275,3.1799688026062296,3.2556822299957275,117000
3.255680006756322,3.2708228205291316,3.22539472579956,3.2253947257995605,117600
3.2102513313293457,3.2556794178415003,3.2102513313293457,3.2102513313293457,27900
3.1648237968131165,3.2102518912486584,3.149681329727173,3.149681329727173,55500
3.164825916290283,3.164825916290283,3.149683439063455,3.164825916290283,34500
3.179965669389953,3.179965669389953,3.1193947792053223,3.1193947792053223,42600
3.1193958361883247,3.149681464837066,3.104253368452824,3.1345386505126953,90000
3.104252948306968,3.1345382262678707,3.0891101360321045,3.0891101360321045,116100
3.089110673363529,3.089110673363529,3.04368257522583,3.04368257522583,76500
3.0739695267915783,3.1799685955047607,3.0739695267915783,3.1799685955047607,309000
3.1951094241627147,3.2102518912486584,3.149681329727173,3.149681329727173,51900
3.149681329727173,3.1799666104879156,3.149681329727173,3.149681329727173,135000
3.149681329727173,3.1648237968131165,3.149681329727173,3.149681329727173,24000
3.134538632448078,3.134538632448078,3.028539625966105,3.0588252544403076,56400
3.028538376461256,3.028538376461256,2.998253107070923,2.998253107070923,189600
3.0133974552154537,3.028539924355612,2.9679693546171753,3.013397455215454,129000
3.0285402318794916,3.0285402318794916,2.9679696559906006,2.9679696559906006,136500
2.9679691975495754,2.9679691975495754,2.8619701862335205,2.8619701862335205,136800
2.861969763232816,2.892255042023129,2.7862563929626165,2.8165416717529297,108300
2.8165435193292567,2.8165435193292567,2.7711153980497527,2.7862582206726074,180000
2.8013992147684803,2.907398223876953,2.786256746745039,2.907398223876953,71400
2.8771130011612094,2.952826382621886,2.8619701862335205,2.8619701862335205,30000
2.861970432742421,2.9679694531884446,2.861970432742421,2.9376838207244873,241500
2.967970100677129,3.013398212694692,2.967970100677129,2.9831125736236572,231000
2.9679696559906006,2.9982549439350463,2.952826838723909,2.9679696559906006,406200
2.9679678376805896,3.028538376461256,2.9679678376805896,2.998253107070923,142800
2.9831125736236572,2.998255393159175,2.967970100677129,2.9831125736236572,25500
2.98311141907095,3.149681329727173,2.98311141907095,3.149681329727173,197100
3.1368281217592764,3.1674312050662823,3.0603198881530154,3.0756216049194336,45000
3.0603212771306234,3.075623000841983,3.014416456222534,3.014416456222534,34200
3.014414937090288,3.014414937090288,2.983811855316162,2.983811855316162,12600
2.9991135713161317,3.014414937090288,2.968510139316193,2.983811855316162,85800
2.9838133590258047,3.014416456222534,2.9379085381177155,3.014416456222534,64800
2.983813115263692,3.2286389235144948,2.983813115263692,3.198035478591919,249900
3.2133351807104558,3.2286368935509904,3.1521286795740573,3.182732105255127,154500
3.182733600703409,3.2286384105682373,3.1368287908385803,3.2286384105682373,82500
3.21333466029022,3.305144222012798,3.198032949927896,3.2439377307891846,183000
3.2286389235144948,3.2286389235144948,3.198035478591919,3.198035478591919,17100
3.182734106356592,3.243940295749822,3.167432383895304,3.198035478591919,94800
3.182732122286484,3.182732122286484,3.1521286964416504,3.1521286964416504,216300
3.1521286964416504,3.182732122286484,3.136827333744976,3.1521286964416504,35400
3.1521306614340157,3.2286389235144948,3.1521306614340157,3.198035478591919,19200
3.198034198551597,3.198034198551597,3.167431116104126,3.167431116104126,35700
3.167433776174273,3.213338613510132,3.167433776174273,3.213338613510132,76500
3.1827315897912554,3.2439377307891846,3.1827315897912554,3.2439377307891846,123600
3.259239441151509,3.259239441151509,3.21333466029022,3.2439377307891846,7200
3.213338613510132,3.259243450845991,3.182735505361597,3.213338613510132,497400
3.213338613510132,3.213338613510132,3.213338613510132,3.213338613510132,20400
3.2286363706525445,3.2439377307891846,3.21333466029022,3.2439377307891846,38100
3.2745416246061336,3.2898429869534516,3.259239912033081,3.259239912033081,67500
3.243938427560386,3.2745418548583984,3.2286370641371396,3.2745418548583984,99300
3.243938199460028,3.2745416246061336,3.22863683711271,3.259239912033081,106200
3.228640342697456,3.228640342697456,3.167433776174273,3.213338613510132,27300
3.1980336368391273,3.2745418548583984,3.1827322734158803,3.2745418548583984,45900
3.2439377307891846,3.2439377307891846,3.1827315897912554,3.2439377307891846,81300
3.2133351807104558,3.2133351807104558,3.167430392414592,3.182732105255127,216600
3.1674304093640675,3.1674304093640675,3.106223907900142,3.1521286964416504,36000
3.121525099783233,3.121525099783233,3.0144138276566195,3.0297155380249023,90900
3.029716653090257,3.0603197348643825,2.968510139316193,2.983811855316162,84600
2.9685113430023193,2.983813065206904,2.9226065266145205,2.9685113430023193,276600
2.9532087735420367,2.983811855316162,2.9532087735420367,2.983811855316162,93900
2.9838136928908714,2.9838136928908714,2.9532105922698975,2.9532105922698975,13800
2.93790954036072,2.93790954036072,2.9073064327239986,2.907306432723999,68100
2.9073048432830153,2.937907934188843,2.9073048432830153,2.9379079341888428,213300
2.9226062136229705,2.953209654754716,2.8920031227171425,2.9379079341888428,295800
2.968509683232832,3.3051449319306516,2.968509683232832,3.2745418548583984,201600
3.2898425116504737,3.2898425116504737,3.21333466029022,3.2439377307891846,364500
3.21333466029022,3.274541151513833,3.21333466029022,3.2439377307891846,290700
3.2133359148882437,3.2286376312248897,3.1368280336566543,3.167431116104126,62100
3.1215259312258126,3.1215259312258126,3.060319423675537,3.060319423675537,89700
3.075620832281051,3.1521286964416504,3.04501775666196,3.1521286964416504,208200
3.182734106356592,3.2133372010532066,3.182734106356592,3.198035478591919,84600
3.2133384545644126,3.305148124694824,3.1674336194992065,3.305148124694824,116400
3.3051446995265046,3.381652561940299,3.243938199460028,3.259239912033081,217200
3.2439382561657846,3.259239969006319,3.182732105255127,3.182732105255127,50700
3.198036884322807,3.243941721658666,3.152132046986948,3.213338613510132,88500
3.2286368935509904,3.2286368935509904,3.182732105255127,3.182732105255127,61500
3.2133372010532066,3.2133372010532066,3.1521306614340157,3.198035478591919,87900
3.213338613510132,3.243941721658666,3.182735505361597,3.213338613510132,267000
3.21333466029022,3.274541151513833,3.1827315897912554,3.2439377307891846,127800
3.243938427560386,3.2745418548583984,3.1980336368391273,3.2745418548583984,131100
3.3051482881818495,3.3051482881818495,3.213338613510132,3.213338613510132,88200
3.2286389235144948,3.2286389235144948,3.182734106356592,3.198035478591919,415800
3.182732105255127,3.182732105255127,3.1521286795740573,3.182732105255127,49500
3.182732832440772,3.198034198551597,3.1368280336566543,3.167431116104126,43500
3.1215271788238086,3.136828899383545,3.1062254582640723,3.136828899383545,45900
3.136828899383545,3.136828899383545,3.1215271788238086,3.136828899383545,11700
3.0909234006333017,3.1062247675647123,2.937907279738318,2.9991137981414795,175200
2.968510900390853,3.0756222394005,2.968510900390853,3.0450191497802734,291900
3.090923321685852,3.1368281217592764,3.0450185216124277,3.0756216049194336,174900
3.1062253290207265,3.1062253290207265,3.0144157099341444,3.0450191497802734,76200
2.983812620313918,3.060320519477435,2.983812620313918,3.0450191497802734,96900
3.0756208158228646,3.1980334678699207,3.0756208158228646,3.182732105255127,205500
3.1980334119666045,3.2745416246061336,3.1674303370462336,3.259239912033081,164700
3.2898447513580322,3.320448192917329,3.2439399392450086,3.2898447513580322,96900
3.2898463962643896,3.3357512313295956,3.274545018060053,3.305148124694824,309300
3.3051451036508603,3.3051451036508603,3.060319423675537,3.060319423675537,162300
3.0297165590336657,3.0909230709075928,3.0297165590336657,3.0909230709075928,530400
3.0756213553826606,3.106224436206723,3.060319639857728,3.0909230709075928,182700
3.10886549949646,3.124332610035056,3.0624645218920348,3.10886549949646,510300
3.1088656001164283,3.2016675583288587,3.0933984890772313,3.170733690261841,381300
3.170733690261841,3.1862004472896617,3.1552665792226438,3.170733690261841,34500
3.1707326745776614,3.186199426651001,3.1552655684930584,3.186199426651001,21900
3.186201353904594,3.186201353904594,3.1243336001664512,3.1552674770355225,156300
3.1552664771008847,3.1552664771008847,3.0933983889578633,3.10886549949646,329100
3.062465448770116,3.077932563989951,2.985130580693887,3.031531572341919,411300
3.0160641507013835,3.093399010920684,3.0160641507013835,3.0469980239868164,149400
3.077930152991373,3.0933969020843506,3.046995946783029,3.0933969020843506,52200
3.0779322512836855,3.093399010920684,3.046998023986817,3.0469980239868164,236400
3.0315312643498182,3.0779322512836855,3.0315312643498182,3.0469980239868164,171300
3.0624645218920348,3.1552664771008847,3.0624645218920348,3.10886549949646,314400
3.108865017354994,3.139798879623413,3.0933979092151294,3.139798879623413,158700
3.2016665327356035,3.2016665327356035,3.1707326745776614,3.186199426651001,79800
3.1862004472896617,3.1862004472896617,3.1243327111556254,3.170733690261841,88800
3.1861998500316964,3.1861998500316964,3.108865017354994,3.139798879623413,315900
3.124333381652832,3.155267256358411,3.093399152935801,3.124333381652832,603600
3.1243317103351163,3.2016665327356035,3.1088646042505137,3.186199426651001,301200
3.201666958171561,3.201666958171561,3.139798879623413,3.139798879623413,136200
3.139798520319015,3.2480675568856254,3.1243317679604057,3.232600450515747,181200
3.2171358877684315,3.340871760909387,3.2016687708714957,3.325404644012451,322800
3.3408706612782937,3.449139735897592,3.3408706612782937,3.3872716426849365,664500
3.3872716718408613,3.5110075053198333,3.3872716718408613,3.464606523513794,360000
3.4800736354529396,3.4800736354529396,3.449139765586046,3.464606523513794,189600
3.464605336021321,3.464605336021321,3.356336651590554,3.402737617492676,184800
3.3718035221099854,3.4027377364671776,3.356336768942677,3.3718035221099854,77400
3.3872706292885812,3.4027377364671776,3.3718035221099854,3.3718035221099854,88200
3.3408712473769007,3.3408712473769007,3.279003143310547,3.279003143310547,65100
3.309936791677663,3.4182055122855677,3.309936791677663,3.3872716426849365,187800
3.387271642684937,3.402738754490949,3.3563377730843063,3.3872716426849365,143700
3.3872705677778105,3.449138641357422,3.3718034608800878,3.449138641357422,60900
3.449139111161057,3.495540084163173,3.4336720021565754,3.4800729751586914,249300
3.4955407473920848,3.5110075053198333,3.464606523513794,3.464606523513794,179100
3.495540084163173,3.495540084163173,3.4646058661542094,3.4800729751586914,432000
3.4955407473920848,3.4955407473920848,3.418205541707755,3.464606523513794,213600
3.4646064936922105,3.4646064936922105,3.387271642684937,3.3872716426849365,137700
3.3563355005100393,3.418203197820692,3.2944674491882324,3.2944674491882324,108000
3.279000347854992,3.3099345505214726,3.263533600532906,3.2944674491882324,60900
3.263533600532906,3.3718022478321252,3.263533600532906,3.2944674491882324,117300
3.325404644012451,3.387272757588684,3.3099378811270257,3.325404644012451,81000
3.3563372593228715,3.3563372593228715,3.279002066142061,3.309936285018921,36600
3.3099373723494514,3.325404132857448,3.279003143310547,3.279003143310547,212700
3.294470257829999,3.325404132857448,3.2635363828025503,3.279003143310547,52200
3.3099376337167477,3.3099376337167477,3.2480695247650146,3.2480695247650146,102300
3.263535261154175,3.263535261154175,3.232601042747089,3.263535261154175,84000
3.3408703804016113,3.387271357907189,3.3408703804016113,3.3408703804016113,254700
3.3099373723494514,3.325404132857448,3.279003143310547,3.279003143310547,102000
3.3099378811270257,3.340871760909387,3.3099378811270257,3.325404644012451,124200
3.3099373723494514,3.356338361896353,3.2635363828025503,3.279003143310547,161400
3.2944684612206934,3.2944684612206934,3.186199426651001,3.186199426651001,101100
3.201666591787259,3.232600450515747,3.1861994854173807,3.232600450515747,42600
3.2480695247650146,3.263536640505819,3.21713564729489,3.2480695247650146,65400
3.232601042747089,3.263535261154175,3.21713428755488,3.263535261154175,44700
3.2480675568856254,3.2480675568856254,3.201666591787259,3.232600450515747,44100
3.217135376922617,3.2326021373520906,3.170734387611288,3.2016682624816895,96900
3.2016675583288587,3.2171346693680563,3.170733690261841,3.170733690261841,67800
3.1707326745776614,3.2016665327356035,3.093397498165911,3.186199426651001,447300
3.2016665327356035,3.217133638820206,3.1707326745776614,3.186199426651001,105300
3.1552655684930584,3.2016665327356035,3.1552655684930584,3.186199426651001,53700
3.21713564729489,3.279003402235139,3.21713564729489,3.2480695247650146,66000
3.232600450515747,3.263534663255504,3.232600450515747,3.232600450515747,34800
3.294469175580491,3.3254030404460115,3.2635353107149703,3.309936285018921,238500
3.3563371651568255,3.480072975158691,3.325402947147862,3.4800729751586914,196800
3.4213311672210693,3.452576081521329,3.39008625292081,3.4213311672210693,204000
3.3900868892669678,3.4213318094321465,3.3900868892669678,3.3900868892669678,112200
3.4213313493463726,3.4213313493463726,3.327596243884828,3.3744637966156006,129000
3.3744620470933513,3.405706946857631,3.327594518661499,3.327594518661499,67200
3.311971448126657,3.4525740146636967,3.311971448126657,3.4525740146636963,76800
3.4838196667671744,3.4994419375685615,3.4057068824768066,3.4057068824768066,269400
3.4057082750957894,3.452575821806149,3.4057082750957894,3.436953544616699,29700
3.436953001751076,3.4994428157806396,3.436953001751076,3.4994428157806396,56400
3.4838196667671744,3.4838196667671744,3.4057068824768066,3.4057068824768066,123000
3.4057091705640077,3.4057091705640077,3.3744642503988294,3.3900868892669678,82200
3.327596447921121,3.3432190856463193,3.2807288923165983,3.311973810195923,102900
3.343220223680406,3.343220223680406,3.2807300090789795,3.2807300090789795,103200
3.327596447921121,3.3432190856463193,3.311973810195923,3.311973810195923,60300
3.3588401241103565,3.390085388010059,3.3119725858317426,3.3432178497314453,97200
3.358841159848326,3.3744637966156006,3.29635132792133,3.3744637966156006,125100
3.3744620470933513,3.3744620470933513,3.2963496188972194,3.327594518661499,138300
3.327595217781594,3.374462756060208,3.327595217781594,3.3432178497314453,132900
3.39008625292081,3.48382135339262,3.39008625292081,3.4213311672210693,135300
3.46819733185371,3.4838199615478516,3.4057071706480317,3.4838199615478516,210000
3.452574702159568,3.4838199615478516,3.452574702159568,3.4838199615478516,58200
3.4838199615478516,3.4838199615478516,3.452574702159568,3.4838199615478516,59700
3.452576431187384,3.5463115411523907,3.452576431187384,3.515066623687744,283800
3.530688524246216,3.546310800932173,3.515065889989266,3.530688524246216,192000
3.5463125444484116,3.5775578283238056,3.499444976206489,3.5619351863861084,383700
3.5619341786702474,3.5619341786702474,3.483821706223098,3.515066623687744,117900
3.4994439861698874,3.5306892612056013,3.483821706223098,3.515066623687744,76800
3.4838192678302504,3.49944153684271,3.4369517456512373,3.4525740146636963,147900
3.452575821806149,3.4681984565666037,3.4369535446166988,3.436953544616699,227700
3.468197038394929,3.4838196667671744,3.374461983303174,3.4057068824768066,587100
3.374461983303174,3.4057068824768066,3.311971827385052,3.4057068824768066,782700
3.4057082750957894,3.4369535446166988,3.374463363145885,3.436953544616699,279900
3.4369535446166988,3.4369535446166988,3.4213309098562443,3.436953544616699,77100
3.436954448300285,3.436954448300285,3.358841611530691,3.3900868892669678,88500
3.4213318094321465,3.452576729597325,3.343219330233651,3.3900868892669678,282000
3.374465015303679,3.421332584960674,3.3275974456466835,3.358842372894287,277800
3.3900848985247785,3.5150648633652466,3.2963498355017053,3.4838199615478516,255900
3.483820541058723,3.4994428157806396,3.421330369458211,3.4994428157806396,162600
3.515066226129615,3.546311140060425,3.468198676447887,3.546311140060425,139500
3.530687983102078,3.6244230591351334,3.530687983102078,3.5931777954101562,169800
3.608800427272645,3.686912871443212,3.5931777954101562,3.5931777954101562,408900
3.5931783461320297,3.5931783461320297,3.499443255732316,3.530688524246216,206100
3.4994439861698874,3.5306892612056013,3.4681990687052413,3.515066623687744,85800
3.515065889989266,3.5619334351891228,3.515065889989266,3.530688524246216,97500
3.5463103550882864,3.5463103550882864,3.4681979087658577,3.4994428157806396,83700
3.530688524246216,3.5619334351891228,3.515065889989266,3.530688524246216,338100
3.5306892612056013,3.5306892612056013,3.4994439861698874,3.515066623687744,80100
3.4838199615478516,3.499442233671105,3.452574702159568,3.4838199615478516,117600
3.4838209790463592,3.5619334351891228,3.468198344789409,3.530688524246216,397200
3.530688524246216,3.5619334351891228,3.499443255732316,3.530688524246216,156600
3.4994436285901958,3.6244240008201882,3.48382135023972,3.6088013648986816,361800
3.608800427272645,3.608800427272645,3.5775555211186054,3.5931777954101562,153300
3.5775558948516846,3.6088008042697552,3.561933261357161,3.5775558948516846,299100
3.5619351863861084,3.5775578283238056,3.5463125444484116,3.5619351863861084,110700
3.546310800932173,3.5619334351891228,3.499443255732316,3.530688524246216,123000
3.515065889989266,3.546310800932173,3.515065889989266,3.530688524246216,85800
3.499443631757234,3.5150662676928794,3.4213311672210693,3.4213311672210693,62100
3.4369535446166988,3.4681984565666037,3.4213309098562443,3.436953544616699,46500
3.436952139221297,3.452574410022684,3.4057068824768066,3.4057068824768066,54000
3.374464194720846,3.390086833331214,3.265106439590454,3.265106439590454,372300
3.2963526521221347,3.3275975806372506,3.2807300090789795,3.2807300090789795,478500
3.2807300090789795,3.2963526521221347,3.2494850805638635,3.2807300090789795,277500
3.3119730749328884,3.530688524246216,3.2807281639899815,3.530688524246216,1242000
3.5186958711056677,3.5186958711056677,3.408243417739868,3.408243417739868,311400
3.439800729364586,3.487137438306073,3.4240220671510424,3.4713587760925293,231000
3.4713587760925297,3.502916461670045,3.455579752728558,3.4713587760925293,282300
3.471359156970392,3.471359156970392,3.408243417739868,3.408243417739868,46200
3.424022442835116,3.424022442835116,3.37668572869984,3.408243417739868,305100
3.439801405156322,3.5502538681030273,3.439801405156322,3.5502538681030273,141000
3.550254906478681,3.5975916385650635,3.534475875399685,3.5975916385650635,189000
3.5660325259689705,3.6449269278329495,3.5660325259689705,3.5818111896514893,241200
3.566031456248351,3.660704854545649,3.566031456248351,3.6291468143463135,356100
3.613370669644059,3.6607074017304413,3.5975916385650635,3.5975916385650635,133200
3.5818097524940886,3.5818097524940886,3.5186944007873535,3.5186944007873535,56100
3.4871391433133025,3.5975916385650635,3.4871391433133025,3.5975916385650635,74100
3.6291470623756616,3.6291470623756616,3.5186949975803463,3.5344736576080322,249600
3.5344736576080322,3.5502526787860966,3.5186949975803463,3.5344736576080322,134700
3.534473058138879,3.550252076640721,3.5186944007873535,3.5186944007873535,140400
3.5186944007873535,3.5818097524940886,3.5186944007873535,3.5186944007873535,81900
3.5186954850340166,3.5186954850340166,3.455579752728558,3.4713587760925293,271200
3.4555806063522616,3.4555806063522616,3.424022912979126,3.424022912979126,108300
3.4240203099628284,3.566030363908518,3.4240203099628284,3.487135648727417,129900
3.5029153822855115,3.5186944007873535,3.4555786879303017,3.5186944007873535,74400
3.5186957328597814,3.534474396184634,3.4398009716337024,3.455579996109009,134400
3.471358521880881,3.6133686383057753,3.471358521880881,3.5660319328308105,273000
3.550252076640721,3.5660310951425633,3.5186944007873535,3.5186944007873535,74400
3.5344738884138995,3.5660319328308105,3.518695227355846,3.5660319328308105,81000
3.5660319328308105,3.5660319328308105,3.5344738884138995,3.5660319328308105,75300
3.5344748416390694,3.566032894566985,3.5186961763256113,3.5502538681030273,42900
3.5502526787860966,3.566031699964161,3.5344736576080322,3.5344736576080322,121500
3.5344747422049223,3.550253768224974,3.5029170513153076,3.5029170513153076,40500
3.5186960773353597,3.5186960773353597,3.487138025295256,3.5029170513153076,85800
3.502917326987224,3.502917326987224,3.424022912979126,3.424022912979126,150600
3.455580131875144,3.455580131875144,3.408243417739868,3.408243417739868,39300
3.439801106779896,3.455580131875144,3.408243417739868,3.408243417739868,205500
3.424022912979126,3.439801579090435,3.408243885717299,3.424022912979126,45300
3.4240203099628284,3.4871356487274174,3.4240203099628284,3.487135648727417,84900
3.487137438306073,3.487137438306073,3.455579752728558,3.4713587760925293,42000
3.45557832562432,3.4713573424717845,3.4397993087768555,3.4397993087768555,39000
3.5186960773353597,3.5344747422049223,3.4713593604256934,3.5029170513153076,196500
3.5186949975803463,3.5344736576080322,3.502915976402282,3.5344736576080322,108600
3.5344748416390694,3.566032894566985,3.5344748416390694,3.5502538681030273,142200
3.5660318073901283,3.629147171702966,3.5660318073901283,3.613368511199951,125100
3.629148701886294,3.692264453961456,3.629148701886294,3.6607067584991455,246000
3.6764854256550303,3.6764854256550303,3.6607067584991455,3.6607067584991455,190200
3.692264176622222,3.739600896835327,3.692264176622222,3.739600896835327,363600
3.7395995795726775,3.818493965087373,3.7395995795726775,3.7869362831115723,321600
3.7711596488952637,3.786938680447333,3.723822915389672,3.7711596488952637,139200
3.7711576234901942,3.7711576234901942,3.739599938485604,3.7553789615631104,147300
3.75537896156311,3.75537896156311,3.739599938485604,3.7553789615631104,47700
3.786938680447333,3.786938680447333,3.739601946941741,3.7711596488952637,447900
3.75537896156311,3.75537896156311,3.723820915408098,3.7553789615631104,304200
3.7711576234901942,3.7711576234901942,3.739599938485604,3.7553789615631104,176700
3.771157261548478,3.818493965087373,3.7553786011357713,3.7869362831115723,362100
3.818497180938721,3.8342762157905588,3.786939472385737,3.8184971809387207,90000
3.8342762157905588,3.8500552506423964,3.8027185072375747,3.8184971809387207,204600
3.85005128715301,3.881608963218501,3.8342722685451047,3.8658299446105957,100800
3.8658299446105957,3.8658299446105957,3.8342722685451047,3.8658299446105957,98100
3.834273494206942,3.8658311803601464,3.69226336479187,3.69226336479187,836100
3.6922654962007075,3.723823200571012,3.6922654962007075,3.7080445289611816,62100
3.7080434822678825,3.7080434822678825,3.6449277301927197,3.6607067584991455,521100
3.597589135297332,3.6291468143463135,3.5818101151976647,3.6291468143463135,135000
3.6291468143463135,3.6449258344459814,3.597589135297332,3.6291468143463135,103800
3.6291497263094556,3.7080445289611816,3.6291497263094556,3.7080445289611816,91800
3.7080423884436895,3.7080423884436895,3.660705678638666,3.69226336479187,96300
3.6764838544706886,3.802715304674666,3.6764838544706886,3.7869362831115723,181800
3.8184953101403316,3.8184953101403316,3.7238218697141208,3.739600896835327,207300
3.7593498229980473,3.775279393447598,3.727491046695097,3.759349822998047,60600
3.7593520935990004,3.823070049285889,3.743422878124557,3.8230700492858887,316500
3.8230677402000994,3.8230677402000994,3.7593498229980473,3.759349822998047,46200
3.7593517327328647,3.807140103761657,3.7274929402457824,3.791210889816284,51000
3.791208963897149,3.791208963897149,3.7593498229980473,3.759349822998047,43200
3.7912119660287327,3.7912119660287327,3.7593527999014427,3.775282382965088,33900
3.7593520935990004,3.823070049285889,3.7593520935990004,3.8230700492858887,37800
3.7912108979436967,3.8230696904990764,3.7912108979436967,3.8071401119232178,80400
3.775281319367838,3.8071401119232178,3.7593517407919794,3.8071401119232178,28500
3.7752823829650874,3.7912119660287327,3.7593527999014427,3.775282382965088,47100
3.7752823829650874,3.7912119660287327,3.7752823829650874,3.775282382965088,35700
3.77528298377072,3.8071417903716402,3.7434241771698,3.7434241771698,55200
3.7593517407919794,3.8071401119232178,3.7593517407919794,3.8071401119232178,58200
3.8230683626294497,4.014221780760922,3.8230683626294497,3.9982922077178955,355800
4.014224759270164,4.077942734124072,4.014224759270164,4.062013149261475,344700
4.093868789511077,4.205375068153267,4.062010009011678,4.189445495605469,409800
4.157588594194363,4.157588594194363,4.077941424649964,4.093870639801025,222600
4.077940464019775,4.093869675418432,4.0301521006312475,4.077940464019775,688200
4.109799507029191,4.141658296404294,4.077940717654088,4.125729084014893,982800
4.093870639801025,4.10980021954845,4.077941424649964,4.093870639801025,144600
4.077942734124072,4.1098015392527865,4.030154344132761,4.062013149261475,314400
4.046082265155113,4.10980021954845,4.030153050004052,4.093870639801025,270000
4.07794176795299,4.093870984445059,3.9027174697690805,3.918647050857544,325200
3.9027174697690805,3.934576631946007,3.8867882532770124,3.918647050857544,115800
3.9505050221902707,3.998293390864332,3.934575809029796,3.9823641777038574,65700
3.950505848438075,3.966435429526538,3.918647050857544,3.918647050857544,202800
3.9186475306381414,3.9186475306381414,3.8549295630793585,3.870859146118164,155400
3.870858549224086,3.8867881298065186,3.838999752655604,3.8867881298065186,64800
3.8867876402061734,3.8867876402061734,3.8071401119232178,3.8071401119232178,212700
3.8230707675595825,3.8230707675595825,3.7752823829650874,3.775282382965088,106200
3.7752813112745747,3.791210889816284,3.7593517327328647,3.791210889816284,87900
3.775279393447598,3.775279393447598,3.727491046695097,3.759349822998047,32400
3.743423221923947,3.791211601928949,3.6956348419189453,3.6956348419189453,160500
3.6956322703921463,3.7593498229980473,3.6637731294930447,3.759349822998047,82200
3.7593517327328647,3.807140103761657,3.7593517327328647,3.791210889816284,85500
3.7752813112745747,3.791210889816284,3.7593517327328647,3.791210889816284,63000
3.7593527999014427,3.7912119660287327,3.7593527999014427,3.775282382965088,42000
3.759353283857868,3.759353283857868,3.727494478225708,3.727494478225708,67800
3.727494478225708,3.7752828689721913,3.727494478225708,3.727494478225708,82200
3.711564415306948,3.7752823829650874,3.711564415306948,3.775282382965088,261000
3.7752823829650874,3.7912119660287327,3.7593527999014427,3.775282382965088,148500
3.7752813112745747,3.807140103761657,3.7752813112745747,3.791210889816284,46500
3.8071387635241765,3.9505038261413574,3.7912095551864065,3.9505038261413574,472200
3.9505030196098825,3.9505030196098825,3.80713798626199,3.8389971256256104,457200
3.838999260845076,3.838999260845076,3.7593517327328647,3.791210889816284,372300
3.7593512193622334,3.7593512193622334,3.6319157022199446,3.6637744903564453,583200
3.6637755588258183,3.6637755588258183,3.615987180386367,3.6319167613983154,239100
3.6319171187410517,3.711564302444458,3.6319171187410517,3.711564302444458,190200
3.7115650059723815,3.759353398172011,3.7115650059723815,3.7434241771698,202800
3.727491046695097,3.7593498229980473,3.727491046695097,3.759349822998047,77100
3.7912119660287327,3.8071411844959373,3.7752823829650874,3.775282382965088,158700
3.7752813112745747,3.807140103761657,3.7752813112745747,3.791210889816284,175500
3.791210889816284,3.807140103761657,3.791210889816284,3.791210889816284,73200
3.8071401119232178,3.8230696904990764,3.775281319367838,3.8071401119232178,451800
3.7912112537406304,3.838999629356704,3.775281673669815,3.8230700492858887,285600
3.8230696823033665,3.8230696823033665,3.791210889816284,3.791210889816284,119400
3.791210889816284,3.8230696823033665,3.791210889816284,3.791210889816284,84900
3.7912119660287327,3.8071411844959373,3.7593527999014427,3.775282382965088,110700
3.8071401119232178,3.8071401119232178,3.775281319367838,3.8071401119232178,73500
3.8071411844959373,3.8071411844959373,3.7434235814342376,3.775282382965088,490200
3.8071401119232178,3.8071401119232178,3.775281319367838,3.8071401119232178,37200
3.7912112537406304,3.838999629356704,3.775281673669815,3.8230700492858887,159300
3.8071410687271174,3.8071410687271174,3.711564302444458,3.711564302444458,257700
3.6956357849701704,3.77528298377072,3.6956357849701704,3.7434241771698,119700
3.7472825050354004,3.7633653857960643,3.7472825050354004,3.7472825050354004,198900
3.8920244927476277,3.9241902308405248,3.843776253713133,3.8759419918060303,356400
3.8920239221119144,3.8920239221119144,3.795527458190918,3.795527458190918,102600
3.7955291452095596,3.8437773986152104,3.7955291452095596,3.827694892883301,88500
3.795527458190918,3.8116103248793496,3.7633620929188516,3.795527458190918,213900
3.795527458190918,3.8276931915677816,3.779444959607283,3.795527458190918,104700
3.763362644690592,3.87594199180603,3.7472797756441434,3.8759419918060303,83700
3.827694892883301,3.8920256520208616,3.827694892883301,3.827694892883301,103200
3.827694521704477,4.004604644334899,3.7955287771499093,3.9402735233306885,213600
3.940273838605645,4.036770343780518,3.940273838605645,4.036770343780518,199800
4.02068903469186,4.085019811880327,3.9724407677479783,4.068937301635742,90600
4.068937277275139,4.068937277275139,4.0046061323667566,4.020689010620117,166500
4.020687838321342,4.085018596367954,4.020687838321342,4.036770343780518,123600
4.036772134104077,4.068937895497973,4.036772134104077,4.052855014801025,51900
4.085018201056209,4.1654321929901545,4.085018201056209,4.133266448974609,139500
4.149349580143237,4.165432453155518,4.133266707130957,4.165432453155518,64500
4.245843951621752,4.374505766848098,4.245843951621752,4.294092178344727,660300
4.310176527018848,4.342341899871826,4.278010786060986,4.342341899871826,487200
4.342341899871826,4.342341899871826,4.310176527018848,4.342341899871826,559500
4.342342268536493,4.37450764412031,4.3101768929526765,4.358425140380859,240000
4.374506267319887,4.438837366345333,4.374506267319887,4.40667200088501,225900
4.374507599882312,4.390590471564037,4.294093977683509,4.310176849365234,183900
4.310178338634708,4.310178338634708,4.197598934173584,4.197598934173584,76800
4.278008595919821,4.278008595919821,4.213677883148193,4.213677883148193,198300
4.2458432395340076,4.2458432395340076,4.197595020902939,4.213677883148193,63900
4.261930102531757,4.261930102531757,4.213681838609152,4.245847225189209,22800
4.294094671373783,4.438839435577393,4.278011797093947,4.438839435577393,561600
4.503168465370778,4.503168465370778,4.342340901859565,4.40667200088501,229500
4.422755516056713,4.438838386535645,4.310176527018848,4.342341899871826,349200
4.406673297673502,4.406673297673502,4.229762815318805,4.261928558349609,155700
4.22976434784666,4.261930102531757,4.197598961266604,4.245847225189209,314400
4.245847225189209,4.245847225189209,4.197598961266604,4.245847225189209,238500
4.261930102531757,4.294095489111814,4.213681838609152,4.245847225189209,145800
4.278010786060986,4.374507272724804,4.21368004035503,4.342341899871826,627000
4.4066741931923925,4.985653268147379,4.3905913184086485,4.631832599639893,783300
4.663999593670393,4.82482729279872,4.631834201086772,4.760496139526367,452700
4.663997264121811,4.663997264121811,4.503170013427734,4.503170013427734,329700
4.535337601913229,4.615751266479492,4.535337601913229,4.615751266479492,463500
4.535336971282959,4.551419849201959,4.454923317898066,4.535336971282959,244800
4.535335945046467,4.535335945046467,4.438839435577393,4.438839435577393,195600
4.358423270010278,4.43883685851365,4.229761086679175,4.294092178344727,333000
4.294094276262572,4.438839027147827,4.278011403462565,4.374507904052734,438000
4.406674975876361,4.438840363051866,4.390592098236084,4.390592098236084,132300
4.471005468993048,4.519253730773926,4.406674698688559,4.519253730773926,175800
4.503170203053895,4.615749209659407,4.471004457076656,4.583583831787109,251700
4.551419484031195,4.551419484031195,4.454922960469438,4.519253730773926,110400
4.535335945046467,4.551418819326303,4.438839435577393,4.438839435577393,68400
4.454922739345605,4.583584641673364,4.438839863515258,4.551419258117676,252900
4.615750229430277,4.696164244034531,4.615750229430277,4.680081367492676,324600
4.663998890319798,4.680081768238798,4.535336971282959,4.535336971282959,167100
4.535335389945565,4.535335389945565,4.487087141116357,4.503170013427734,103800
4.519253353717547,4.680081002270429,4.503170846535754,4.663998126983643,194100
4.69616529915086,4.856992628283387,4.615751266479492,4.615751266479492,277200
4.583584343393644,4.712246237348647,4.583584343393644,4.631832599639893,170100
4.615749724856149,4.728329112132391,4.583584343393644,4.631832599639893,106200
4.631831843742292,4.663997219955529,4.43883885025303,4.454921722412109,115200
4.487087971248968,4.712246384739007,4.487087971248968,4.663998126983643,243600
4.680081367492676,4.744412505555074,4.647915982513988,4.680081367492676,163800
4.71224786659838,4.760496139526367,4.663999593670393,4.760496139526367,135000
4.760494930334386,4.824826067266275,4.696164161507513,4.744412422180176,438300
4.744408841446493,4.824822425842285,4.680077753067017,4.824822425842285,162300
4.889157436628225,5.033902225527366,4.856991682580616,4.921322822570801,576000
4.829247951507568,4.926481129249901,4.829247951507568,4.829247951507568,127200
4.845454777876529,4.8778660947287165,4.667194018850518,4.683399677276611,232500
4.667192282135954,4.7644254546804525,4.6509866297401645,4.715808868408203,130500
4.732012924257235,4.780629494126608,4.715807277329114,4.764423847198486,58200
4.780629808266398,4.813040733337402,4.780629808266398,4.813040733337402,40200
4.813042298245468,4.861658887116634,4.813042298245468,4.829247951507568,116400
4.861662391187876,5.120951175689697,4.845456726245448,5.120951175689697,93300
5.104741560929813,5.185769081115723,5.056124974635242,5.185769081115723,279600
5.153360640433471,5.153360640433471,5.007510810987241,5.039921760559082,130800
5.056123276651637,5.056123276651637,4.958890136716029,4.9913010597229,60300
4.975095783676961,4.9913010597229,4.894067919787292,4.9913010597229,51900
4.991303282871312,5.023714591229316,4.942686691249465,4.958892345428467,383100
4.926480327902682,4.9588912582397455,4.861658096313477,4.861658096313477,186000
4.764427143962621,4.861660350982266,4.74822148582093,4.845454692840576,346500
4.877865696671484,4.910276639963527,4.764426838776492,4.780632495880127,318600
4.715808646513684,4.910274982452393,4.6833977141622665,4.910274982452393,248100
4.910276543836178,4.9588931432801004,4.8616599443922555,4.926482200622559,150000
4.861660039567849,4.894070982859893,4.780632495880127,4.780632495880127,978000
4.764426838776492,4.796837782068536,4.732015895484448,4.780632495880127,103800
4.796836250495468,4.796836250495468,4.6671921478058955,4.699603080749512,102900
4.715810010830562,4.715810010830562,4.6509877564590925,4.667193412780762,66600
4.667193412780762,4.94268734475789,4.6509877564590925,4.667193412780762,111300
4.650986850728225,4.650986850728225,4.602370262145996,4.602370262145996,127200
4.56995920675152,4.56995920675152,4.472726032139786,4.505136966705322,125400
4.488931933448552,4.6185760498046875,4.488931933448552,4.6185760498046875,240300
4.6185759153117845,4.634781568477572,4.569959326729554,4.602370262145996,231300
4.602370396166991,4.634781703442385,4.569959459806744,4.6185760498046875,95100
4.650986986164935,4.683398293440328,4.6185760498046875,4.6185760498046875,130800
4.602370262145996,4.634781568477572,4.569959326729554,4.602370262145996,129000
4.553755738972087,4.667194620753844,4.537550449371338,4.537550449371338,137100
4.537548762660258,4.796837009041874,4.537548762660258,4.732015132904053,69600
4.715807277329114,4.796834770139737,4.667190707459742,4.764423847198486,117000
4.732015919784693,4.79683780670166,4.715810262597838,4.79683780670166,110400
4.877863746939547,4.926480327902682,4.845452445687406,4.861658096313477,118200
4.764425230498362,4.910274982452393,4.699602994880426,4.910274982452393,419400
4.926482392659828,4.926482392659828,4.829249189981773,4.877865791320801,98100
4.877865601178636,4.9588931432801004,4.8616599443922555,4.926482200622559,158400
4.894069330819134,4.942685914803811,4.861658398467716,4.910274982452393,377700
4.877864540378735,4.894069822725699,4.7482200561122,4.829247951507568,67500
4.877864050100975,4.910274982452393,4.845452746834456,4.910274982452393,84900
4.926480634085652,4.926480634085652,4.861658398467716,4.910274982452393,119400
4.91027387946543,4.91027387946543,4.796835085344392,4.813040733337402,84600
4.79683616284978,4.910274982452393,4.79683616284978,4.910274982452393,78600
4.894069330819134,4.95889156643707,4.877864050100975,4.910274982452393,213000
4.877864816363773,4.975097999607469,4.861659162184771,4.958892345428467,111600
4.94268748649372,4.975098800066481,4.8616599443922555,4.926482200622559,166800
4.894070887049798,4.94268748649372,4.829249001734713,4.926482200622559,146400
4.926482417139559,4.926482417139559,4.877865815558955,4.894071102142334,101700
4.942684455206056,4.975095748901367,4.877862609645413,4.975095748901367,310200
4.97509781846744,5.02371440831919,4.958892164878475,5.007508754730225,294600
5.007508754730225,5.02371440831919,4.97509781846744,5.007508754730225,187500
4.958892345428467,4.991303282871312,4.861659162184771,4.958892345428467,123900
4.958890136716029,4.9913010597229,4.894067919787292,4.9913010597229,194700
4.94268651128951,5.056125344581975,4.94268651128951,5.007508754730225,316500
5.007510464925032,5.08853801871258,5.007510464925032,5.056127071380615,116700
5.056127374008445,5.299210420835774,5.056127374008445,5.2830047607421875,954900
5.299207863984285,5.315413516258694,5.218180344442469,5.250591278076172,346800
5.234385667410292,5.234385667410292,5.137152494821152,5.185769081115723,237300
5.1533581062599465,5.250591278076172,5.1533581062599465,5.250591278076172,491700
5.250590805709246,5.250590805709246,5.153357642640556,5.169563293457031,190500
5.169563293457031,5.185768573358425,5.1047410611062105,5.169563293457031,125100
5.169565612540356,5.169565612540356,5.072332405852545,5.088537693023682,67200
5.02842903137207,5.093733430682429,5.012103211800024,5.02842903137207,127500
5.0284295048276375,5.044755699610946,4.946799278259277,4.946799278259277,444300
4.97945293914752,5.077409392859762,4.97945293914752,5.04475736618042,124800
5.0121029854060914,5.12638521194458,4.979450600388773,5.12638521194458,80700
5.175364365309272,5.289646986488984,5.159038543479391,5.240668773651123,986100
5.240671680168642,5.256997884727273,5.12638899560686,5.159041404724121,96000
5.15903984985572,5.191691875457764,5.110061624615553,5.191691875457764,72600
5.17536701129211,5.191693215143113,5.126388773413401,5.142714977264404,239100
5.12638521194458,5.12638521194458,5.077407008092645,5.12638521194458,104400
5.1427138443315945,5.1427138443315945,4.930474735721742,4.963127136230469,225600
4.946800983313358,5.028431238017881,4.832518327787649,4.848844528198242,155400
4.832518836250472,4.832518836250472,4.718236542374552,4.767214775085449,195300
4.832518327787649,4.930474782902765,4.799866300640684,4.848844528198242,159300
4.8814965553452065,4.930474782902765,4.799866300640684,4.848844528198242,257100
4.783541812194811,4.9468027537069545,4.783541812194811,4.914150714874268,116400
4.946798812489666,5.061081417864278,4.914146799671516,5.02842903137207,112800
4.995781109883235,5.093737602233887,4.94680286370791,5.093737602233887,199800
5.077407008092645,5.256994004665769,5.077407008092645,5.12638521194458,340800
5.14271520016549,5.159041404724121,5.12638899560686,5.159041404724121,173400
5.175366401672363,5.208018805528158,5.1590405734187215,5.175366401672363,148500
5.485558524049842,5.599841117858887,5.4529065145361235,5.599841117858887,444300
5.485560282862938,5.5508646965026855,5.485560282862938,5.5508646965026855,313800
5.518214394672625,5.534540597689981,5.371279688539262,5.403932094573975,264900
5.322301416497859,5.485562324523926,5.289649384362357,5.485562324523926,159300
5.534536979456239,5.665145397186279,5.501884968442238,5.665145397186279,262800
5.714123337993913,5.714123337993913,5.550862916751299,5.599841117858887,301800
5.599843041529807,5.6651470829906385,5.55086482359711,5.567190647125244,264000
5.599843151979937,5.6977995897774045,5.550864933081203,5.616168975830078,330300
5.648820760474211,5.730450991926522,5.6161683689539945,5.6814727783203125,431100
5.6814727783203125,5.6977989740804205,5.6324945647141025,5.6814727783203125,276900
5.714124666866352,5.844733482643552,5.697798845149782,5.746777057647705,647700
5.697800365726448,5.861060868506253,5.697800365726448,5.795756816864014,352800
5.779433111757281,5.828411358467088,5.779433111757281,5.812085151672363,132000
5.812080487401513,5.812080487401513,5.550863630362073,5.583515644073486,454500
5.6161683689539945,5.730450991926522,5.6161683689539945,5.6814727783203125,203400
5.648819578516298,5.665145397186279,5.599841375158277,5.665145397186279,153300
5.6651465825602045,5.730450991926522,5.6161683689539945,5.6814727783203125,127800
5.63249385147764,5.64882004517038,5.567189450380746,5.583515644073486,68100
5.616168241870506,5.746777057647705,5.616168241870506,5.746777057647705,462000
5.730452060699463,5.8120823073764365,5.714125861894394,5.730452060699463,510000
5.7304525613960635,5.7304525613960635,5.632496107355105,5.64882230758667,321300
5.616169907123539,5.681474334375584,5.616169907123539,5.64882230758667,171900
5.681476203485712,5.8937153816223145,5.681476203485712,5.8937153816223145,229800
5.86105930504397,6.024320137947465,5.86105930504397,5.910037517547607,557700
5.959016134899135,6.285538196563721,5.942690312071504,6.285538196563721,646200
6.2692145400159935,6.2692145400159935,6.220236301422118,6.220236301422119,584100
6.30186653137207,6.383497929774819,6.2855414474493605,6.30186653137207,292800
6.187583092970437,6.285539925247505,6.138604863669019,6.203908920288086,396300
6.171255358005501,6.285538362867422,6.138603337812197,6.154929161071777,601800
6.0896271955627554,6.252887725830079,6.073300993066315,6.252887725830078,828300
6.236561897007908,6.2692139283265185,6.187583663192857,6.252887725830078,371400
6.220236301422118,6.220236301422118,6.1875842669176375,6.220236301422119,106200
6.2528883359266,6.2692145400159935,6.2039100973327255,6.220236301422119,195900
6.220232132822275,6.269210338592529,6.220232132822275,6.269210338592529,381000
6.2692145400159935,6.2692145400159935,6.2039100973327255,6.220236301422119,314100
6.1875842941335275,6.1875842941335275,5.975345134735107,5.975345134735107,147900
5.975346098596511,5.975346098596511,5.763106904962556,5.812085151672363,188700
5.812085151672363,5.844737565261813,5.779433111757281,5.812085151672363,302100
5.779433029529971,5.795759236092414,5.746780990079449,5.763106822967529,139200
5.763103089641888,6.040646553039551,5.763103089641888,6.040646553039551,165600
6.04065019800466,6.04065019800466,5.910041298651747,5.942693710327148,250200
5.942693100087007,5.991671338896311,5.893714861277703,5.975345134735107,185400
6.029861927032471,6.029861927032471,5.914850813637491,6.029861927032471,157800
5.98057535970819,6.029865814936399,5.9312849044799805,5.9312849044799805,54600
5.964143808866512,6.095584869384766,5.931283637751011,6.095584869384766,207300
6.079153833375926,6.079153833375926,5.849131550476309,5.947712421417236,95100
5.914852004688252,6.112013738177861,5.914852004688252,5.997002601623535,145200
6.062728023524351,6.095588212662847,6.013437551788381,6.079158306121826,166200
6.0791523504794505,6.0791523504794505,5.96414123708447,6.029861927032471,111300
6.062728023524351,6.079158306121826,6.013437551788381,6.079158306121826,121500
6.0791561549206765,6.276317972095874,6.046295601353929,6.2598876953125,141300
6.276318173789547,6.342038154866031,6.227027717911766,6.309178352355957,153900
6.35847015198531,6.374900808825349,6.292749404907227,6.292749404907227,122400
6.374898390852246,6.374898390852246,6.276317119598389,6.276317119598389,123300
6.30917958714193,6.30917958714193,5.881995677947998,5.881995677947998,184200
5.881995677947998,5.931286143472544,5.799844651369482,5.881995677947998,223200
5.898421985946773,5.947712421417236,5.832701656023607,5.947712421417236,105300
6.013435261308539,6.013435261308539,5.816273449462357,5.980575084686279,126300
5.947712421417236,5.980572962434998,5.88199209149407,5.947712421417236,84300
5.914853413899739,5.914853413899739,5.717691633436415,5.766982078552246,162300
5.750551803033939,5.783412350471741,5.536960124969482,5.536960124969482,256800
5.569822596652167,5.619113062109266,5.487671946242472,5.520532131195068,238800
5.520529337162847,5.651970386505128,5.50409906497398,5.651970386505127,650400
5.602682034266145,5.717693230343565,5.536961673127354,5.68483304977417,364500
5.651970386505128,5.70126082701551,5.619110218183612,5.651970386505127,57900
5.651972493148417,5.717693230343565,5.602682034266145,5.68483304977417,84300
5.717695322694949,5.816276276534517,5.717695322694949,5.750555515289307,164400
5.750554371606964,5.816275119781494,5.734124466605647,5.816275119781494,52500
5.849131550476309,5.980572962434998,5.849131550476309,5.947712421417236,110400
5.947715364918675,6.046296284646921,5.832704542606632,5.84913444519043,201600
5.865563802482668,6.046295334910144,5.865563802482668,5.964144706726074,267900
5.964145157469733,6.01343561331659,5.799843512628097,5.832704067230225,118500
5.832704542606632,5.865564723830593,5.766983804102347,5.84913444519043,74700
5.865562968783909,5.898423140175712,5.766982078552246,5.766982078552246,128100
5.799840100218466,5.799840100218466,5.6848293549480555,5.717689514160156,103200
5.734124466605647,5.816275119781494,5.734124466605647,5.816275119781494,121500
5.78341408274251,5.881995002470755,5.766983804102347,5.84913444519043,212700
5.849133765445751,5.849133765445751,5.7998433113098145,5.7998433113098145,105300
5.832705400839232,5.849135305840549,5.7998448387237564,5.816275119781494,92400
5.7998431731230715,5.980575084686279,5.7998431731230715,5.980575084686279,183000
5.980575084686279,5.980575084686279,5.914854355385448,5.980575084686279,124500
5.947710970583448,6.062722083978428,5.931281080138513,6.029861927032471,110400
5.997004611615981,6.029865162248766,5.997004611615981,6.013434886932373,87300
6.013434886932373,6.029865162248766,5.947714161723093,6.013434886932373,112200
5.997004882788441,6.013435158847777,5.947714430666738,5.964144706726074,77400
5.964145643558838,5.964145643558838,5.81627426396647,5.84913444519043,172800
5.832704067230225,5.832704067230225,5.766983334082304,5.832704067230225,53700
5.799842792048762,5.832703342568256,5.6355415436764424,5.668401718139648,314700
5.635541015170386,5.717691631652388,5.536960124969482,5.536960124969482,218700
5.553390630409892,5.58625118144404,5.356228828430176,5.356228828430176,345900
5.389090259685469,5.520531357121969,5.389090259685469,5.438380718231201,387900
5.438381480785373,5.520532131195068,5.405520919776368,5.520532131195068,166200
5.471239409559338,5.553390026092529,5.471239409559338,5.553390026092529,219900
5.553390338538296,5.619111061096191,5.520530165287486,5.619111061096191,253800
5.619111396170951,5.619111396170951,5.421949592796532,5.471240043640137,257700
5.421950139036967,5.421950139036967,5.356229405938953,5.372659683227539,292500
5.421945699368804,5.4876663786525555,5.389085547754941,5.454805850982666,192600
5.454810317557807,5.454810317557807,5.274078771608686,5.372659683227539,458700
5.323370361328125,5.339800642116461,5.12620849609375,5.175498962402344,389100
5.1590681093915185,5.257649031074518,5.076917466674476,5.142638206481934,241800
5.1097783070975,5.224789522569085,5.076918120986941,5.208359241485596,410400
5.175497070539792,5.175497070539792,4.797603758995328,4.961905002593994,421800
4.97833554904735,5.0111957243490295,4.863324371407029,4.912614822387695,604800
4.9619055496314,4.9619055496314,4.8633246421813965,4.8633246421813965,130200
4.846894056845592,4.863323955061732,4.731882889051285,4.814033508300781,109200
4.814034188456395,4.896185195368943,4.781174011325167,4.8633246421813965,143100
4.984518051147461,5.034197631793365,4.885158889855652,4.984518051147461,348900
4.967953291012486,5.1004319190979,4.951393320367526,5.1004319190979,272400
5.100436952378774,5.1666765213012695,5.017637775494502,5.1666765213012695,110400
5.166673037085203,5.166673037085203,4.984514819170619,5.017634391784668,134400
5.0341943676041305,5.050753964398718,4.967954843351157,5.017634391784668,623700
5.017636010929376,5.017636010929376,4.835477734234002,4.951396465301514,136500
4.934836289204204,4.98451584789074,4.918276309967041,4.918276309967041,53400
4.901715231756725,4.901715231756725,4.7692365646362305,4.7692365646362305,202200
4.785799503326416,4.8189190958565815,4.719559939240982,4.785799503326416,275400
4.785797967649218,4.785797967649218,4.636759280549675,4.653318881988525,192600
4.6864387549188775,4.785797877786239,4.6864387549188775,4.752677917480469,490200
4.852038916741635,4.984518051147461,4.785799728563843,4.984518051147461,329100
4.951396373702274,5.050755500793457,4.934836771870404,5.050755500793457,103500
5.034193785086818,5.0507533799652595,5.001073837280273,5.001073837280273,199200
4.9845155676003925,5.034195123493337,4.967955589294434,4.967955589294434,125100
5.001076411943115,5.100435548465329,4.98451680853943,5.034196376800537,208500
5.067315481650318,5.067315481650318,5.0341958989615865,5.050755500793457,52200
5.034192794567572,5.1004319190979,5.034192794567572,5.1004319190979,15300
5.1666714226529855,5.1666714226529855,5.083872327477696,5.1004319190979,100200
5.067313923936571,5.249472141265869,5.050753948170318,5.249472141265869,136200
5.315712377565716,5.431631465411906,5.282592800620344,5.415071487426758,180300
5.398510827184812,5.398510827184812,5.348831278532729,5.365391254425049,136500
5.365392289071712,5.365392289071712,5.249473193521723,5.266033172607422,64200
5.26603547190327,5.282595458219514,5.232915878295898,5.232915878295898,41100
5.249474541080911,5.266034524417617,5.116995811462402,5.116995811462402,40800
5.11699827058058,5.199797469005513,5.100438279285502,5.150117874145508,50400
5.150117407246862,5.1666773970406465,5.116997806684487,5.1335577964782715,34800
5.133558261875659,5.166677865440586,5.034199072155647,5.150117874145508,70800
5.1832369308446085,5.2991557121276855,5.166676942507671,5.2991557121276855,59100
5.332271724267562,5.497869968414307,5.332271724267562,5.497869968414307,116100
5.530992123379292,5.6303512610506266,5.514432140759059,5.564111709594727,216600
5.6137891861988685,5.646908760070801,5.564109635878524,5.646908760070801,324600
5.5806711169165375,5.597230718804648,5.530991553202221,5.547551155090332,378900
5.514432048753474,5.547551634416325,5.4978720664095375,5.530992031097412,87300
5.49787187768333,5.514431859458812,5.4481923113819,5.481312274932861,136800
5.4978720664095375,5.547551634416325,5.4813124630906245,5.530992031097412,149400
5.497874090077121,5.51443407851649,5.44819450378418,5.44819450378418,47700
5.431630452804556,5.514429569244385,5.398510503008741,5.514429569244385,73500
5.481309998473424,5.530989544142292,5.481309998473424,5.514429569244385,19800
5.4978695943464775,5.547549140015346,5.4978695943464775,5.514429569244385,51900
5.514432048753474,5.564111616760263,5.514432048753474,5.530992031097412,104400
5.514430822325731,5.61378993624151,5.497870843664788,5.597229957580566,81000
5.564109114913253,5.580669089811161,5.4978695943464775,5.514429569244385,348900
5.431634417966122,5.448194025927898,5.067317357430091,5.1666765213012695,1123200
5.133557344858957,5.2991557121276855,5.11699735652202,5.2991557121276855,148500
5.332272355550865,5.415071487426758,5.299152399580568,5.415071487426758,166200
5.431632612493313,5.431632612493313,5.299153518684327,5.348833084106445,351300
5.348832309986014,5.348832309986014,5.199793635289578,5.266033172607422,559500
5.26603547190327,5.282595458219514,5.199795905663411,5.232915878295898,634200
5.266032117032124,5.299151689539757,5.216352568758236,5.249472141265869,551700
5.26603547190327,5.26603547190327,5.199795905663411,5.232915878295898,174600
5.199792592991981,5.249472141265869,5.166673020484348,5.249472141265869,320100
5.282593348392306,5.348832509151639,5.266033368689992,5.315712928771973,428700
5.315715700464623,5.348835298113336,5.2991557121276855,5.2991557121276855,402900
5.315712928771973,5.3322729084742875,5.282593348392306,5.315712928771973,280500
5.299153518684327,5.348833084106445,5.299153518684327,5.348833084106445,227700
5.315712377565716,5.44819106437213,5.315712377565716,5.415071487426758,338400
5.448192214950683,5.464752196433057,5.332273481649076,5.348833084106445,171600
5.315715051826886,5.348834645434258,5.199795905663411,5.232915878295898,427200
5.232912815184032,5.249472412781917,5.150113311095035,5.199792861938477,165300
5.23291287999259,5.23291287999259,5.083874225616455,5.083874225616455,219000
5.0673136711120605,5.083873646052084,5.034194100256868,5.0673136711120605,232500
5.0838765847670615,5.216355323791504,5.0838765847670615,5.216355323791504,448800
5.216356103236858,5.249475698185541,5.116996939365681,5.1666765213012695,478800
5.091172695159912,5.1412498048895445,5.041095585430281,5.091172695159912,219900
5.091170481323659,5.174632549285889,4.991016305415274,5.174632549285889,515100
5.107865192422465,5.124557689685019,5.057788082692833,5.091172695159912,169200
5.09117134884873,5.09117134884873,4.957632552235434,5.024402141571045,159000
5.0410945919796255,5.074479579925537,5.024402480064621,5.074479579925537,71100
5.074479579925537,5.074479579925537,5.0410945919796255,5.074479579925537,41700
5.074478329174008,5.074478329174008,5.024401241656034,5.041093349456787,97500
5.0244029525897,5.0244029525897,4.890863752363124,4.940940856933594,347400
4.9409392461773285,4.9743242263793945,4.907554648033125,4.9743242263793945,103200
4.974324640457637,5.124555917699063,4.974324640457637,5.107863426208496,102900
5.07448225867135,5.308175387366201,5.07448225867135,5.2747907638549805,237600
5.30817289491112,5.374942492640018,5.2747882870756575,5.341557502746582,499800
5.3415538900437305,5.558554649353027,5.308169304787576,5.558554649353027,362700
5.675406053112259,5.859021999828273,5.658713555389699,5.842329502105713,1173600
5.808940256628652,5.859017327806486,5.69209362986113,5.792247772216797,305100
5.7755602753315465,5.875714497550833,5.725483164221903,5.842329502105713,519900
5.808942297091424,5.808942297091424,5.725480609830664,5.742172718048096,541800
5.725481179377327,5.975866648124763,5.725481179377327,5.959174156188965,525900
5.942482900092462,5.992560004256325,5.8757136825793,5.925790786743164,396900
5.892405938980367,5.942483044359968,5.775559614466628,5.87571382522583,724800
5.842325493828473,6.009249210357666,5.775556312863015,6.009249210357666,562200
6.042636539063487,6.126098626177849,6.025944427286974,6.059329032897949,543300
6.042634840140625,6.092711925506592,6.009250243915928,6.092711925506592,567600
6.1094036998780386,6.259634938399629,6.1094036998780386,6.192865371704102,413400
6.259634938399629,6.293019530718495,6.059326620370841,6.192865371704102,467100
6.12609618706637,6.209557858892433,6.076019107559173,6.192865371704102,328500
6.176171405697086,6.226248470116095,6.109401859119179,6.126094341278076,395700
6.209558737399141,6.3764824867248535,6.209558737399141,6.3764824867248535,728700
6.3764824867248535,6.443251298751007,6.343097507625001,6.3764824867248535,606900
6.276330471038818,6.309715079556828,6.192868376656819,6.276330471038818,285000
6.32640872298783,6.3431008392471995,6.29302372635299,6.30971622467041,147900
6.3430996880748385,6.3430996880748385,6.242945480462826,6.276330471038818,176700
6.3097120179068265,6.3097120179068265,6.192865371704102,6.192865371704102,222900
6.192865404568787,6.309712051391601,6.159480812072753,6.259634971618652,445200
6.276327458895568,6.309712051391601,6.242942484341736,6.259634971618652,841500
6.226250346080763,6.259634938399629,6.176173266573567,6.192865371704102,219600
6.176177481332047,6.192869597853647,6.025946140289307,6.025946140289307,201000
6.059331111625738,6.059331111625738,5.942484378814697,5.942484378814697,388500
5.959175732176183,5.992560342818899,5.892406128832745,5.9090986251831055,661500
5.942478393730863,6.2095562074242565,5.909093810290825,6.159479141235352,380400
6.1928654916616495,6.443250511989866,6.1928654916616495,6.343096733093262,408900
6.409867847238788,6.610176217465,6.376483246220384,6.560099124908447,766500
6.59348444248899,6.66025441976694,6.493330240687983,6.51002311706543,419100
6.526713971987295,6.526713971987295,6.393174440849252,6.47663688659668,352800
6.409871441231619,6.443255678910553,6.1761783389560865,6.242947578430176,227100
6.259640079327753,6.293024699064797,6.1761783389560865,6.242947578430176,164100
6.276331610093621,6.30971622467041,6.2429466134587805,6.30971622467041,756300
6.3097156061170585,6.326408102798082,6.176176778842914,6.293023109436035,237300
6.276328637226542,6.359790325164795,6.226251548052016,6.359790325164795,121800
6.3430996880748385,6.409869287168842,6.276330471038818,6.276330471038818,329700
6.242945480462826,6.3430996880748385,6.242945480462826,6.276330471038818,489300
6.276331916102795,6.326409031438567,6.209562301635742,6.209562301635742,389100
6.25963620122677,6.276328691782665,6.176174512563037,6.226251602172852,411600
6.192870457795554,6.242947578430176,6.159485838058509,6.242947578430176,293400
6.259633273613162,6.276325756362029,6.159479141235352,6.159479141235352,131400
6.176174344062052,6.192866452104673,6.142789363861084,6.142789363861084,295500
6.1594849827523905,6.1594849827523905,5.942484029449078,6.025946140289307,281700
6.009253641709649,6.07602325397022,5.9925611431299926,6.025946140289307,217800
6.076020333343409,6.226251602172852,6.059327842787513,6.226251602172852,360600
6.242943540348263,6.259636030448748,6.142789363861084,6.142789363861084,234300
6.176173386207784,6.343096733093262,6.159480898696114,6.343096733093262,259500
6.384711742401123,6.4351173624320905,6.334306122370155,6.384711742401123,660300
6.435119111488813,6.451921117587352,6.3847134777576615,6.401515483856201,234000
6.384712098713655,6.435117721557617,6.384712098713655,6.435117721557617,294300
6.435116812241495,6.63673889056269,6.435116812241495,6.586333274841309,156600
6.653543332336216,6.670345722190673,6.51912882827394,6.5359296798706055,242400
6.552731082150875,6.552731082150875,6.45191983473317,6.51912784576416,576900
6.502326567739897,6.586335442167392,6.468723325620463,6.4855241775512695,266700
6.38471694292461,6.38471694292461,6.317509651184082,6.317509651184082,382200
6.250300407409668,6.2671024184134785,6.183092747959006,6.250300407409668,321000
6.283902340316571,6.384713609864775,6.283902340316571,6.351109981536865,363300
6.283902340316571,6.351109981536865,6.250298711988661,6.351109981536865,202800
6.3511071759731275,6.384710789456841,6.250295950957681,6.2670979499816895,92400
6.317505145863668,6.6703449064152665,6.300703142628525,6.653542518615723,219600
6.5863354939682495,6.5863354939682495,6.418317359227359,6.451920986175537,181200
6.384711328110716,6.401513328552246,6.300702095031738,6.300702095031738,235500
6.233497480904367,6.300705130484374,6.233497480904367,6.283903121948242,383100
6.317503562489414,6.317503562489414,6.216692337473967,6.2670979499816895,319200
6.317506353208955,6.4351192446388765,6.300704346762763,6.351109981536865,104700
6.317503257873284,6.351106869736706,6.082276821136475,6.082276821136475,563400
6.031876717801161,6.065480744907331,5.763046808339619,5.981471061706543,301200
6.082280325248844,6.1494879722595215,5.9310634078982,6.1494879722595215,255300
6.199892948931597,6.468723508250358,6.199892948931597,6.401515483856201,276900
6.367911987983057,6.384713609864775,6.267100718434853,6.351109981536865,110400
6.283903121948241,6.283903121948241,6.115884574845007,6.283903121948242,234000
6.283904803458602,6.300706816490785,5.998272889299227,6.115886211395264,417300
6.1326855452507365,6.1326855452507365,5.880657366890234,5.947865009307861,146100
5.981468423272198,5.981468423272198,5.847053527832032,5.847053527832031,387000
5.8806560734271605,5.914260079526941,5.779844824256613,5.897458076477051,654000
5.914261380381289,6.082279909578636,5.914261380381289,5.947865009307861,277800
6.031874923398147,6.065478940507566,5.998271290853249,6.015073299407959,329700
6.031872981067579,6.216693861961429,6.0150713624877,6.132684230804443,255600
6.099084387448865,6.099084387448865,5.964669432718094,5.981471061706543,497100
5.9814686382344355,6.0150726517254895,5.880657366890234,5.947865009307861,204600
5.9646655084623434,6.048674751827373,5.9142598855304485,6.031872749328613,641100
6.031875187392505,6.250299769905334,6.031875187392505,6.18309211730957,485100
6.166288237092997,6.1830898556728755,6.115882612224564,6.132684230804443,208500
6.183088041291025,6.199890039504879,6.048673209273053,6.082276821136475,505800
6.1158849224733975,6.149488556891178,6.065479278564453,6.065479278564453,302700
6.0486741065978995,6.065476107304342,5.964664872194377,6.0486741065979,126900
6.048674938107325,6.115882565607761,5.98146731060689,6.099080562591553,529200
6.065478463949179,6.065478463949179,5.914261552531315,5.931063175201416,140400
5.847053352556747,6.0150722552436555,5.779845714569092,5.779845714569092,282000
5.763043205771119,5.914260079526941,5.729439199671339,5.897458076477051,215700
5.897458264615172,5.897458264615172,5.477411251482935,5.6790337562561035,325500
5.662233969684861,5.695837603167287,5.578224309131997,5.611828327178955,322500
5.6454317193282275,5.830252272427587,5.628629711023007,5.746243000030518,413400
5.779844824256613,5.897458076477051,5.779844824256613,5.897458076477051,140100
5.897457883031689,6.031872749328613,5.880655880532929,6.031872749328613,310200
6.015073634655509,6.1158849224733975,5.998271625164346,6.065479278564453,200700
6.082278559575345,6.099080562591553,6.065476941123533,6.099080562591553,84900
6.082280325248844,6.183091603482606,6.082280325248844,6.1494879722595215,101100
6.183091294576561,6.216695308685303,6.149487665032306,6.216695308685303,121200
6.183086169721084,6.199888162849111,6.1494825680292,6.166284561157227,269400
6.233493951933672,6.317503562489414,6.233493951933672,6.2670979499816895,310500
6.233498396405858,6.2671024184134785,6.183092747959006,6.250300407409668,524100
6.216693861961429,6.233495480541308,6.099080609080287,6.132684230804443,203400
6.149488483293958,6.199894126599646,6.115884849278346,6.18309211730957,142800
6.18309211730957,6.18309211730957,6.115884849278346,6.18309211730957,243900
6.166290492584033,6.250299769905334,6.149488483293958,6.18309211730957,276300
6.183089612556609,6.233495235443114,6.132683989670102,6.233495235443115,132600
6.283902511284914,6.435119419721432,6.250298882042738,6.33430814743042,402000
6.384713609864775,6.4351192446388765,6.334307975090673,6.351109981536865,177000
6.384713170518321,6.552732069725061,6.384713170518321,6.5359296798706055,339600
6.45944595336914,6.6285407487494865,6.45944595336914,6.459445953369141,241800
6.374898355316192,6.527083873748778,6.374898355316192,6.527083873748779,142200
6.594721806183766,6.729997634887695,6.577811747052685,6.729997634887695,310200
6.729995009502194,6.865272333549056,6.713086505082065,6.814543724060059,414300
6.797635379590487,6.814545436373968,6.729996700571256,6.746906757354736,268800
6.713088493823307,6.814545742857842,6.696178436279297,6.696178436279297,186600
6.645448663172326,6.74690589467114,6.628538608551025,6.628538608551025,158700
6.645451205145975,6.645451205145975,6.459446338591683,6.527083873748779,156000
6.527081196293879,6.594719864791428,6.51017269025533,6.577809810638428,113100
6.577809810638428,6.611629918944429,6.527081196293879,6.577809810638428,246000
6.543989809819067,6.5608998602494015,6.425622940063477,6.425622940063477,123000
6.45944595336914,6.560903604654845,6.45944595336914,6.459445953369141,117000
6.476351543240368,6.493261206642175,6.357985060513306,6.425622940063477,139500
6.459444984208279,6.696178436279297,6.42562564317764,6.696178436279297,375300
6.696177322180322,6.696177322180322,6.577810035295532,6.66235876083374,292800
6.6623612662355995,6.6623612662355995,6.510175360774241,6.527083873748779,273000
6.527082593018908,6.560902708562047,6.442535400390625,6.442535400390625,108900
6.408719062805176,6.408719062805176,6.324171061596025,6.408719062805176,183900
6.374898752875719,6.476356029510499,6.32417011455833,6.476356029510498,175200
6.696179702163636,6.865275665226321,6.696179702163636,6.780726909637451,1136700
6.662360360996708,6.72999749993493,6.611631732735603,6.7130889892578125,301500
6.713092275661377,6.848368167877197,6.696182208591037,6.848368167877197,468600
6.848364847287344,6.966732163155297,6.780726159917817,6.865274906158447,264600
6.8314547884162415,6.932912045413091,6.814546277660022,6.865274906158447,434100
6.932909249887695,7.017457962036134,6.899090693896875,7.017457962036133,182100
6.932913935794515,7.01746270508886,6.932913935794515,6.983642578125,636900
6.9667324854957915,6.9667324854957915,6.932912366188779,6.949822425842285,108600
6.932913935794515,7.034371220455484,6.89909535694596,6.983642578125,429000
6.966727008392154,7.288007052420044,6.966727008392154,7.237278461456299,743400
7.2372878121102735,7.389473781627422,7.22037929201886,7.355655193328857,642000
7.355652978847358,7.4909288394314135,7.355652978847358,7.4232916831970215,781200
7.372558213951131,7.389466717879347,7.237280893839857,7.271100997924805,228600
7.237283093264743,7.271103207627691,7.186554469835049,7.220374584197998,199800
7.186552285826695,7.28800950185302,7.186552285826695,7.271100997924805,193500
7.355652185002056,7.423290882051938,7.304923549243421,7.321833610534668,157800
7.321829177719952,7.389466285705567,7.304919126666465,7.389466285705566,134100
7.321836605030293,7.372565261536009,7.321836605030293,7.355655193328857,171900
7.321830350068785,7.490924695221853,7.321830350068785,7.474016189575195,447600
7.457110072640797,7.507838712590734,7.406381432690859,7.490928649902344,302400
7.440199557001706,7.660024166107179,7.440199557001706,7.660024166107178,345300
7.62620304001146,7.710750223795573,7.558564364115397,7.609292984008789,406200
7.626204967498779,7.727662232928408,7.6092949072221705,7.626204967498779,567300
7.626202920537253,7.710750102996826,7.6092928647994995,7.710750102996826,418500
7.643111691053917,7.643111691053917,7.490925828523322,7.524745941162109,468900
7.558565633905572,7.592384203477594,7.5078370054900985,7.575475692749023,224400
7.643114104448253,7.778391501489377,7.609295529245541,7.660024166107178,278100
7.795292980672543,7.812203027072084,7.541650025248124,7.592378616333008,394500
7.592383070210386,7.592383070210386,7.507835884842716,7.524745941162109,142200
7.54165557506212,7.609294262321046,7.52474706433355,7.575475692749023,468000
7.575476467071133,7.660023673700564,7.541656345927329,7.643113613128662,179700
7.6431122199209245,7.693840844274636,7.609293653056702,7.676932334899902,111900
7.660023673700564,7.693842246729328,7.643113613128661,7.643113613128662,466500
7.660020988843041,7.710749604663193,7.626202427667771,7.6938395500183105,133200
7.6938442007896715,7.710754265656343,7.5078396797180185,7.507839679718018,275400
7.50783556739756,7.575474241700597,7.474017004303333,7.558564186096191,358500
7.524749744584689,7.558568326202599,7.474021098100108,7.507839679718018,282900
7.541654682253264,7.626203418346449,7.271103061476222,7.304921627044678,181800
7.203466277726151,7.3387421237108095,6.983641673400365,7.321833610534668,552600
7.2541930046346454,7.406378871864743,7.203464382224613,7.304921627044678,102900
7.40637969970703,7.474018386518901,7.389469640975346,7.406379699707031,323400
7.406380820760691,7.423290882051938,7.203466277726151,7.321833610534668,198300
7.338745125121706,7.355655193328857,7.169650635513144,7.355655193328857,123300
7.3894653435215645,7.3894653435215645,7.152732399527899,7.169642448425293,99300
7.203462195310264,7.440195178648581,7.118915032999627,7.338737964630127,188700
7.524745941162109,7.558564505686247,7.457107263999184,7.524745941162109,199500
7.795296781658616,7.846025397478768,7.643110934198158,7.6938395500183105,396600
7.524745941162109,7.795297553584513,7.507835884842716,7.524745941162109,478200
7.702895164489747,7.736903012735386,7.515849663969477,7.702895164489746,394800
7.70289685549148,7.787917273159693,7.651884293534582,7.7199015617370605,212100
7.719894889710628,7.719894889710628,7.583860470875309,7.617869853973389,174300
7.668882371842008,7.668882371842008,7.566857336104769,7.617869853973389,148800
7.651879610939996,7.668884306779493,7.532849853621298,7.566859245300293,424800
7.600868081225831,7.600868081225831,7.447830468852157,7.464835166931152,101400
7.43082577077316,7.498843006310048,7.413822629473262,7.464835166931152,331500
7.515847868952413,7.566860407527251,7.481838472049768,7.549855709075928,224400
7.651883643745576,7.702896201370547,7.583866381319044,7.6008710861206055,297000
7.600867080200395,7.617871776039893,7.515846714560693,7.566859245300293,194700
7.5668602418469355,7.5668602418469355,7.413822629473262,7.464835166931152,201000
7.481842994689941,7.549860272831329,7.464839842739649,7.481842994689941,218400
7.464839842739649,7.515852412150672,7.430830425278919,7.481842994689941,315000
7.447830011362198,7.447830011362198,7.413822174072266,7.413822174072266,279900
7.379815223313106,7.379815223313106,7.243782272336577,7.3117995262146,131700
7.277790069580077,7.294794772124585,7.209774372961057,7.277790069580078,278400
7.20977693129061,7.20977693129061,7.141759653756717,7.158764362335205,374400
6.69965176734619,6.903702059176225,6.6656423475210635,6.835684776306152,629100
6.801673264663135,6.903698355849185,6.580618381500244,6.580618381500244,516000
6.257541958186559,6.257541958186559,5.577374599397932,5.71340799331665,837300
5.747413108158001,6.121505223787747,5.067246120533687,5.305304527282715,466500
5.271300395936361,5.985476561035056,5.271300395936361,5.934463977813721,622500
5.90045336248314,5.90045336248314,5.730411734562757,5.815432548522949,420600
5.713405643497501,5.764418193885872,5.645388779914716,5.662393093109131,218100
5.577372486863191,5.577372486863191,5.135263442993164,5.135263442993164,300900
5.203281526792427,5.288302337041037,5.067248152555657,5.271298408508301,412500
5.135266635178467,5.322313035085633,5.0672501162987045,5.169275283813477,169500
5.101258131295636,5.441341876983643,5.084253807792948,5.441341876983643,378000
5.543363266833301,5.917455404922057,5.543363266833301,5.883447170257568,329400
5.883450529042219,5.951467037200928,5.866446207405008,5.951467037200928,215700
5.951462816211278,5.951462816211278,5.747412658064666,5.798425197601318,112500
5.781423567227765,5.968469489885698,5.696402374860115,5.900452613830566,203100
5.900452613830566,5.985473806198217,5.900452613830566,5.900452613830566,285000
5.917455467505612,5.9684680146392814,5.781422138214111,5.781422138214111,424500
5.781424738626939,5.781424738626939,5.577374458312988,5.577374458312988,249300
5.526362253375646,5.543366185061953,5.339315891265868,5.339315891265869,338700
5.237290744367827,5.373324533028582,5.237290744367827,5.339315891265869,163200
5.475349456660135,5.781424884873527,5.475349456660135,5.71340799331665,201600
5.679399742135729,5.84944138723537,5.645391101759775,5.71340799331665,113700
5.747414176930918,5.968468703072647,5.747414176930918,5.917456150054932,284100
5.917456930143085,5.917456930143085,5.849440054087953,5.900452613830566,132900
5.866441929843515,5.883446239081902,5.79842508208475,5.832433700561523,288900
5.798428815866471,5.815433136054448,5.71340799331665,5.71340799331665,381600
5.645387466523615,5.832433700561523,5.5773710079596315,5.832433700561523,231000
5.798425197601318,5.849437737137972,5.7644169676418135,5.798425197601318,82500
5.781423744721513,5.8834488673389815,5.662394305269482,5.696402549743652,117900
5.730408737682308,5.815429507178466,5.71340442810516,5.798425197601318,103200
5.79842612465674,5.79842612465674,5.679397106170654,5.679397106170654,16800
5.645392202235469,5.645392202235469,5.322312780050151,5.441341876983643,232800
5.407330910364787,5.543364262654905,5.407330910364787,5.5093560218811035,182100
5.492354022667773,5.577375244242605,5.4753500897088685,5.560370922088623,117000
5.4583435463455485,5.543364344127079,5.33931411809547,5.4073309898376465,189900
5.339315279522686,5.373323917388916,5.220286214575893,5.373323917388916,213300
5.339315279522686,5.475349052597598,5.30530703085146,5.373323917388916,148800
5.407332428319688,5.611382708633639,5.407332428319688,5.577374458312988,235800
5.577371949679435,5.815430373238274,5.543363325460423,5.781422138214111,417900
5.679398965151021,5.815432340459346,5.6453903294277055,5.730411529541016,368700
5.713406244913737,5.747414485687538,5.492351706896747,5.5093560218811035,204300
5.526357860664575,5.764416217803955,5.526357860664575,5.764416217803955,240000
5.730409591080442,5.815430373238274,5.6453884197277615,5.781422138214111,202200
5.815430905994835,5.8834477714690925,5.71340580238089,5.8494391441345215,268500
5.849440687523529,5.95146581805705,5.543365295922967,5.628386497497559,1065300
5.666103295813496,6.009503364562988,5.666103295813496,6.009503364562988,573900
6.043849069072184,6.249889373779297,6.0095087562938705,6.249889373779297,316500
6.284226892496749,6.35290709882143,6.07818666651325,6.318566799163818,197700
6.301395804385906,6.3185655578510875,6.181205565177303,6.267055511474609,163200
6.26705551147461,6.284225657930258,6.26705551147461,6.267055511474609,105900
6.249881246764922,6.267050987836764,6.078181085115221,6.095351219177246,126000
6.061013378490504,6.095353660367844,5.957993318839161,5.975163459777832,83100
5.992334388610766,6.11252421201344,5.992334388610766,6.061014175415039,102000
6.078181085115221,6.112520960249088,6.009500941857305,6.095351219177246,98700
6.06100900071434,6.318558963818208,6.06100900071434,6.21553897857666,312000
6.26705551147461,6.301395804385906,6.2498857580094285,6.267055511474609,175800
6.318562894541433,6.558943271636963,6.284223009095057,6.558943271636963,293400
6.5417776149703935,6.5589477659540485,6.455927646033255,6.507437705993652,240900
6.524602106048034,6.524602106048034,6.164031982421875,6.164031982421875,293100
6.129693984985352,6.215543909800682,6.095354093657293,6.129693984985352,198900
6.112520960249088,6.112520960249088,5.923651057527547,6.095351219177246,176400
6.09535532400483,6.21554516440854,6.026675134495248,6.146865367889404,141000
6.129696174462636,6.198376374641127,6.129696174462636,6.181206226348877,41100
6.284221942694199,6.4559221267700195,6.284221942694199,6.4559221267700195,222600
6.4559221267700195,6.490262006389091,6.438751990465367,6.4559221267700195,87900
6.438757495049599,6.644797734891187,6.421587344065944,6.507437705993652,180300
6.421586513268119,6.4559268107926275,6.181206395549158,6.387246608734131,143100
6.267052017743635,6.267052017743635,6.146862238528413,6.164031982421875,203700
6.181205565177303,6.284225657930258,6.146865665256473,6.267055511474609,117600
6.301395807120223,6.507435992715539,6.301395807120223,6.490265846252441,707700
6.45592594631671,6.558946039114368,6.438755799853612,6.490265846252441,73200
6.507435046387519,6.644795019145665,6.490264902421347,6.524604797363281,307200
6.524604797363281,6.593284980237559,6.490264902421347,6.524604797363281,135000
6.490267555009996,6.5589477659540485,6.455927646033255,6.507437705993652,154800
6.524602993200287,6.593283157083339,6.490263107753911,6.558943271636963,347400
6.558943698831626,6.627623081207276,6.50743367081198,6.627623081207275,322200
6.576114536467942,6.661965252384887,6.455924713155391,6.473094463348389,181500
6.490264305895317,6.507434448283366,6.370074095159724,6.421584129333496,160200
6.421584129333496,6.490264305895317,6.421584129333496,6.421584129333496,91800
6.35290545946355,6.35290545946355,6.28422527086169,6.301395416259766,67200
6.26705913717776,6.301399449956075,6.215549061000982,6.249889373779297,328200
6.284225660657126,6.524605746188171,6.284225660657126,6.490265846252441,146700
6.593284829993149,6.679134368896484,6.52460464868392,6.679134368896484,580800
6.696303440174769,6.850833519563417,6.679132907366722,6.833662986755371,255300
6.868001710473354,6.885170665465757,6.78215064766846,6.799321174621582,338400
6.81649388587809,6.850833378827494,6.696303302613341,6.730642795562744,434400
6.7649866252882545,6.782155592799212,6.713476578831648,6.74781608581543,118200
6.730641272827312,6.93668132783183,6.730641272827312,6.902341842651367,296400
6.86800479888916,6.885173761602131,6.799324232152998,6.86800479888916,327300
6.885173761602131,6.953854328338293,6.8336637295403655,6.86800479888916,322500
6.868005455535194,6.885174419889679,6.799324882232521,6.816495418548584,122100
6.8508346538947125,6.9023446888864015,6.747814583911333,6.782154083251953,219300
6.7649816926760575,6.833660656567108,6.7478111657229345,6.799321174621582,60300
6.799323493100534,6.9023435460263,6.799323493100534,6.833662986755371,131100
6.902345399306043,7.005365479892701,6.86800589643105,6.988194942474365,359100
7.005363538108499,7.177064148813925,6.9710240447519105,7.142723083496094,375600
7.108381897655885,7.142721382836349,6.902341842651367,6.902341842651367,268800
6.902344296276528,6.936683793663896,6.799324232152998,6.86800479888916,219600
6.868001710473354,6.868001710473354,6.799321174621583,6.799321174621582,90000
6.7306406387698114,6.833660656567108,6.696301156824286,6.799321174621582,216000
6.799324232152998,6.86800479888916,6.7478142000912325,6.86800479888916,232200
6.833662846372181,6.833662846372181,6.730642795562744,6.730642795562744,106800
6.764986515045166,6.764986515045166,6.679135391041952,6.764986515045166,142500
6.7478142000912325,6.86800479888916,6.7478142000912325,6.86800479888916,33600
6.833662986755371,6.850833519563417,6.816494025908581,6.833662986755371,122700
6.799330015827839,6.850840091705323,6.782159466547756,6.850840091705322,83400
6.86800479888916,6.86800479888916,6.816494766827395,6.86800479888916,297000
6.86800589643105,7.074046057604365,6.86800589643105,6.988194942474365,322200
6.974297529184696,6.991602420806885,6.92237968550443,6.991602420806885,80700
6.991599765605668,7.095435413532516,6.974294880555359,7.043517589569092,85200
7.008906235062225,7.078130528482207,7.008906235062225,7.043517589569092,117900
6.95699096422217,6.95699096422217,6.818543910980224,6.818543910980225,157500
6.835847650271553,6.835847650271553,6.74931845462977,6.766624927520752,276600
6.749318267454977,6.7666247398660095,6.7147069070394325,6.732011795043945,169200
6.7147069070394325,6.783929627870522,6.697400434628401,6.732011795043945,250500
6.697398998524067,6.714705467224121,6.697398998524067,6.714705467224121,122100
6.662789258987987,6.783929816005171,6.662789258987987,6.766624927520752,243600
6.732012126437957,6.766625072963898,6.732012126437957,6.749318599700928,129900
6.749319592155836,6.835848802381198,6.749319592155836,6.818543910980225,210900
6.783926652427532,6.922375202178955,6.783926652427532,6.922375202178955,225900
6.922375202178955,6.974293012234282,6.905068737358571,6.922375202178955,372900
6.92237968550443,6.991602420806885,6.887766733446353,6.991602420806885,165300
6.991598251153982,6.991598251153982,6.922375557134592,6.956986904144287,172800
6.922378187807763,7.0954365730285645,6.905071715523079,7.0954365730285645,170100
7.060825212865706,7.0954365730285645,7.026213852702847,7.0954365730285645,120900
7.095435103375892,7.095435103375892,6.697398998524067,6.714705467224121,242400
6.610870361328125,6.645482115311506,6.5416464572597635,6.610870361328125,189300
6.576259251182739,6.576259251182739,6.472423576710898,6.507035732269287,293400
6.524342949613355,6.524342949613355,6.368589401245117,6.368589401245117,290700
6.385891134310864,6.507032832578232,6.368585064243671,6.472420692443848,99000
6.541646705276261,6.645482367264773,6.507034949980628,6.524340629577637,297900
6.541644273802291,6.697397708892821,6.541644273802291,6.697397708892822,65100
6.714704776958689,6.714704776958689,6.645480493680841,6.662786960601807,152400
6.680091843116757,6.697398310037722,6.6627869606018075,6.662786960601807,183300
6.680091843116757,6.680091843116757,6.645480493680841,6.662786960601807,174900
6.66278636256355,6.732009055222092,6.593562085499134,6.697397708892822,223800
6.6627893533664055,6.680094242095947,6.610871122262959,6.680094242095947,140400
6.680093473193285,6.680093473193285,6.593564286285634,6.610870361328125,98100
6.628177890767972,6.64548397064209,6.5935661271214485,6.64548397064209,365700
6.680091843116757,6.749316126394604,6.6627869606018075,6.662786960601807,141300
6.645480493680841,6.6627869606018075,6.645480493680841,6.662786960601807,96600
6.68009247529007,6.68009247529007,6.576257228851319,6.576257228851318,122100
6.576259193387159,6.610871348641359,6.507035675082079,6.541647434234619,77100
6.541644576611128,6.541644576611128,6.437808948410952,6.472420692443848,209700
6.437809210266961,6.437809210266961,6.385891394055131,6.42050313949585,116700
6.420501050202726,6.455113180481827,6.3858893160250005,6.403195381164551,202200
6.4378071153422765,6.472418849520003,6.403195381164551,6.403195381164551,215100
6.40319892079285,6.4551167488098145,6.368586771380478,6.4551167488098145,98700
6.455117895033366,6.610871406741128,6.455117895033366,6.507035732269287,371100
6.4378087733819225,6.4551148429786025,6.368584891096679,6.385890960693359,243900
6.368588592738233,6.507036437779345,6.316670749873243,6.489730358123779,315300
6.4724235198278794,6.541647434234619,6.43781176067534,6.541647434234619,166200
6.541645480038402,6.576257228851319,6.489727658768256,6.576257228851318,221700
6.558951552495631,6.6108693737657775,6.558951552495631,6.576257228851318,257100
6.610868748143422,6.714704776958689,6.610868748143422,6.662786960601807,162000
6.64548390612267,6.818543910980224,6.6281778264165725,6.818543910980225,111600
6.801236435083243,6.818542908346213,6.732012126437957,6.749318599700928,80700
6.749314245055704,7.130045320347883,6.69739644317066,7.060821056365967,358800
7.095432446001231,7.337716579437256,7.060821105969907,7.337716579437256,555900
7.233880519866943,7.303103195574914,7.1300449218995015,7.233880519866943,423300
7.199269120567722,7.337717670082559,7.199269120567722,7.320411205291748,463500
7.3204116030426105,7.3204116030426105,7.19926951173639,7.251187324523926,44700
7.233886903734209,7.285804748535156,7.216580427331599,7.285804748535156,330000
7.268492314969022,7.337716579437256,7.2165745127192436,7.337716579437256,569400
7.337716579437256,7.355021457250125,7.268492314969022,7.337716579437256,304500
7.268492314969022,7.37232791946858,7.233880974937699,7.337716579437256,300600
7.372329015258357,7.372329015258357,7.303104740500939,7.320411205291748,83400
7.285798777187477,7.406939259499903,7.285798777187477,7.337716579437256,348300
7.337719453178409,7.372330806764908,7.337719453178409,7.355024337768555,82500
7.337719244994072,7.355024129093247,7.285801423884223,7.303106307983398,194700
7.337722221667642,7.337722221667642,7.060826535285548,7.199273586273193,517500
7.199272624096947,7.199272624096947,7.095436953632055,7.181967735290527,176700
7.220277157235652,7.39468051935577,7.185397123493867,7.37723970413208,155400
7.569084527107204,7.6039661678882515,7.481883618566725,7.534204483032227,230100
7.534204294983769,7.534204294983769,7.42956256866455,7.429562568664551,179100
7.46444058683934,7.481881402063031,7.377239704132079,7.37723970413208,59100
7.35980150029458,7.35980150029458,7.202838897705078,7.202838897705078,100500
7.202839160930933,7.359801769256592,7.202839160930933,7.359801769256592,119400
7.394681731254781,7.394681731254781,7.220278340552054,7.290040016174316,116700
7.255160064899926,7.464443543663445,7.255160064899926,7.447004318237305,81900
7.429561770712983,7.464441810171185,7.272599198092286,7.290040016174316,181200
7.237719158634084,7.290040016174316,7.220278340552054,7.290040016174316,153300
7.202837264153612,7.2551581198174535,7.045874697162087,7.098195552825928,333000
7.063313731573578,7.098193760975845,6.958672046661376,6.958672046661377,566100
6.906351823073168,6.941231855600983,6.80171012878418,6.80171012878418,532500
6.819149372075596,6.819149372075596,6.749387726389484,6.766828536987305,666000
6.749387726389484,6.784267750879954,6.697066891301193,6.766828536987305,203100
6.784270388315485,6.888912099172309,6.784270388315485,6.8365912437438965,298800
6.836589451864056,6.906351106385907,6.784268610149011,6.888910293579102,84900
6.888912846551362,7.010995388031005,6.854032804716878,7.010995388031006,205800
7.010992789815997,7.010992789815997,6.871471077477669,6.888910293579102,126000
6.888912099172309,6.906352916550377,6.836591243743897,6.8365912437438965,138600
6.836589451864056,6.888910293579101,6.819150235762624,6.888910293579102,371400
6.85403299331665,6.906353855861052,6.836592173566513,6.85403299331665,78900
6.819151303914616,6.819151303914616,6.679628372192382,6.679628372192383,146700
6.679626509049947,6.749387755864416,6.662186496728551,6.73194694519043,71700
6.69707174793012,6.836593543776554,6.69707174793012,6.78427267074585,108000
6.784267780507209,6.871470237171959,6.731946945190431,6.73194694519043,378900
6.7493926209608235,6.87147519026791,6.69707174793012,6.78427267074585,187200
6.784267552632459,7.063312530517577,6.784267552632459,7.063312530517578,197700
7.010993830318922,7.080755495194116,6.95867298083893,6.976113796234131,104100
6.941232165443729,6.976113796234132,6.92379294675414,6.976113796234131,51000
6.941230145315861,6.976111765954556,6.92379093170166,6.92379093170166,116700
6.9586737719787894,6.9586737719787894,6.801711205693554,6.8365912437438965,132600
6.766830096256364,6.819150943400858,6.766830096256364,6.80171012878418,254700
6.801713493991528,6.87147519026791,6.78427267074585,6.78427267074585,139800
6.801708595322006,6.801708595322006,6.609865665435791,6.609865665435791,573600
6.57499248295874,6.57499248295874,6.435470226287841,6.540112018585205,259500
6.557549687354317,6.557549687354317,6.505228813250897,6.522668838500977,381600
6.522665870590845,6.522665870590845,6.4703450202941895,6.4703450202941895,83100
6.435464272733594,6.452904688374324,6.365703009347062,6.383143424987793,75000
6.348262613666801,6.487784732929067,6.31338178446896,6.3657026290893555,286500
6.36570331970088,6.4703450202941895,6.313382469404225,6.4703450202941895,170700
6.4354647957266,6.592427351719931,6.4354647957266,6.574986934661865,81000
6.557547293616153,6.627308167504452,6.557547293616153,6.592427730560303,126300
6.592430914601972,6.592430914601972,6.487789154052734,6.487789154052734,126000
6.505229580536486,6.592430914601972,6.470348727568982,6.487789154052734,100800
6.452906710626583,6.487787153662705,6.418025868413945,6.435466289520264,142800
6.418024063110352,6.452904895511481,6.4005840460861885,6.418024063110352,127500
6.435464479310916,6.435464479310916,6.383143629885624,6.418024063110352,35100
6.383143437707366,6.45290470123291,6.383143437707366,6.45290470123291,50700
6.452905002979577,6.48778543678521,6.435464586488556,6.4703450202941895,88500
6.487787153662705,6.487787153662705,6.418025868413945,6.435466289520264,288600
6.435465231741915,6.435465231741915,6.191301372268518,6.313383102416992,269700
6.348266190940633,6.522668838500976,6.348266190940633,6.522668838500977,229200
6.557549476623535,6.557549476623535,6.540109052757322,6.557549476623535,63900
6.557550460811106,6.592430914601972,6.487789154052734,6.487789154052734,145800
6.470350690661376,6.557552450360352,6.452910658062988,6.540112018585205,110700
6.574989501313169,6.609870349045593,6.505228604201476,6.557549476623535,365700
6.592429925179381,6.609870349045593,6.557549476623535,6.557549476623535,184500
6.557546507146168,6.557546507146168,6.452904809687327,6.505225658416748,138000
6.5575472967465736,6.662189006805421,6.4877860236485265,6.66218900680542,276600
6.697067621186024,6.749388461976539,6.644746780395508,6.644746780395508,258300
6.592431331942325,6.836594923112045,6.592431331942325,6.819155693054199,465900
6.766828536987305,6.766828536987305,6.697066891301193,6.766828536987305,242700
6.752704669688462,6.8230458799878,6.7175344670313555,6.770290374755859,228600
6.787874221801759,6.805459926226517,6.717534221550563,6.787874221801758,557700
6.805462047457695,6.805462047457695,6.717536315375696,6.752706527709961,183900
6.7351205861693115,6.7351205861693115,6.647194862365723,6.647194862365723,288300
6.6296075346042125,6.6999483336890036,6.6120226367024,6.682363033294678,184500
6.682366230510998,6.682366230510998,6.576855182647705,6.576855182647705,119700
6.629607319499977,6.629607319499977,6.576851822521217,6.594437122344971,182400
6.594440491455822,6.61202580026394,6.506514752400647,6.576855182647705,896100
6.541683223584182,6.559268527704253,6.471342409596496,6.524097919464111,489600
6.506515569849855,6.506515569849855,6.365833886695716,6.471344947814941,495600
6.506516456604004,6.559271994353516,6.488931143189896,6.506516456604004,1094400
6.5416849675241755,6.61202580026394,6.506514752400647,6.576855182647705,348000
6.576856905274812,6.576856905274812,6.488931143189896,6.506516456604004,310800
6.541684801656886,6.629610538482666,6.524099493294652,6.629610538482666,489300
6.664777919147483,6.664777919147483,6.59443712234497,6.594437122344971,325500
6.576854361427796,6.576854361427796,6.541684150695801,6.541684150695801,289200
6.506516456604004,6.506516456604004,6.436175605440385,6.506516456604004,227100
6.471345829775789,6.576856905274812,6.471345829775789,6.506516456604004,345300
6.541684794232128,6.629610530958113,6.471343963355722,6.488929271697998,394200
6.506515330148559,6.576855766641517,6.488930019778949,6.559270858764648,220200
6.541684477717636,6.752706557644011,6.541684477717636,6.735121250152588,230100
6.823047114958172,6.823047114958172,6.541683832804362,6.647194862365723,408300
6.62960709824754,6.858214378356934,6.559266706285024,6.858214378356934,156300
6.823052883148193,6.893392555673702,6.787881436913534,6.823052883148193,497100
6.823052883148193,6.840636996293618,6.823052883148193,6.823052883148193,363600
6.84062972510584,6.84062972510584,6.787874221801759,6.787874221801758,67800
6.787875027521441,6.787875027521441,6.7175350189208975,6.717535018920898,105000
6.6823660610766735,6.6823660610766735,6.612025632613127,6.629610538482666,344400
6.664781155207135,6.752706892032915,6.629610538482666,6.629610538482666,339600
6.664778232574463,6.682363130732687,6.629607631272975,6.664778232574463,302100
6.664781155207135,6.664781155207135,6.612025632613127,6.629610538482666,156900
6.647196431927043,6.647196431927043,6.5768555947794445,6.612026214599609,319800
6.59443712234497,6.612022422168724,6.559266925189964,6.594437122344971,401400
6.559266925189964,6.59443712234497,6.524096325542457,6.594437122344971,111300
6.594439668040121,6.594439668040121,6.541684150695801,6.541684150695801,117600
6.594440491455822,6.61202580026394,6.559270276332294,6.576855182647705,422100
6.612024037571867,6.612024037571867,6.453757507969024,6.524097919464111,179400
6.559268527704253,6.559268527704253,6.471342409596496,6.524097919464111,64500
6.488929953409063,6.488929953409063,6.401004207445815,6.418589115142822,262800
6.453760723368515,6.453760723368515,6.277908802032471,6.277908802032471,174600
6.313076774706191,6.559269457308126,6.313076774706191,6.541684150695801,572700
6.524101069388289,6.576856604726989,6.453760623931885,6.453760623931885,491400
6.47134623496693,6.47134623496693,6.383420467376709,6.383420467376709,702600
6.365832918287462,6.541684794232128,6.365832918287462,6.488929271697998,249900
6.471344947814941,6.471344947814941,6.401004508730629,6.471344947814941,177300
6.453757507969024,6.52409791946411,6.436172203848953,6.524097919464111,284400
6.488929271697998,6.5240994858898524,6.471343963355722,6.488929271697998,78600
6.471343963355722,6.5240994858898524,6.453759057506143,6.488929271697998,87900
6.471342409596496,6.559268527704253,6.471342409596496,6.524097919464111,84300
6.488930019778949,6.576855766641517,6.488930019778949,6.559270858764648,168900
6.5416849675241755,6.576855182647705,6.5416849675241755,6.576855182647705,157800
6.576854361427796,6.576854361427796,6.541684150695801,6.541684150695801,192000
6.506514587425113,6.647195846844901,6.506514587425113,6.629610538482666,220800
6.612023456567473,6.787874469853005,6.612023456567473,6.770290374755859,438000
6.735119920447884,6.770290930979646,6.682364410881732,6.717535018920898,411600
6.682365071388631,6.682365071388631,6.647194862365723,6.647194862365723,57900
6.612026214599609,6.647196431927043,6.5944409046895265,6.612026214599609,366000
6.6296102101894006,6.752706557644011,6.6296102101894006,6.735121250152588,160200
6.752706557644011,6.77029226762811,6.717536345153841,6.735121250152588,88800
6.735118036830941,6.8406286239624015,6.699947841120454,6.840628623962402,242400
6.805460174920403,6.805460174920403,6.735119367113627,6.770290374755859,114600
6.752704669688462,6.770290374755859,6.752704669688462,6.770290374755859,72300
6.735121058077911,6.805461883544923,6.717536153580657,6.805461883544922,561300
6.802538458982061,6.944628715515137,6.802538458982061,6.944628715515137,409800
6.9268614459027225,7.015666819847539,6.9268614459027225,6.962383270263672,525000
6.9979101915832125,7.104477343606888,6.962386723518192,7.015670299530029,266100
7.0511895857951155,7.1399949511191,7.0511895857951155,7.086711406707764,229800
7.104476451873778,7.104476451873778,7.0867147200706695,7.104476451873779,60300
7.0867147200706695,7.139998289394509,7.0867147200706695,7.104476451873779,74400
7.122236557591399,7.1577600211976184,7.104476451873778,7.104476451873779,77700
7.104473768635329,7.122233867645264,7.08671204354052,7.122233867645264,142500
7.122237451553704,7.122237451553704,7.015670299530029,7.015670299530029,123900
7.033430099487305,7.033430099487305,6.980146538127553,7.033430099487305,222600
7.051191828635638,7.051191828635638,6.96238480897922,7.033430099487305,155700
6.980149984035779,7.086717159364569,6.980149984035779,7.068955421447754,147000
7.0511895857951155,7.104473130206451,7.0511895857951155,7.086711406707764,103200
7.0511911238633616,7.2288018932533635,7.015667669117294,7.1577582359313965,327900
7.157760919618725,7.157760919618725,6.962386723518192,7.015670299530029,209400
7.015668370338972,7.068951931698724,6.980146538127553,7.033430099487305,142200
7.015668348606587,7.086713638894596,6.997908245598516,7.051191806793213,454500
7.068955421447755,7.068955421447755,7.051195309616989,7.068955421447754,225900
7.051191828635638,7.068951931698724,7.033430099487305,7.033430099487305,156600
7.068953875541867,7.068953875541867,6.980148457550703,7.015670299530029,145800
7.015668370338972,7.051191828635638,6.980146538127553,7.033430099487305,183900
6.997909571050034,7.0156696774219895,6.962386106135024,6.980147838592529,745800
6.980146538127553,7.051191828635638,6.980146538127553,7.033430099487305,178200
6.997906720709508,7.015666819847539,6.962383270263671,6.962383270263672,157500
6.962386106135024,7.0156696774219895,6.962386106135024,6.980147838592529,284700
7.015667261969906,7.0334289883121555,6.962383709028147,6.9979071617126465,263400
6.997911721952594,7.104478897281384,6.962388246118964,7.068955421447754,198300
7.086716472898714,7.282089066714409,7.051194626592013,7.264328956604004,293400
7.26432292500849,7.299844741821289,7.24656120355982,7.299844741821289,193200
7.282084606565347,7.3708916070682085,7.264324507332692,7.3353681564331055,166200
7.299848810505542,7.299848810505542,7.175519943237305,7.175519943237305,131100
7.211045402849777,7.264328985565204,7.193283666582668,7.246567249298096,116400
7.22879948211115,7.31760646326996,7.22879948211115,7.299844741821289,90300
7.317612391134539,7.424179553985597,7.317612391134539,7.424179553985596,267300
7.388653582135152,7.441937145530563,7.370893478393555,7.370893478393555,254100
7.3353693207830934,7.370892777056868,7.22880220413208,7.22880220413208,172800
7.211046072610174,7.211046072610174,7.068955421447755,7.068955421447754,373500
7.068951909801283,7.12223547099598,7.051191806793212,7.051191806793213,157500
7.051195309616989,7.086717159364569,7.033433571700174,7.068955421447754,272400
7.068951909801283,7.068951909801283,7.0334300776999,7.051191806793213,259200
7.051195309616989,7.068955421447755,7.033433571700174,7.068955421447754,197700
7.068955421447755,7.068955421447755,7.033433571700174,7.068955421447754,50700
7.068950814911664,7.086712541253914,6.9979071617126465,6.9979071617126465,213600
7.015668370338972,7.033430099487305,6.980146538127553,7.033430099487305,221700
7.0156681069114715,7.033429835392879,6.909100988193398,6.926862716674805,993000
6.926862716674806,6.9446244451562125,6.891340885797176,6.926862716674805,95100
6.944629576513263,6.944629576513263,6.891345977783203,6.891345977783203,327600
6.891342809363963,6.9446263835959385,6.891342809363963,6.909102916717529,184800
6.9268614459027225,6.980144995486589,6.9268614459027225,6.962383270263672,180600
6.962388828832325,7.0334341603596355,6.944628715515137,6.944628715515137,482400
6.980148457550703,7.015670299530029,6.944626615571376,7.015670299530029,80400
7.01566941894372,7.104476451873778,7.01566941894372,7.104476451873779,259500
7.140000083867241,7.246567249298096,7.122238347600132,7.246567249298096,234000
7.246567220407708,7.299850802910705,7.2110453741010065,7.264328956604004,106200
7.264328956604004,7.299850802910705,7.264328956604004,7.264328956604004,80400
7.282089066714409,7.282089066714409,7.246567220407708,7.264328956604004,189300
7.264324523650781,7.264324523650781,7.21104097366333,7.21104097366333,774000
7.264324541880611,7.28208464119773,7.193279266357421,7.193279266357422,170100
7.19328006459238,7.19328006459238,7.1577582359313965,7.1577582359313965,251400
7.193279248305879,7.21104097366333,7.17551752294843,7.21104097366333,156300
7.19328037394346,7.22880220413208,7.175518645806573,7.22880220413208,451500
7.1577598379743055,7.175519943237305,7.104476270014411,7.175519943237305,208800
7.154634499545802,7.154634499545802,7.100840255188315,7.136702537536621,126900
7.136700933657469,7.244289398193359,7.136700933657469,7.244289398193359,439200
7.262220859527588,7.280152816280476,7.226358587691383,7.262220859527588,152100
7.244289533282889,7.244289533282889,7.17256498336792,7.17256498336792,146400
7.190493882573131,7.190493882573131,7.154631614685059,7.154631614685059,149400
7.136700762217025,7.154632719765467,7.047044257814107,7.064976215362549,318600
7.047044558512149,7.190495300011804,7.047044558512149,7.17256498336792,270300
7.190493106842041,7.208425059686223,7.172562795667075,7.190493106842041,275100
7.1546308667443155,7.369807734917076,7.1546308667443155,7.3518757820129395,454800
7.369812253938355,7.495332717895508,7.316018003909608,7.495332717895508,275700
7.459466265868977,7.477398223700597,7.441535949707031,7.441535949707031,126900
7.477397459692035,7.495329415691443,7.459465503692627,7.459465503692627,89700
7.459465503692627,7.459465503692627,7.441535189362724,7.459465503692627,116400
7.459465806483502,7.459465806483502,7.423603534698487,7.423603534698486,107100
7.44153549142578,7.44153549142578,7.387741262913472,7.423603534698486,170400
7.423605721337454,7.53119421005249,7.4056737593282636,7.53119421005249,165600
7.531191034519926,7.602917210643237,7.531191034519926,7.584985256195068,243600
7.602916717529297,7.656710935715426,7.602916717529297,7.602916717529297,281700
7.638781679448086,7.836026668548585,7.638781679448086,7.836026668548584,186000
7.8180963506020715,7.853958628164934,7.782232431369373,7.836026668548584,248700
7.871890088361496,7.8898204051704495,7.8001638961164925,7.8539581298828125,429000
7.818095207214355,7.83602552253858,7.782231293226714,7.8180952072143555,516600
7.8180991437873955,7.8180991437873955,7.602922118193892,7.638784408569336,562800
7.692574656671948,7.746368885040283,7.620848471624313,7.746368885040283,324900
7.728444576263427,7.764308525112221,7.692582269085825,7.728444576263428,59100
7.7105064755840145,7.7105064755840145,7.6208483354590415,7.674642562866211,358200
7.692574977874757,7.692574977874757,7.656712704688296,7.692574977874756,133200
7.674642699992647,7.800163113408619,7.674642699992647,7.746368885040283,271200
7.7284397577462185,7.76430368423462,7.710509436172186,7.764303684234619,219600
7.764304319152243,7.800166606903076,7.746372354441676,7.800166606903076,107400
7.800166606903076,7.8718928240750445,7.746372354441676,7.800166606903076,376200
7.764302918414711,7.782233238220215,7.7284389954636925,7.782233238220215,304800
7.818095854595176,7.8539581298828125,7.7643016208288556,7.8539581298828125,176400
7.853960859364477,7.853960859364477,7.800166606903076,7.800166606903076,169500
7.764302113422859,7.836026668548585,7.74637015380651,7.836026668548584,97500
7.83602552253858,7.8539574795324,7.8001632502205345,7.8180952072143555,148500
7.818098571613644,7.818098571613644,7.782234642192509,7.800166606903076,61800
7.836033139467425,7.836033139467425,7.728444576263427,7.728444576263428,132300
7.764302704714022,7.925685428541774,7.764302704714022,7.9077534675598145,323100
7.907749189134022,7.943611450024984,7.836023025683025,7.889817237854004,402900
7.9077534675598145,7.925685428541774,7.889821506577855,7.9077534675598145,131400
7.907749189134022,7.907749189134022,7.81809271607208,7.889817237854004,111300
7.853958621520384,7.925684818255264,7.710507869720459,7.710507869720459,171600
7.746367925143838,7.925682544708252,7.746367925143838,7.925682544708252,355500
7.9256811404140395,7.9256811404140395,7.853954976963042,7.889817237854004,409200
7.853959442452247,7.8898217237332595,7.746370956939202,7.782233238220215,347100
7.746369020908669,7.83602552253858,7.746369020908669,7.8180952072143555,138000
7.818095854595176,7.8539581298828125,7.818095854595176,7.8539581298828125,42600
7.8539581298828125,7.871890088361496,7.818095854595176,7.8539581298828125,177900
7.836027480976737,7.853959442452247,7.746370956939202,7.782233238220215,141300
7.81809271607208,7.889817237854005,7.8001607647920626,7.889817237854004,532800
7.836023025683025,7.9256811404140395,7.81809271607208,7.889817237854004,493200
7.943615890259074,7.979479812865925,7.943615890259074,7.9615478515625,562500
7.925684824960495,7.943615142907008,7.836026668548585,7.836026668548584,113100
7.871890587781283,7.907752865344146,7.782232431369373,7.836026668548584,209400
7.8180963506020715,7.853958628164934,7.782232431369373,7.836026668548584,182400
7.818098571613644,7.818098571613644,7.764304319152243,7.800166606903076,186900
7.800164390985722,7.853958628164934,7.7284381941901605,7.836026668548584,564600
7.871889436526221,7.871889436526221,7.8001632502205345,7.8180952072143555,618900
7.800170832289822,7.800170832289822,7.710514243510222,7.728444576263428,510000
7.782234005808652,7.800165969052853,7.7284397577462185,7.764303684234619,590100
7.728435465517427,7.7463674188025555,7.567052810959041,7.602916717529297,620400
7.567058186148027,7.674646698944779,7.567058186148027,7.638784408569336,357900
7.656712248176846,7.674642562866211,7.638780291817944,7.674642562866211,381300
7.674644981115852,7.674644981115852,7.53119421005249,7.53119421005249,169200
7.528208732604981,7.564403151006838,7.510113180202478,7.5282087326049805,195600
7.564403151006838,7.58249870340934,7.492015971001551,7.5282087326049805,265800
7.528208732604981,7.564403151006838,7.492015971001551,7.5282087326049805,559200
7.564403168567026,7.691078662872314,7.564403168567026,7.6910786628723145,101100
7.745376853019554,7.817764110008585,7.727281281372436,7.799666881561279,387900
7.817760360073035,7.853953142806909,7.672987572338147,7.7091803550720215,387900
7.709178188329218,7.709178188329218,7.56440544128418,7.56440544128418,355500
7.564402046979272,7.600594803300356,7.455822121217839,7.582497596740723,211800
7.6186920098599895,7.672981972740706,7.582497596740723,7.582497596740723,118200
7.600594803300356,7.600594803300356,7.510112084098556,7.582497596740723,248400
7.6186939269583425,7.76346664547014,7.6186939269583425,7.7453694343566895,254700
7.781567794027806,7.944437806064671,7.727277790015517,7.8539533615112305,440700
7.926334720920618,7.944431927800663,7.8720447570786956,7.89014196395874,90600
7.926334381103515,7.926334381103515,7.890141625693291,7.926334381103516,278400
7.944431587207698,7.944431587207698,7.872044419589107,7.926334381103516,138600
7.944433058521389,8.034915792203478,7.926335849065592,7.998723030090332,515400
7.998726009500781,8.034918785095215,7.926338801512847,8.034918785095215,363300
8.053013643488883,8.107303619384766,8.016819221692574,8.107303619384766,204900
8.161595175943248,8.233980719957671,8.161595175943248,8.215885162353516,399300
8.233980841664897,8.270175271006003,8.233980841664897,8.25207805633545,228600
8.306366312070145,8.360656287966028,8.107303619384766,8.107303619384766,309600
8.07111405141186,8.179694068501703,8.053018486429938,8.143501281738281,258900
8.179689407348633,8.215883830286431,8.143496641209468,8.179689407348633,136200
8.215884505319222,8.469237202706582,8.215884505319222,8.43304443359375,278400
8.433045626764619,8.559721164981923,8.433045626764619,8.505431175231934,187500
8.505434690760916,8.523531913757324,8.487339124564196,8.523531913757324,159300
8.541625606264596,8.614011154731912,8.433045626764619,8.505431175231934,189000
8.487338096641205,8.650208113484217,8.487338096641205,8.614013671875,265500
8.668303677489337,8.704498119098552,8.505433660646325,8.614013671875,571500
8.541621638191058,8.541621638191058,8.39684729491441,8.469234466552734,207300
8.487332609200072,8.577815341122994,8.469235400096121,8.559718132019043,282000
8.541626751020894,8.595916748046875,8.541626751020894,8.595916748046875,205800
8.650206022705053,8.668301582336426,8.59591603021276,8.668301582336426,156900
8.668300173145404,8.794977353966754,8.650204616455797,8.740687370300293,606300
8.831169505307976,8.93974946503225,8.831169505307976,8.867363929748535,512400
8.939750841799734,8.939750841799734,8.88546085357666,8.88546085357666,622800
8.939746332093536,8.939746332093536,8.72258648874877,8.776876449584961,189600
8.740683694626874,8.867360822177362,8.740683694626874,8.776876449584961,252000
8.813073949886398,8.867363929748535,8.813073949886398,8.867363929748535,126000
8.903554257051445,8.903554257051445,8.776877119827313,8.794974327087402,179700
8.794977851101425,8.813075065612793,8.794977851101425,8.813075065612793,252000
8.776878276005354,8.975942611694336,8.776878276005354,8.975942611694336,315600
9.229289979581022,9.229289979581022,9.08451735569657,9.13880729675293,572100
9.175002656173868,9.175002656173868,9.030229990985445,9.048325538635254,373200
9.084529102913825,9.337881936521898,9.048334657541487,9.301689147949219,1315500
9.80838995126332,11.219929544022193,9.736004410013374,10.02554988861084,2479500
9.844584378687134,10.043647102322746,9.717907196301468,10.02554988861084,1024500
10.097929989197096,10.568442303811356,10.097929989197096,10.387476921081543,1444500
10.387482084884226,10.405577638074226,10.061742245882266,10.079837799072266,612600
10.134131846884411,10.206519059144734,9.880779089172028,9.93506908416748,854100
9.898875382690223,9.898875382690223,9.699810981750488,9.699810981750488,452100
9.717917219797771,9.826497300465903,9.717917219797771,9.772207260131836,323400
9.844583327825093,9.862678882806547,9.663616180419922,9.663616180419922,347400
9.627424028855595,9.627424028855595,9.392166887875689,9.53693962097168,741300
9.464553294856072,9.64551878196017,9.446456083426211,9.482648849487305,519900
9.446458698627255,9.464555915067233,9.37407148966643,9.410265922546387,403800
9.410259920335193,9.518839836120605,9.337872757545572,9.518839836120605,376800
9.518844273708027,9.844584172920863,9.500747060374378,9.627424240112305,593700
9.699806977035498,9.699806977035498,9.337874412536621,9.337874412536621,367500
9.374072254027727,9.410266689858975,9.15691226623713,9.319782257080078,470100
9.337879242846391,9.337879242846391,9.175009256052558,9.247396469116211,899400
9.24739913669037,9.301689147949219,9.21120469131803,9.301689147949219,315900
9.337879474995702,9.355976692911327,9.283589478048052,9.319782257080078,180000
9.301684340899468,9.627424240112305,9.301684340899468,9.627424240112305,484800
9.897836799621581,9.916065416302299,9.533276147808646,9.569731712341309,449700
9.606187190913941,9.679099988155583,9.478591881777012,9.587960243225098,281100
9.55150270371917,9.55150270371917,9.296310424804688,9.296310424804688,195300
9.332770779526545,9.423912237155786,9.332770779526545,9.387454986572266,240600
9.42390873506395,9.42390873506395,9.296311743098055,9.369224548339844,98700
9.369227170046768,9.697332382202148,9.369227170046768,9.697332382202148,432300
9.679105960196923,9.788474389125701,9.47859773010409,9.551508903503418,390600
9.551505599049174,9.551505599049174,9.460365829415982,9.496821403503418,94500
9.569735538251512,9.66087532043457,9.533279959144176,9.66087532043457,372600
9.697332382202148,9.715559336991175,9.606190932939382,9.697332382202148,285300
9.66087575388242,9.770244164940824,9.66087575388242,9.715559959411621,120600
9.752012872662162,9.752012872662162,9.55150309566059,9.569731712341309,141300
9.587964499900817,9.73378849029541,9.569735875290432,9.73378849029541,90300
9.69732990468844,10.061890602111816,9.624417097672172,10.061890602111816,987900
10.116580217825351,10.171264435219003,9.916071976991926,9.988983154296875,922500
9.916067271225588,9.934294222487111,9.770241648158907,9.788470268249512,216900
9.843156218985797,9.879611796853727,8.785927772521973,8.785927772521973,414900
8.530734252929689,9.022891998291016,8.530734252929689,9.022891998291016,959100
9.022890956685409,9.059346525486601,8.749470018604033,9.041119575500488,905400
9.022891029034703,9.259856400214971,8.931751271886437,9.22339916229248,187200
9.296311743098055,9.460364303270373,9.296311743098055,9.369224548339844,453300
9.332773835908544,9.478599548339844,9.186949792307352,9.478599548339844,330900
9.460364993254055,9.460364993254055,9.24162823040425,9.278083801269531,235200
9.259852409362793,9.314536573849525,8.858834646850667,9.259852409362793,387600
9.223402365435103,9.405683611864026,9.205175408972902,9.387454986572266,247200
9.387453592847837,9.405682215433254,9.186945419725504,9.332769393920898,335100
9.296311336022628,9.314539953742099,9.150487400753462,9.205171585083008,147300
9.223403833354975,9.27808804910378,9.205176873991924,9.241632461547852,153600
9.278085194993961,9.332769393920898,9.259858241237858,9.332769393920898,179700
9.332769393920898,9.369226639091732,9.296313817579378,9.332769393920898,76200
9.296311969308482,9.296311969308482,9.15048802410546,9.22339916229248,182100
9.168711022666065,9.259852409362793,9.13225546928433,9.259852409362793,188700
9.296315379895637,9.296315379895637,9.168718338012695,9.168718338012695,75300
9.186946868896484,9.186946868896484,9.114034035882685,9.186946868896484,84300
9.223402365435103,9.405683611864026,9.223402365435103,9.387454986572266,242400
9.423912237155786,9.460367818909747,9.332770779526545,9.387454986572266,210900
9.4239135156397,9.606193117967807,9.4239135156397,9.551508903503418,412200
9.551506914283124,9.679103944402957,9.442138508131679,9.66087532043457,210000
9.67910499242,9.697333618362112,9.423912573378496,9.460368156433105,286500
9.496821122732944,9.8796104802362,9.496821122732944,9.843154907226562,519600
9.806702613830565,9.952526623465577,9.697334189396878,9.806702613830566,301800
9.73378858419786,9.879612575999227,9.67910437866866,9.715559959411621,324000
9.679103944402957,9.697332568371346,9.551506914283124,9.66087532043457,218700
9.642646789550781,9.733786556840313,9.551505353432082,9.642646789550781,168300
9.642648797925697,9.715559959411621,9.624420173139457,9.715559959411621,69900
9.67910386329502,9.770243644714355,9.67910386329502,9.770243644714355,62700
9.7337897745982,9.824929572016368,9.7337897745982,9.806702613830566,154200
9.843154459692247,9.843154459692247,9.733786076806778,9.788470268249512,130200
9.788471588721642,9.988979761450675,9.788471588721642,9.952524185180664,558000
9.934293607040594,10.18948759718304,9.934293607040594,10.061890602111816,694200
10.061896000431702,10.116580217825351,9.970756194385576,9.988983154296875,367800
9.970755250481098,9.970755250481098,9.806702613830565,9.806702613830566,120600
9.78847269529707,9.861385524909116,9.697332909904137,9.73378849029541,133800
9.73378796060961,9.770243539017072,9.679103758583713,9.697332382202148,101700
9.697332909904137,9.752017114905795,9.67910428529375,9.73378849029541,74100
9.752016689728144,9.770243644714355,9.71555944209687,9.770243644714355,113400
9.733789443051903,9.824929237365723,9.715560816657273,9.824929237365723,186000
9.82492862137479,9.897841453552246,9.806701664952593,9.897841453552246,312900
9.9342941372839,10.171259521113068,9.9342941372839,10.098346710205078,523500
10.061891107611318,10.116575298413554,9.970751345883947,10.007206916809082,332100
9.952526091681682,9.952526091681682,9.715560628460338,9.8613862991333,395400
9.824929975825365,9.84315860359009,9.47859773010409,9.551508903503418,131100
9.515050965686177,9.515050965686177,9.259858584185611,9.405682563781738,225300
9.485005811760237,9.613678932189941,9.39309740168389,9.613678932189941,251400
9.650441379238462,9.889405250549316,9.632059025167342,9.889405250549316,172200
9.926170506842384,9.999698256749891,9.926170506842384,9.962933540344238,91800
9.999694645003922,10.0364576652275,9.852639198303223,9.852639198303223,36600
9.852643223619973,9.88940794176704,9.52177085771963,9.5585355758667,142200
9.595294629113148,9.779113094853159,9.595294629113148,9.760730743408203,131100
9.797497365230198,9.962933540344238,9.742351973525519,9.962933540344238,143700
9.94455062985925,9.94455062985925,9.871022896478197,9.889405250549316,323700
9.889405250549316,9.962931301026947,9.852640542407078,9.889405250549316,376500
9.907784856357853,9.962930229738145,9.889404187166583,9.944549560546875,227700
9.944549273216957,10.054840016790886,9.797493826516257,9.852639198303223,164100
9.76073091400209,9.797493934631348,9.76073091400209,9.797493934631348,108000
9.760725251559554,9.760725251559554,9.558526231044564,9.59528923034668,137700
9.521761548840214,9.59528923034668,9.466616208435923,9.59528923034668,297300
9.63205559016143,9.742346309449168,9.63205559016143,9.723965644836426,81300
9.65043968624539,9.65043968624539,9.411475856856367,9.429858207702637,277800
9.411477148605627,9.44824185534422,9.246041016992033,9.264423370361328,288000
9.227656728048782,9.301182746887207,9.154129026307661,9.301182746887207,109200
9.337949819277533,9.57691196576343,9.301185117584991,9.429858207702637,196500
9.42985543643727,9.540146143296186,9.264419376148897,9.374710083007812,166200
9.411476588598722,9.613677414919444,9.39309591922648,9.540149688720703,200100
9.503387232548752,9.540150256383987,9.264423370361328,9.264423370361328,205800
9.264417038843813,9.301180037554362,9.080598679486652,9.190889358520508,178500
9.080602489667642,9.080602489667642,8.749730313733563,8.896785736083984,608100
8.933548642764498,8.95193099106292,8.694584846496582,8.694584846496582,228600
8.731349648116945,8.951931098739664,8.694584951077882,8.896785736083984,264300
8.878404896504566,8.933550268532544,8.823259524476587,8.86002254486084,188700
8.823259524476587,8.91516791688882,8.804877172832862,8.86002254486084,394800
8.896790633797096,8.896790633797096,8.823262882144611,8.841645240783691,219600
8.82325791877975,8.82325791877975,8.65782183280263,8.694584846496582,134100
8.694588419232728,8.804879188537598,8.676207746284307,8.804879188537598,240900
8.823260307312012,8.860023330958029,8.786497283665994,8.823260307312012,300000
8.7864949050858,8.7864949050858,8.639439484504209,8.694584846496582,145500
8.65782339171235,8.731351115242395,8.584295668182305,8.621060371398926,189900
8.584292125127185,8.602674469148422,8.34533006736362,8.455620765686035,279300
8.492386990079353,8.639440749286175,8.418859269024372,8.529150009155273,336300
8.529150009155273,8.621060081199783,8.510769341068883,8.529150009155273,192300
8.51076602935791,8.529146690292015,8.418855993077452,8.51076602935791,172500
8.492389963932988,8.529152995882537,8.455626931983439,8.474007606506348,339600
8.492387771606445,8.510770124287644,8.474005418925248,8.492387771606445,247800
8.47400142680477,8.492383770826006,8.455620765686035,8.455620765686035,246300
8.455624011999852,8.455624011999852,8.363713939509722,8.382096290588379,218700
8.308569573088162,8.308569573088162,8.179898148699854,8.2350435256958,268500
8.198280972404937,8.253426363885024,8.124754905700684,8.124754905700684,1040700
8.051225430256611,8.161516189575195,8.032843076069037,8.161516189575195,447900
8.161515683834935,8.290188789367676,8.124752660641292,8.290188789367676,166800
8.34533060576508,8.492384318714679,8.34533060576508,8.418856620788574,200700
8.345339258822545,8.43724771435062,8.29019384892483,8.363719940185547,259200
8.326956458107265,8.400484228418465,8.308574094803399,8.345338821411133,72600
8.418861897885972,8.418861897885972,8.34533583677499,8.400481224060059,194700
8.400484668720262,8.418865350083264,8.363719940185547,8.363719940185547,268200
8.38209571717495,8.38209571717495,8.235041967314997,8.308568000793457,243900
8.253423198844086,8.382096290588379,8.198277828511268,8.382096290588379,549600
8.418854820441831,8.71296386634931,8.418854820441831,8.676200866699219,384000
8.676200866699219,8.768109207275572,8.584290843220616,8.676200866699219,216000
8.65782061106042,8.712965965270996,8.602675256849844,8.712965965270996,265500
8.712963325746598,8.712963325746598,8.529144973096798,8.547527313232422,131700
8.547535029185688,8.547535029185688,8.38209886733048,8.400481224060059,223800
8.418855993077452,8.639437387506577,8.400475332143348,8.51076602935791,212400
8.584294517716613,8.73134994506836,8.52914915318545,8.73134994506836,445800
8.657827397455643,8.749735832214355,8.621064360132952,8.749735832214355,346200
8.792678588229473,8.811229109156658,8.718478202819824,8.718478202819824,100200
8.737027973111118,8.792677832812462,8.607177734375,8.607177734375,134700
8.68137482909026,8.77412399407085,8.68137482909026,8.755575180053711,320100
8.755576639468421,8.88542515242526,8.737026124060908,8.792675971984863,285900
8.829775304501306,8.86687633531633,8.792675971984863,8.792675971984863,84300
8.829780078417505,8.978180885314941,8.792680725842896,8.978180885314941,292800
8.941075233025316,8.996725082397461,8.922526415433683,8.996725082397461,224700
8.941077968015843,9.089478743935034,8.922529144750303,9.052377700805664,225900
9.089482307434082,9.108031137971626,8.996731361547125,9.089482307434082,179400
9.052372774978224,9.163672447204588,8.978174125692796,9.16367244720459,122100
9.163672447204588,9.219322283317771,9.108022611091407,9.16367244720459,129000
9.200782083858583,9.200782083858583,9.052381249759375,9.089482307434082,189000
9.108024597167969,9.145125628199075,9.089475779951005,9.108024597167969,39000
9.108031750174218,9.126582280258459,9.070932388305664,9.070932388305664,56400
9.070930115901215,9.108029468475824,8.941079834440833,8.978180885314941,344400
8.97817626480583,9.052374931769608,8.97817626480583,8.996725082397461,86400
9.015274214744569,9.052373542532951,8.903974533081055,8.903974533081055,145500
8.885429611940244,8.959630012512207,8.86688078552183,8.959630012512207,252600
8.959630012512207,8.996729363648472,8.941079487794358,8.959630012512207,276000
8.978178272437606,8.978178272437606,8.866878548805317,8.94107723236084,126000
8.922531512753276,8.959630867429517,8.792681223937041,8.829780578613281,179100
8.829776458650414,8.829776458650414,8.625727555690666,8.681377410888672,172800
8.737030982971191,8.79268086184362,8.551530820629923,8.737030982971191,210300
8.699920758188492,8.699920758188492,8.458771018321421,8.588621139526367,179400
8.607169943771785,8.662819753102847,8.551520134440723,8.588621139526367,60300
8.66282507573769,8.66282507573769,8.607175232214109,8.625725746154785,86400
8.699931629822748,8.737030982971191,8.625731225226335,8.737030982971191,169800
8.755577783918945,8.829776458650414,8.681377410888672,8.681377410888672,299700
8.64428175095032,8.79268086184362,8.625731225226335,8.737030982971191,63300
8.774130336119635,8.811231387567604,8.718480457247207,8.737030982971191,89400
8.718479015396918,8.737029538053042,8.681379668383915,8.699930191040039,270600
8.737024667738273,8.829773832718866,8.718474155422836,8.755575180053711,71100
8.79268108696025,8.81123161315918,8.718480680464104,8.81123161315918,116700
8.86688078552183,8.996729363648472,8.86688078552183,8.959630012512207,113100
8.978180885314941,8.978180885314941,8.903980481866224,8.978180885314941,84600
8.978181713231136,9.033831596374512,8.95963118608346,9.033831596374512,78300
9.033829117306862,9.274977412552355,8.97817924943495,9.126578330993652,214800
9.330625192146524,9.479025938790999,9.27497533672955,9.423376083374023,333300
9.441925008893655,9.757275325326441,9.441925008893655,9.683074951171875,629100
9.608876579156654,9.683076968771873,9.571777233498635,9.627427101135254,304800
9.59032917022705,9.627428521357906,9.534679294381052,9.59032917022705,219600
9.553226362727699,9.683076615238653,9.553226362727699,9.60887622833252,134400
9.590326207932684,9.66452488727564,9.553225169962296,9.645976066589355,235800
9.60887799664276,9.701628921919049,9.553228120796762,9.59032917022705,126600
9.571779251098633,9.590329776987431,9.460479492364927,9.571779251098633,265500
9.571774887803963,9.66452407836914,9.534675551237646,9.66452407836914,192300
9.664526358476605,9.868577003479004,9.627427013157607,9.868577003479004,388500
9.83147836561711,9.83147836561711,9.720178604125975,9.720178604125977,240600
9.683079249728792,9.83147836561711,9.664528723380409,9.720178604125977,302700
9.738725008506846,9.90567458008125,9.738725008506846,9.887124061584473,498900
9.924227600701762,9.979877471923828,9.905677077527974,9.979877471923828,290700
9.97987831460715,9.998427141047875,9.831477513284742,9.850028038024902,192300
9.850023088508479,9.97987329984258,9.831472573089727,9.961322784423828,250200
10.016978966010795,10.128278732299803,10.016978966010795,10.128278732299805,693300
10.09117398411975,10.2952228805169,10.09117398411975,10.27667236328125,341400
10.258127587645829,10.258127587645829,10.072627437069604,10.165376663208008,178800
10.109726066133273,10.183926460726493,9.961326975246132,10.054076194763184,126000
10.054076912522156,10.239577063098382,10.054076912522156,10.165376663208008,278700
10.109724784612931,10.221024513244629,10.054074920297081,10.221024513244629,264000
10.239575034116273,10.239575034116273,10.109724784612931,10.221024513244629,342900
10.221025930926404,10.23957645437105,10.146827233746448,10.183926582336426,89400
10.109726787865082,10.165376663208008,10.091177961617051,10.165376663208008,229500
10.091174125671387,10.202473834049016,10.01697375398671,10.091174125671387,197100
10.054075829631655,10.16537556832979,10.054075829631655,10.14682674407959,1043100
10.22751293145473,10.395790100097656,10.190116863887049,10.395790100097656,241800
10.43318432880958,10.58276346184714,10.377091939945013,10.451882362365723,286200
10.489273549612696,10.507971577521497,10.11532497406006,10.115324974060059,259200
10.115323472014317,10.152717810475814,9.872255992506869,9.89095401763916,148200
9.984438137335601,10.115320855804178,9.965740117039333,10.021832466125488,101700
10.077930465058252,10.302299987187961,10.077930465058252,10.28360366821289,137400
10.190115635767024,10.246208018554372,10.096628901722667,10.208813667297363,138900
10.246204177240324,10.43317928703552,10.208809840002498,10.358388900756836,199800
10.320997076003897,10.526668548583983,10.283602729663002,10.526668548583984,255600
10.545366691609338,10.545366691609338,10.451879968845164,10.470576286315918,81000
10.433176543882842,10.601453584913212,10.320991849862597,10.564059257507324,181200
10.564074308202125,10.825838396585242,10.526678215715236,10.807140350341797,551100
10.769734198820311,10.788432224627647,10.638851441775264,10.732339859008789,85500
10.69494401555132,10.713642041722578,10.620155334472656,10.620155334472656,192900
10.657550307590197,10.788433074951172,10.657550307590197,10.788433074951172,232500
10.788433805485184,10.900618553161621,10.694945374552553,10.900618553161621,286500
10.900620582523088,10.938014934775783,10.844528198242188,10.844528198242188,366900
10.863224518466675,10.863224518466675,10.788435813961286,10.844528198242188,97800
10.769732475280762,10.769732475280762,10.620153428169488,10.769732475280762,126300
10.732343598692731,10.881922721862793,10.657553181205827,10.881922721862793,163500
10.844528369021214,10.91931707470437,10.76973795153431,10.881922721862793,250800
10.91930970110697,11.050192415375564,10.825823026230884,10.8632173538208,360900
10.7510404586792,10.769738491940094,10.52667090676378,10.7510404586792,344100
10.732333320700425,10.919306617654069,10.732333320700425,10.825819969177246,551400
10.844529192698731,10.956713971548016,10.76973876953125,10.938015937805176,260400
10.900615212423597,10.956707569071055,10.863219166790042,10.9193115234375,86700
10.881918702806745,10.99410343170166,10.863220677389888,10.99410343170166,69300
10.900618553161621,10.900618553161621,10.80713012222899,10.900618553161621,154500
10.900615212423597,11.087588593379873,10.881917189606819,10.9193115234375,343200
10.881915373517053,10.91930970110697,10.844521045927136,10.8632173538208,251100
10.825825992383454,10.825825992383454,10.582758516944809,10.657548904418945,231000
10.620150973137594,10.63884727982773,10.208806548917385,10.339689254760742,327600
10.17141347374638,10.17141347374638,9.853555679321289,9.853555679321289,224400
9.947049973024308,10.021838676952838,9.834865205327809,10.003142356872559,396300
9.92835054326586,10.26490479896979,9.92835054326586,10.227510452270508,393300
10.26490479896979,10.26490479896979,10.115325700369198,10.227510452270508,140400
10.246206145704823,10.302298518239345,10.059232711791992,10.059232711791992,108600
10.021838084525825,10.35839236772039,9.984443734772075,10.28360366821289,242700
10.35839236772039,10.35839236772039,10.264905637434213,10.28360366821289,154200
10.32099801796664,10.35839236772039,10.283603668212889,10.28360366821289,71400
10.30229539703146,10.30229539703146,10.152716352857345,10.171414375305176,101100
10.134022894628986,10.134022894628986,9.928351402282715,9.928351402282715,302700
9.928346452766291,10.059229179995016,9.928346452766291,10.040531158447266,147000
9.909650330968365,9.909650330968365,9.647886538131713,9.89095401763916,411900
9.834861185947625,9.87225552262931,9.76007080078125,9.76007080078125,361800
9.610492139970473,9.703978841445025,9.42351702521829,9.535701751708984,423000
9.666588909811628,9.685285231547567,9.311336543378628,9.610496520996094,408900
9.722675323486328,9.853556342419452,9.685279279388745,9.722675323486328,437700
9.666583820857074,9.797464851322014,9.666583820857074,9.778768539428711,124500
9.74137557878158,9.965745087020723,9.74137557878158,9.909652709960938,102600
9.90964783420171,9.965740183662856,9.797463135279417,9.816161155700684,67800
9.816161349542975,9.853555679321289,9.722674669195843,9.853555679321289,87000
9.928351941140322,10.003142356872559,9.853561525408088,10.003142356872559,86400
10.040531641776049,10.190110685950163,10.040531641776049,10.171414375305176,213000
10.22751019109927,10.22751019109927,10.096627413288829,10.134021759033203,110400
10.096630118575604,10.395790100097656,10.096630118575604,10.395790100097656,206100
10.545369234956743,10.545369234956743,10.395790100097656,10.395790100097656,164700
10.41447897391223,10.451875014735233,10.377084644891882,10.43317699432373,241800
10.470576286315918,10.470576286315918,10.395787592825965,10.470576286315918,106500
10.470576273521035,10.470576273521035,10.171418076319853,10.227510452270508,75300
10.227513875064485,10.227513875064485,10.096631050109863,10.096631050109863,33900
10.059228506718023,10.077924815211643,10.021832466125488,10.021832466125488,129300
10.021837348642682,10.021837348642682,9.685283090160613,9.965744972229004,179700
9.909653371413558,9.947049433151872,9.7787722907403,9.928351402282715,102900
9.934288154310604,10.028542518615723,9.802334805608059,10.028542518615723,264300
9.990841994265564,9.990841994265564,9.840037398680632,9.915440559387207,316500
9.858887611917453,9.858887611917453,9.38762092590332,9.38762092590332,431700
9.38762188535748,9.406473106989694,9.236817289784437,9.331069946289062,352200
9.368770652257874,9.463025034475349,9.331069934867813,9.444173812866211,178800
9.519575119018553,9.576127047001183,9.48187268314488,9.519575119018555,119700
9.463024078897433,9.726932525634766,9.38762092590332,9.726932525634766,297900
9.858893233246633,10.141653060913086,9.802341267713343,10.141653060913086,246600
10.16049588237238,10.292450957098323,10.16049588237238,10.198198318481445,150600
10.217053519984283,10.217053519984283,9.971996177477097,9.990845680236816,77100
9.91544418995343,10.179352760314941,9.858892230173904,10.179352760314941,129900
10.141650216272545,10.141650216272545,10.028546316930578,10.085098266601562,183900
10.122798991106038,10.141650216272545,10.066247041435053,10.085098266601562,50700
10.028541533160192,10.028541533160192,9.802333842380847,9.858885765075684,117000
9.858890584602454,9.858890584602454,9.576130832900937,9.689234733581543,127500
9.726934420208147,9.726934420208147,9.463025922067773,9.4818754196167,120000
9.500726642994005,9.613830531601076,9.44417469869047,9.4818754196167,144000
9.55727678476323,9.802335739135742,9.481873631303676,9.802335739135742,155700
9.840039214353773,9.877739938749446,9.726935315338212,9.764636039733887,49500
9.78348740887253,9.82118813382321,9.689234733581543,9.689234733581543,53400
9.726935458532225,9.764636183482907,9.63268278324124,9.689234733581543,126600
9.840036392211914,9.896588325500488,9.68923181205173,9.78348445892334,346800
9.745788361910067,10.066248893737793,9.72693713327472,10.066248893737793,196800
10.066247041435053,10.311306065285496,9.990843866597562,10.085098266601562,241200
10.066243142475503,10.386703491210938,10.02854243257365,10.386703491210938,412500
10.3678588541586,10.405559581714673,10.254754945661702,10.292455673217773,336900
10.292454840118987,10.292454840118987,10.085098266601562,10.085098266601562,184200
10.141645269429814,10.179345975544821,9.915437581084374,9.934287071228027,101100
9.91543761406403,10.141645303161859,9.821183259721465,10.10394287109375,315600
10.141648164936235,10.292452758279653,10.141648164936235,10.217049598693848,213300
10.217049598693848,10.217049598693848,10.103945722229236,10.217049598693848,73500
10.292450915212216,10.40555477142334,10.2735996972344,10.40555477142334,180600
10.405554741217092,10.78256701888378,10.405554741217092,10.726015090942383,534900
10.726016105123563,10.726016105123563,10.518659591674805,10.575211524963379,327900
10.594065697726029,10.650617646778253,10.480961799621582,10.480961799621582,142500
10.499809323934436,10.556361262350292,10.499809323934436,10.518660545349121,159300
10.499810301714675,10.70716857910156,10.499810301714675,10.707168579101562,111300
10.688315450998742,10.895671965601005,10.631763517395573,10.876822471618652,388500
10.857971251808245,10.895671965601005,10.744867384601909,10.876822471618652,109800
10.857976854461983,10.971080780029295,10.82027612121586,10.971080780029297,264900
10.895668077046745,10.895668077046745,10.669460423365308,10.857967376708984,308700
10.8202714484067,10.839120943975006,10.594063694961461,10.63176441192627,435300
10.631766205193095,10.839122772216799,10.631766205193095,10.839122772216797,196500
10.820272466465914,10.820272466465914,10.70716857910156,10.707168579101562,173700
10.80142120222309,10.93337631225586,10.726018035657455,10.93337631225586,291600
10.895677587708107,11.00878151327542,10.895677587708107,10.971080780029297,116400
10.933372525778585,11.103028297424316,10.801417461444876,11.103028297424316,204600
11.065333476059076,11.103035935134141,10.933380046783173,10.971080780029297,301200
10.933370503211941,10.971071203549704,10.857967376708984,10.857967376708984,95400
10.876818589791583,10.933370503211941,10.782564250206027,10.857967376708984,101100
10.839119971700711,11.310386657714844,10.801419258117676,11.310386657714844,387000
11.216134010843234,11.310386657714844,11.216134010843234,11.310386657714844,247500
11.272688865661621,11.310389589015509,11.178434468534165,11.272688865661621,178200
11.253840555817858,11.27269178529152,11.02763270544966,11.159587860107422,184200
11.15958786010742,11.32924374788357,11.121885401160096,11.159587860107422,160800
11.121878623962402,11.197281770080659,11.027625985685496,11.121878623962402,229500
11.121877788166449,11.197280928618248,11.084177080854428,11.103028297424316,93900
11.121878623962402,11.197281770080659,11.084177913817218,11.121878623962402,91500
11.008777581223468,11.272687797171223,11.008777581223468,11.2349853515625,219000
11.234986375376605,11.253837599898828,11.197285652160643,11.197285652160645,189000
11.15958786010742,11.15958786010742,11.008781475975997,11.159587860107422,291300
11.159583102119946,11.159583102119946,11.046479225158691,11.046479225158691,47700
11.00878151327542,11.065333476059076,10.914528817245639,10.971080780029297,503100
11.005197607741065,11.176262855529785,10.986189777931532,11.176262855529785,459300
11.138256684589054,11.290314208349578,11.081234895657996,11.252300262451172,491700
11.233281995570138,11.328317642211914,11.176260259552015,11.328317642211914,270600
11.252292233429232,11.252292233429232,11.10023307800293,11.10023307800293,60300
11.10023307800293,11.10023307800293,11.062219159229183,11.10023307800293,38700
11.119243470774915,11.195273066015053,11.119243470774915,11.138251304626465,76800
11.138251938984494,11.176265868686546,11.138251938984494,11.157258033752441,63300
11.195268084946484,11.328317642211914,11.119238523533893,11.328317642211914,93900
11.328320273508975,11.480379431653853,11.176262855529785,11.176262855529785,299100
11.17626442542443,11.17626442542443,10.910163471541063,11.119242668151855,152400
11.119243136293434,11.176264895966733,10.986191783667067,11.081229209899902,141000
11.043211859379763,11.081227520142356,10.872146606445312,10.872146606445312,126600
10.891154706296064,10.948176458685047,10.758103370666504,10.758103370666504,161400
10.834132458301301,10.929168127880288,10.68207503894178,10.720088958740234,224100
10.720089449129109,10.81512512305549,10.720089449129109,10.758103370666504,297300
10.75810717247819,10.75810717247819,10.492006147347311,10.587041854858398,809700
10.530012801161224,10.568028450012207,10.453984983789647,10.568028450012207,94500
10.568033702729892,10.606047630310059,10.511011941276612,10.606047630310059,70200
10.60604815054617,10.872149136991949,10.568034221101387,10.8151273727417,168600
11.176263120985523,11.328320542576341,11.062219619750977,11.062219619750977,416100
11.06221984279929,11.214277267456055,11.06221984279929,11.214277267456055,292200
11.195268084946484,11.347325467606383,11.138246348928362,11.328317642211914,238200
11.328319863064108,11.328319863064108,11.290305944988043,11.309313774108887,165900
11.271295906193792,11.328317642211914,11.252289820964606,11.328317642211914,204900
11.347331847451413,11.499389315603047,11.347331847451413,11.366339683532715,411300
11.46136882732629,11.613426208496094,11.423354917075155,11.613426208496094,208200
11.613434635364683,11.68946425120036,11.518398920694988,11.632442474365234,228000
11.65145015034489,11.67045624891299,11.480384822232976,11.556412696838379,288900
11.537406132182976,11.746485389151225,11.537406132182976,11.68946361541748,259800
11.670451820476616,11.727473574876608,11.670451820476616,11.708467483520508,214500
11.708470474514968,11.708470474514968,11.518397331237793,11.518397331237793,186300
11.499389689847815,11.841520309448242,11.499389689847815,11.841520309448242,398700
11.860526639913243,12.164643287658691,11.860526639913243,12.164643287658691,346200
12.145639419555664,12.164647260048708,11.936560134798837,12.145639419555664,328800
12.050598167956322,12.278685188547508,12.031590336185099,12.126626014709473,405000
12.126632177452114,12.43074893951416,12.126632177452114,12.43074893951416,129600
12.392728168101458,13.153017044067383,12.392728168101458,13.153017044067383,379200
12.962945548664033,13.115002974105652,12.791880292480046,12.81088638305664,509100
12.8869166255966,12.8869166255966,12.58280001897856,12.848902702331543,299700
12.791880067880475,12.848901818940618,12.582799153882792,12.658828735351562,217500
12.696839930347494,12.810883407985841,12.62081210536551,12.63981819152832,200100
12.601806379754446,12.772871624728488,12.582798550257666,12.715849876403809,203100
12.71585075638511,12.772872508655896,12.506771578114158,12.544785499572754,243900
12.582800846525437,12.620816512456575,12.46875732906398,12.506772994995117,106800
12.506769472171055,12.582797302286359,12.126623360932587,12.202652931213379,331500
12.31669829841699,12.50677138307744,12.29769046790122,12.468755722045898,322500
12.468756460651395,12.468756460651395,12.316699028015137,12.316699028015137,208200
12.29768927490102,12.58279800415039,12.29768927490102,12.58279800415039,114900
12.544785840478959,12.601807594299316,12.46875625532987,12.601807594299316,186000
12.506772994995117,12.601808679491006,12.487765162029548,12.506772994995117,117900
12.5447796383958,12.563787460327147,12.468750090835384,12.563787460327148,238200
12.525775274907518,13.11500051581827,12.525775274907518,13.038970947265625,337800
13.038973538655915,13.191032705981733,13.038973538655915,13.153017044067383,194100
13.153016288623771,13.28606761735061,13.115002369058542,13.229045867919922,216900
13.15301565184142,13.191031309731875,12.924928665161133,12.924928665161133,200700
12.92492904020575,12.96294469919931,12.658828128079127,12.715849876403809,198900
12.734860029918032,12.753866122717623,12.240670294141067,12.506772994995117,356700
12.240659532327815,12.354702949523926,12.240659532327815,12.354702949523926,297900
12.392726295157711,12.544783699336922,12.354710638988761,12.449748039245605,306900
12.43074340329882,12.582800846525437,12.43074340329882,12.506772994995117,291600
12.449751236264389,12.506772994995117,12.39272947753366,12.506772994995117,167400
12.50677601076672,12.50677601076672,12.354716790707931,12.487768173217773,147600
12.445549560523261,12.445549560523261,12.100903556512215,12.177492141723633,400800
12.215785268104902,12.254080436282408,12.15834426879883,12.158344268798828,267600
12.177491483032643,12.177491483032643,11.871138911718068,11.966875076293945,554400
12.00516849034822,12.043461904402491,11.966875076293947,11.966875076293945,283200
12.005166947999074,12.005166947999074,11.871137386588206,11.92857837677002,192900
11.986018268771662,12.196636382114379,11.871136298933724,11.909431457519531,521400
11.909436153359435,11.909436153359435,11.698817956970862,11.756258964538574,404400
11.756258964538574,11.775406551381291,11.488201513542723,11.756258964538574,294900
11.794549401161637,12.02431333915206,11.756254242856745,11.986018180847168,286200
12.215782186714932,12.445546125982045,12.043459232264597,12.062606811523438,604200
12.139199012621772,12.29237443370612,12.120051427626128,12.196640014648438,350100
12.464696168899534,12.464696168899534,12.196638771092692,12.407255172729492,331500
12.407257366573887,12.445550786471575,12.330668773818113,12.42640495300293,242700
12.368964831356982,12.426405841792137,12.196641800051516,12.273228645324707,227400
12.292377214653547,12.388111655369569,12.273229625326078,12.349818229675293,294600
12.349810813308048,12.464692774362076,12.330663235479173,12.445545196533203,153600
12.52214000008323,12.637022018432615,12.407257981733842,12.637022018432617,217200
12.637020958710657,13.019960403442381,12.637020958710657,13.019960403442383,487500
12.981665886723967,13.24972330006487,12.82849047238062,13.23057746887207,236400
13.211428198213829,13.230575779922534,12.943370819091797,12.943370819091797,183300
12.905079873384079,13.058257071196001,12.866786450411366,12.981668472290039,159600
13.000811811257945,13.019957640006682,12.828488834759503,12.943370819091797,211500
12.905078251836127,12.943373422957515,12.637020818788002,12.694461822509766,258600
12.771041682631187,12.771041682631187,12.560423644304477,12.617864608764648,223800
12.617872497592003,12.617872497592003,12.330667495727539,12.330667495727539,324000
12.368964831356982,12.368964831356982,12.100905614019242,12.273228645324707,478500
12.254083094724686,12.368965118259728,12.254083094724686,12.292376518249512,304500
12.407254023229905,12.56042941450536,12.292372041533332,12.311519622802734,152700
12.349817530017033,12.445551965309381,12.254083094724686,12.292376518249512,256500
12.33066535572643,12.407253927251658,12.33066535572643,12.388106346130371,120900
12.48384071792444,12.598722682344114,12.445545561144774,12.541281700134277,256800
12.617874431054224,12.637022018432615,12.502992412704836,12.637022018432617,90000
12.579583430508954,12.61787685967577,12.522142410278319,12.52214241027832,141600
12.598725744283,12.598725744283,12.40725517272949,12.407255172729492,187800
12.407253927251658,12.483842498776884,12.349812936847714,12.388106346130371,318300
12.368961811548138,12.426402807959414,12.17749123919052,12.254079818725586,398100
12.254080436282408,12.292373851499729,12.139198437670261,12.158344268798828,386700
12.158344621346764,12.177492205990726,11.94772820210411,12.024316787719727,584700
12.00516849034822,12.00516849034822,11.909434078732472,11.966875076293945,196200
11.928582013715282,12.139200210571289,11.909436179790509,12.139200210571289,237900
12.17749449471447,12.292376518249512,12.158346906471774,12.292376518249512,184500
12.273224365322486,12.388106346130371,12.215783374918542,12.388106346130371,217500
12.349811175114933,12.541281700134277,12.3306635967251,12.541281700134277,113700
12.522131706481655,12.637013648742954,12.483838310047663,12.579572677612305,204000
12.50298772329414,12.560428710924834,12.426400908426436,12.483841896057129,152400
12.483846378575985,12.502992212687605,12.368964362064427,12.464698791503906,159900
12.483841896057129,12.52213530349098,12.464694315860289,12.483841896057129,88800
12.445547432808787,12.464695014078192,12.25407863195445,12.311519622802734,408000
12.311523820921826,12.330669655759863,12.177494212252956,12.273228645324707,703800
12.254077412556885,12.713605293615771,12.254077412556885,12.675310134887695,249600
12.713609408070461,12.713609408070461,12.57957981506624,12.694461822509766,220500
12.67531523745494,12.67531523745494,12.368964362064427,12.464698791503906,173100
12.42640613002725,12.42640613002725,12.273228930006816,12.292376518249512,171600
12.254079818725586,12.273225648889282,12.215784652478005,12.254079818725586,195300
12.234932852193655,12.311521435588482,12.139198437670261,12.158344268798828,426600
12.139195670661213,12.139195670661213,11.966872712022298,12.081754684448242,218700
12.024308351975215,12.06260174143789,11.986013209553537,12.04345417022705,78300
12.005169203075763,12.024316787719727,12.005169203075763,12.024316787719727,167100
11.986019403080984,11.986019403080984,11.717962032411156,11.775403022766113,427800
11.737113130656294,11.756258964538574,11.679672123088581,11.756258964538574,460500
11.737103548607648,12.100895130900565,11.737103548607648,12.04345417022705,360000
12.043459524999736,12.15834149742568,12.005166118511017,12.081754684448242,227100
12.081751956889443,12.120045354733099,11.890281461752377,11.947722434997559,121200
11.909436153359435,11.96687716092715,11.737113130656294,11.756258964538574,236100
11.771601469383272,12.080363593327412,11.771601469383272,12.022470474243164,244500
12.061063766479492,12.157551682980875,11.983872373224006,12.061063766479492,197700
12.022471329496211,12.022471329496211,11.810197133339157,11.829495429992676,416100
11.829485213400764,11.829485213400764,11.732995580224824,11.771592140197754,207300
11.771604902489344,11.829498038457722,11.771604902489344,11.810199737548828,97500
11.810193362456522,12.041765781328218,11.790895071964766,12.00317096710205,125400
11.964576081058897,11.983874374284513,11.810195035526766,11.906682968139648,150900
11.94528082663602,12.061067064804519,11.925982531355343,12.022470474243164,181500
12.04176909129329,12.04176909129329,11.96457767486572,11.964577674865723,108600
11.887388035365545,11.906684564420571,11.771601794004054,11.790898323059082,150000
11.752306601580452,11.848794572608313,11.752306601580452,11.810199737548828,46500
11.694412120176343,11.945282936096191,11.655817289557174,11.945282936096191,142500
11.90668798861525,12.02247426327523,11.848794851285259,11.925986289978027,110400
11.964567873036868,12.08035401944289,11.771592140197754,11.771592140197754,178200
11.810186933414299,11.810186933414299,11.65580599379173,11.771592140197754,269400
11.810200015318046,11.945284591340805,11.810200015318046,11.925986289978027,168900
11.925982850030854,12.003174266458421,11.887388025195985,11.964577674865723,233100
12.19614684270277,12.19614684270277,12.118957214011752,12.176850318908691,262200
12.15755456773754,12.350532213287535,12.15755456773754,12.234745979309082,140100
12.196158180394207,12.427730815254597,12.196158180394207,12.350541114807129,280500
12.311939855666942,12.389131293768745,12.311939855666942,12.369832992553711,238200
12.350536458097007,12.427726129440481,12.331238156881975,12.369832992553711,148500
12.427719035644463,12.427719035644463,12.041765598956006,12.080360412597656,335400
12.061065412999037,12.118958524154621,11.945279190687872,12.041767120361328,306000
12.099668502807617,12.099668502807617,12.061073657906443,12.099668502807617,207600
12.118966808637579,12.118966808637579,11.983882201345343,12.099668502807617,101100
12.041765476476296,12.061063766479492,11.964574083220809,12.061063766479492,190500
12.061073904360299,12.157561901964229,12.061073904360299,12.118967056274414,193500
12.11896017847713,12.234746416593925,12.11896017847713,12.196149826049805,238200
12.157555002263468,12.196149826049805,12.11896017847713,12.196149826049805,102300
12.215448379516603,12.292639795478635,12.196150083836638,12.215448379516602,224100
12.196148817273976,12.311935045813783,12.157553996679917,12.273340225219727,291900
12.33123651306741,12.65929698944092,12.33123651306741,12.659296989440918,192300
12.659294641732544,12.929463705591061,12.659294641732544,12.871570587158203,399600
12.832978223211565,12.832978223211565,12.717191948214895,12.736490249633789,157800
12.794378020497028,12.852271133711946,12.736484907282108,12.775079727172852,156300
12.736491825149072,12.929469562934488,12.659300376683191,12.890872955322266,122100
12.929465037468958,12.94876156776249,12.890868443366001,12.91016674041748,121500
12.92946720123291,12.948763734755744,12.890870600670757,12.92946720123291,175800
12.948766856773716,13.103149762728396,12.929470318598383,13.045256614685059,134100
13.045258626999907,13.064555168151855,12.87157915607872,13.064555168151855,199200
12.871572974233858,12.871572974233858,12.504915900575401,12.659296989440918,502200
12.678593959283392,12.755785379005028,12.543509416460005,12.62070083618164,278100
12.813679845064529,12.871572974233858,12.65929698944092,12.659296989440918,481500
12.71719011861025,12.77508324777958,12.65929698944092,12.659296989440918,372000
12.620698680852271,12.871569427036121,12.620698680852271,12.775079727172852,443700
12.736493710479046,12.852280016937947,12.736493710479046,12.794386863708496,194700
12.794374169530094,12.890862073593953,12.794374169530094,12.852267265319824,123900
12.813678788675977,12.96805986481397,12.813678788675977,12.91016674041748,347700
12.94875516938368,12.94875516938368,12.832968977804223,12.852267265319824,94200
12.794383387132125,12.832978223211565,12.678597112135455,12.736490249633789,131100
12.775075882014495,12.910160361109552,12.775075882014495,12.852267265319824,145200
12.813681688551018,12.813681688551018,12.65929881071656,12.736490249633789,405000
12.717191948214895,12.775085085713231,12.678597112135455,12.736490249633789,123900
12.736486055228944,12.91016541052752,12.678592936796086,12.871570587158203,167100
12.832981710275186,12.871578323600705,12.717195403816286,12.794386863708496,76500
12.813671825489003,12.813671825489003,12.659289066487519,12.717182159423828,114600
12.71719011861025,12.71719011861025,12.620702158914062,12.659296989440918,160200
12.659294641732544,12.89086711546398,12.620699818363226,12.871570587158203,113100
12.832981710275186,12.832981710275186,12.659302250586837,12.794386863708496,115500
12.83298101119862,13.045257072648749,12.813684472345864,13.006660461425781,102300
12.987362707594256,13.025957548447913,12.871576418274719,12.890872955322266,107700
12.85227652463046,12.85227652463046,12.697895413554347,12.736490249633789,191400
12.582105943432202,12.717188718786227,12.582105943432202,12.697892189025879,187800
12.79111099243164,12.849429124950738,12.732792859912543,12.79111099243164,356400
12.752226562887088,12.791106490701777,12.752226562887088,12.771666526794434,273900
12.75222593386388,12.888302115048047,12.75222593386388,12.86886215209961,207300
12.888308798375787,12.98550510406494,12.868868825346608,12.985505104064941,223800
12.946623827729905,13.102138235420949,12.946623827729905,13.063260078430176,183900
13.063260361454015,13.10213851928711,13.004942234840382,13.10213851928711,80700
13.063258439736673,13.102136591850458,12.98550035578138,13.043818473815918,67800
12.96605942237313,13.296528094640758,12.96605942237313,13.218770027160645,225300
13.14101660322053,13.374289076770435,13.14101660322053,13.277091026306152,201000
13.238209460665818,13.296527564016769,13.218769499639743,13.257649421691895,214800
13.238217081271012,13.413171492036708,13.238217081271012,13.374293327331543,171000
13.335406238517141,13.335406238517141,13.218770027160643,13.218770027160645,160200
13.257654498585971,13.432608875635957,13.257654498585971,13.413168907165527,89100
13.413173397823906,13.452051568053008,13.315977082386873,13.432613372802734,170100
13.374292931191878,13.510367393493652,13.335412987910015,13.510367393493652,169800
13.529805855443517,13.607563953602542,13.47148772675626,13.490927696228027,127800
13.490925823936953,13.724198306312072,13.490925823936953,13.607562065124512,81600
13.607562150929724,13.918590942905935,13.588122184033281,13.899152755737305,214200
13.860265753506757,14.26849239205056,13.84082757625118,14.2296142578125,186900
14.210179748254568,14.385134088984353,14.15186163467797,14.249059677124023,193500
14.22962503362376,14.501775738838296,14.22962503362376,14.44345760345459,234000
14.443456361506597,14.443456361506597,14.229623810062565,14.346260070800781,91200
14.307381879023087,14.36570000926404,14.112987518310547,14.112987518310547,183900
14.151856209609473,14.229614257812498,14.112978075371412,14.2296142578125,150900
14.229624732335408,14.229624732335408,13.957474032883207,13.996352195739746,218100
13.957470876698821,14.074107118621853,13.840834634775788,13.899152755737305,144300
13.93803596496582,13.996354107078648,13.918595991018725,13.93803596496582,198900
13.938033383833774,14.054669646459997,13.918593413486693,13.976911544799805,197100
13.97691222444737,14.015792167032123,13.93803406159083,13.996352195739746,156300
13.996354107078648,13.996354107078648,13.899157796800088,13.93803596496582,123000
13.957473354180854,13.996351515146886,13.918593413486693,13.976911544799805,135000
13.97691222444737,13.996352195739746,13.918594090298454,13.996352195739746,76500
13.99635149443082,14.093547786566104,13.782518939841948,13.801957130432129,261900
13.801955594825507,13.860273719563823,13.627001220610559,13.665881156921387,97800
13.704761524995167,13.996352195739746,13.646443390846253,13.996352195739746,99000
14.05466431718361,14.074104280159405,13.996346207983677,14.015786170959473,93600
14.03522346453996,14.190739599033524,14.01578528252377,14.132421493530273,135000
14.171305679693456,14.385138231137487,14.171305679693456,14.346260070800781,171300
14.268502274476363,14.61841106414795,14.229624113311123,14.61841106414795,125700
14.657290458679201,14.715608588117277,14.598972329241123,14.6572904586792,108600
14.696167131409998,14.696167131409998,14.112985896036585,14.151864051818848,360000
14.19074656947887,14.249064703627784,13.879715927441914,13.996352195739746,261000
13.918601474999994,13.918601474999994,13.646450631154496,13.840845108032227,227400
13.840840878169656,13.957477172705557,13.821400902504134,13.918597221374512,99600
13.957481438213035,13.957481438213035,13.763086961335302,13.840845108032227,143700
13.782519610455516,13.801957801991499,13.627003399798388,13.704761505126953,158700
13.704757710634652,13.782515794434019,13.490925204846047,13.763075828552246,96300
13.840831843359677,14.112982426383542,13.801951917408086,14.015786170959473,177000
14.093555970271204,14.112995951877727,13.840845108032228,13.840845108032227,111300
13.840838707663352,13.89915684578591,13.821398735046387,13.821398735046387,42600
13.763076892114961,14.171303749084473,13.763076892114961,14.171303749084473,119100
14.112982989830925,14.171301101359152,14.015786730526388,14.035224914550781,129000
14.035229418079911,14.249063748782135,14.015791227818324,14.112987518310547,95700
14.093545928281507,14.229622143111268,13.996349648961903,14.151864051818848,135600
14.112985896036585,14.229622143111268,14.074107740254322,14.151864051818848,142800
14.151863781700449,14.171303749084473,14.015789349195849,14.171303749084473,149100
14.151859158676434,14.462889636576415,14.015784770623602,14.404571533203125,217800
14.404577009248905,14.540653228759764,14.307380726585693,14.540653228759766,105600
14.50177426035895,14.657290458679201,14.50177426035895,14.6572904586792,87000
14.851679511571316,14.890559441786294,14.773923210596656,14.812801361083984,171000
14.832232989110402,14.832232989110402,14.773914906295717,14.793353080749512,100800
14.793363345293072,15.046075806079672,14.735045222013692,14.987757682800293,189000
15.007198887787691,15.026637077331541,14.832244503524862,15.026637077331543,142800
15.015542148774001,15.015542148774001,14.83934933949637,14.917657852172852,81000
14.995970056288256,15.015545845031737,14.878508154521837,15.015545845031738,264300
14.976392930204216,15.504971504211424,14.976392930204216,15.504971504211426,150300
15.58328502392165,16.131439562631726,15.58328502392165,15.935670852661133,176100
15.896517753601074,15.974826323216117,15.818210976313276,15.896517753601074,84900
15.955248732730546,15.994403913701689,15.896517753601074,15.896517753601074,108600
15.93566025054315,16.425083492179578,15.818198385778276,16.033544540405273,582300
16.013971458974748,16.248895254423406,15.994395670904908,16.072702407836914,125400
15.955248732730546,16.09228828147506,15.779055795342133,15.896517753601074,184200
15.896505209517734,15.916082784554455,15.642005695669507,15.837774276733398,148200
15.72031431017957,16.190161829211846,15.6028524304215,16.09227752685547,228000
16.01398452183503,16.32721710205078,15.935677721026929,16.32721710205078,346200
16.2488964415716,16.34678255837767,16.229320652071547,16.28805160522461,216600
16.248895254423406,16.248895254423406,15.974818090508746,16.072702407836914,366900
16.11186408996582,16.209748446913043,15.994402144698334,16.11186408996582,235500
16.072706244923264,16.522978155245532,16.053130452180035,16.38593864440918,135000
16.346787473623845,16.91451959403692,16.26847891509801,16.8753662109375,187200
16.816630947294602,16.83620673768365,16.522976168193573,16.640438079833984,139500
16.52298125939556,16.54255705581647,15.955247316647515,15.974824905395508,178500
15.896517377240476,15.896517377240476,15.544131510806618,15.81821060180664,381600
15.818201215464674,15.857354579948426,15.720315115766086,15.779046058654785,295200
15.77904275207109,15.77904275207109,15.426657168583207,15.602849960327148,199500
15.642009048886958,15.79862430577725,15.602853890419723,15.75947093963623,119100
15.68117035959,15.700747948742226,15.504977434201349,15.62243938446045,212700
15.661580890908462,15.720311821489776,15.602849960327148,15.602849960327148,91200
15.602849811245742,15.681158315381195,15.524543099436032,15.544118881225586,71700
15.524555023353573,15.818209899001326,15.524555023353573,15.62243938446045,210300
15.622442540309942,15.700751120410631,15.504980566322649,15.58328914642334,91800
15.58327798671702,15.602853773477705,15.40708515191366,15.44623851776123,152400
15.38751185354579,15.38751185354579,15.172165592986746,15.211318969726562,137400
15.250474821512713,15.270052409223277,15.133012879903303,15.191743850708008,86400
15.230895379550518,15.583281120010607,15.230895379550518,15.563703536987305,193200
15.700749304778096,16.05313518599012,15.700749304778096,15.857364654541016,237000
15.81820040486199,16.111855104257163,15.759469464982956,16.09227752685547,198900
16.09228617910301,16.09228617910301,15.739900350363527,15.935670852661133,121200
15.95523888713929,16.248893601579436,15.95523888713929,16.190162658691406,138600
16.229332704876764,16.36637050245483,16.229332704876764,16.32721710205078,117600
16.366363417635032,16.425094388981005,16.307632446289062,16.307632446289062,216900
16.32721039218053,16.36636377649401,16.072708913325293,16.11186408996582,179400
16.07270253760214,16.268472966165373,15.994395800037912,16.131433486938477,82800
16.09227752685547,16.366354648848947,15.994393224499094,16.09227752685547,118200
16.13143088933281,16.13143088933281,15.974815647097401,16.09227752685547,124800
16.13143875896998,16.36636263309249,16.092285377391867,16.209747314453125,141000
16.20973940661354,16.20973940661354,15.896507129816673,16.09227752685547,231900
16.053131103515625,16.053131103515625,15.974822552385188,16.053131103515625,106500
16.053122115308025,16.11185304769046,15.93566025054315,16.033544540405273,111000
16.07270723526382,16.24890013476973,16.07270723526382,16.229324340820312,192300
16.229332222447105,16.40552520751953,16.05313923737468,16.40552520751953,135300
16.405512965694985,16.562128238116845,16.248895900946735,16.366357803344727,217800
16.405519020868816,16.542556762695312,16.346788047992586,16.542556762695312,115200
16.601277754789955,16.718739629923668,16.601277754789955,16.6208553314209,195600
16.640436770490968,16.679590140514836,16.288051063296994,16.366357803344727,148500
16.405505981126215,16.425081761640655,16.092273777313277,16.34677505493164,116100
16.42508656793407,16.42508656793407,16.170587008169914,16.24889373779297,98100
16.366357803344727,16.444666335718853,16.248895900946735,16.366357803344727,145200
16.36636263309249,16.483824570153743,16.209747314453125,16.209747314453125,108000
16.20974880106309,16.229326389811085,15.818209572392817,15.974824905395508,149400
16.0139715882658,16.170588648046923,15.876933901365238,16.131433486938477,100500
16.190169727500606,16.26847828298375,16.092285377391867,16.209747314453125,62700
16.24890080646911,16.268478393554688,16.01397693074991,16.268478393554688,114000
16.288055869936265,16.32720925151438,16.13143875896998,16.209747314453125,227700
16.209747314453125,16.26847828298375,16.17059393287501,16.209747314453125,125100
16.24889373779297,16.346779838311015,16.20974037298144,16.24889373779297,97500
16.31656471405267,16.355976104736328,16.23774012854754,16.355976104736328,187800
16.31655391577663,16.31655391577663,16.099788704264753,16.11949348449707,114600
16.139210469725324,16.39538901506848,16.139210469725324,16.296857833862305,113100
16.316565802627338,16.59244916409438,16.296859203901853,16.572744369506836,144900
16.631860759068825,16.671272148584567,16.61215416224207,16.651565551757812,99600
16.61214178518166,16.828906972221592,16.61214178518166,16.809202194213867,163200
16.76980178415847,16.76980178415847,16.592447822384276,16.69097900390625,159900
16.671263057857015,16.789498966068766,16.59243851767025,16.73038101196289,196500
16.71068280423373,16.71068280423373,16.43479948146369,16.49391746520996,144000
16.454498951907436,16.592439651489258,16.454498951907436,16.592439651489258,94800
16.513620839949102,16.65156157235793,16.45450286773465,16.612150192260742,79200
16.651565551757812,16.671272148584567,16.572742772726325,16.651565551757812,70800
16.631859897305816,16.631859897305816,16.41509275585638,16.474210739135742,147600
16.39538169810638,16.39538169810638,15.942142796760974,16.00126075744629,312300
16.0997951487202,16.277149066622368,15.981559203452091,16.257442474365234,276600
16.27714908219135,16.63185691833496,16.27714908219135,16.63185691833496,196200
16.63185956138313,16.789506912231445,16.61215296597548,16.789506912231445,120600
16.86833402081456,17.42010073364496,16.848627422449937,17.321571350097656,293700
17.360973322963996,17.38067991063621,17.301855364084282,17.34126853942871,232800
17.341272682478827,17.420095443725586,17.183623551710593,17.420095443725586,301500
17.42009616944451,17.42009616944451,17.02597693437968,17.183624267578125,201300
17.065387575807385,17.420095413208493,16.907740249452683,17.400390625,251700
17.40038729139849,17.498916625976562,17.262444779679583,17.498916625976562,99300
17.498915828395642,17.538327199603142,17.10479670390985,17.34126853942871,271800
17.459499478191617,17.459499478191617,17.065378661961937,17.144203186035156,172500
17.144206543293183,17.22303108280219,16.966852682500498,17.06538200378418,153900
17.104795175607066,17.12449995738174,16.78949882170781,17.06538200378418,99300
17.065388579958206,17.223037719726562,16.986565814211495,17.223037719726562,234600
17.26245363715555,17.400396219653683,17.20333564524748,17.38068962097168,192000
17.380692209316123,17.380692209316123,16.986572805949127,17.104808807373047,123900
17.104805707276682,17.420100451170583,17.104805707276682,17.262453079223633,329100
17.24274444580078,17.4003936032763,17.124508479762973,17.24274444580078,196800
17.321571350097656,17.38068934105362,17.242746760777067,17.321571350097656,128700
17.321557855595053,17.321557855595053,17.223028548807818,17.301851272583008,72600
17.341275620257395,17.4003936032763,17.183626462781877,17.24274444580078,163500
17.16391312920463,17.183617910979304,17.045677222009502,17.06538200378418,125700
17.065380389439788,17.065380389439788,16.750085869503412,16.769790649414062,258900
16.730382155207987,16.750088742635494,16.415085777052425,16.592439651489258,294600
16.493917001804835,16.848624894316767,16.493917001804835,16.789506912231445,222900
16.828910334093756,16.86832350625553,16.710674425882004,16.73038101196289,279600
16.80919773695116,16.868315663570993,16.71066665649414,16.71066665649414,98400
16.710679679164194,16.710679679164194,16.415089815711188,16.63185691833496,112500
16.730386136689646,16.730386136689646,16.572738812163553,16.612150192260742,148200
16.61215416224207,16.69097874541132,16.572742772726325,16.651565551757812,125100
16.651561870664466,16.75009302887859,16.631857082331535,16.671268463134766,86700
16.592448057113902,16.61215465452464,16.33627131146341,16.355976104736328,92400
16.3756813683827,16.55303531822078,16.3756813683827,16.474210739135742,96600
16.5333143638107,16.966846466064453,16.4939030105644,16.966846466064453,246300
16.966855866342797,17.00626724142449,16.769795382660128,16.9471492767334,99000
16.92744991976358,16.98656790341335,16.789507356534884,16.888036727905273,81300
16.927433590190827,16.927433590190827,16.553019453553237,16.71066665649414,275100
16.71067556778048,16.71067556778048,16.553028280771155,16.592439651489258,85800
16.572735985306974,16.5924407699258,16.43479347229004,16.43479347229004,67200
16.316569216111127,16.3362758189593,16.001272591231956,16.080097198486328,198300
16.0800861980127,16.158910751342773,16.0800861980127,16.158910751342773,58200
16.15891421019962,16.15891421019962,15.764793163323734,15.902735710144043,376200
15.902733852988794,15.922440444272452,15.6859685654176,15.725379943847656,159900
15.725377221027427,15.764788592633476,15.646552673678382,15.745083808898926,61500
15.745084290475555,15.922438174332713,15.725377702001314,15.843613624572754,92100
15.804212734050465,15.804212734050465,15.567740732065362,15.646563529968262,99000
15.567734222076744,15.666263580322264,15.528321035468581,15.666263580322266,169500
15.666266699515665,15.68597329674338,15.488912736879639,15.528324127197266,144600
15.488913254719584,15.567737842127979,15.311559286154093,15.429795265197754,156300
15.438398724701145,15.517772311065459,15.438398724701145,15.4780855178833,215100
15.478083366571472,15.51777015423753,15.25980330929113,15.359021186828613,113400
15.438390255941485,15.577294864255105,15.398701667785643,15.398701667785645,170700
15.359021189922991,15.359021189922991,15.081210042715249,15.220114707946777,276600
15.239952655525201,15.299483720585846,15.180421590464555,15.200265884399414,130500
15.220114924745321,15.220114924745321,15.001834864311773,15.140741348266602,215400
15.140741707395378,15.339177470043659,15.120897404432647,15.319334983825684,93300
15.279648391880492,15.378868103027342,15.200274803057006,15.378868103027344,186300
15.458238234930771,15.577300408285167,15.458238234930771,15.55745792388916,191400
15.71620412955165,15.835266282048256,15.597141977055047,15.616986274719238,221700
15.656671905051592,15.696358680725096,15.53760976128694,15.696358680725098,211800
15.795583265731308,15.835270053768207,15.736052175303609,15.755894660949707,143400
15.67652562188328,15.716212421406098,15.597150206092415,15.636837005615234,148200
15.63683340165008,16.033708572387695,15.63683340165008,16.033708572387695,115800
16.03370632882721,16.073393113649768,15.994017727260102,16.05354881286621,54000
16.033708572387695,16.07339536276353,15.89480208095505,16.033708572387695,60900
15.994015610084372,16.271828517300996,15.934484532358569,16.212297439575195,68400
16.21230282144889,16.271833918936775,16.192458516704622,16.232145309448242,104400
16.192455037434897,16.23214182165102,16.033706083825866,16.073392868041992,74700
16.0733923653211,16.0733923653211,15.87495481695787,15.974174499511719,160800
15.874942724339192,15.954318046569822,15.835255971595421,15.954318046569824,115200
16.033707403428718,16.27183176181259,15.994018799201621,16.113080978393555,77100
16.113083701322253,16.23214590063435,16.113083701322253,16.192459106445312,108900
16.21230422450856,16.45042863506807,16.093242019228803,16.271835327148438,226500
16.311517964238707,16.470266925219104,16.311517964238707,16.430580139160156,132900
16.450424440561935,16.470266925219104,16.35120475029765,16.430580139160156,108300
16.41074364981342,16.56949450310907,16.41074364981342,16.549650192260742,285300
16.66870654011516,16.98620631788944,16.66870654011516,16.827455520629883,287100
16.787765502929688,16.827452286244007,16.668703336242245,16.787765502929688,87600
16.78776412910515,17.025888442993164,16.748077349038592,17.025888442993164,127500
17.06558392938565,17.105272546444432,16.94652171169983,17.08542823791504,160800
17.08541764636027,17.184635494009786,17.065573350132713,17.164793014526367,127800
17.18464335782963,17.343394166807364,17.18464335782963,17.283863067626953,353400
17.22432593347481,17.363230571730416,17.22432593347481,17.303699493408203,119100
17.303710490313907,17.34339911224797,17.164805763781153,17.204492568969727,120300
17.144950556797085,17.303699493408203,17.105263776830387,17.303699493408203,129600
17.30369953694774,17.30369953694774,16.946513066115713,17.025888442993164,95400
17.06557053180711,17.06557053180711,16.7877595142216,16.946508407592773,97800
16.966357364521162,17.025888442993164,16.946513066115713,17.025888442993164,93000
17.06558115946881,17.303705556190444,17.06558115946881,17.283863067626953,109800
17.184636311545706,17.283855980659602,17.105262756347656,17.105262756347656,64800
17.144948395205216,17.144948395205216,16.88697981608488,16.906824111938477,67200
16.867134869279106,17.025883762650277,16.867134869279106,16.946508407592773,96600
16.966360919357815,17.125109889629883,16.966360919357815,17.04573631286621,112500
17.065574708882885,17.18463686223961,16.92667007446289,16.92667007446289,98400
16.94651721052602,16.98620581704309,16.847299327722908,16.867143630981445,84600
16.78776872968741,16.86714412831719,16.78776872968741,16.827455520629883,105600
16.787758437142813,16.787758437142813,16.688540612244488,16.748071670532227,98700
16.78776412910515,17.045732741398613,16.78776412910515,17.025888442993164,140400
17.045732741398613,17.045732741398613,16.986201662926607,17.025888442993164,65400
17.06558392938565,17.18464614707147,17.04574143760152,17.08542823791504,111900
17.08542823791504,17.105272546444432,17.06558392938565,17.08542823791504,187500
17.105267403811325,17.105267403811325,16.966360919357815,17.04573631286621,108300
17.065573350132713,17.224324086464904,17.065573350132713,17.164793014526367,252600
17.144948718298807,17.184635494009786,17.144948718298807,17.164793014526367,107700
17.184643633705434,17.184643633705434,17.08542573906027,17.125112533569336,103500
17.1648030143482,17.264020919799805,17.1648030143482,17.264020919799805,102600
17.264012713441506,17.303699493408203,17.204481635119294,17.303699493408203,183900
17.30370605818284,17.30370605818284,17.24417495727539,17.24417495727539,131100
17.244176612011405,17.2838652275882,17.144958706559805,17.264020919799805,116700
17.26401168348798,17.34338705543025,17.085418459176033,17.105262756347656,226800
17.025887384405383,17.26401168348798,16.98620060680636,17.105262756347656,82200
17.085418459176033,17.14494953394668,17.025887384405383,17.105262756347656,91200
17.184640390986097,17.264015781771196,17.164797905848317,17.224328994750977,223800
17.264010862175883,17.264010862175883,17.164793014526367,17.164793014526367,72600
17.07360490839532,17.093574646352593,16.83397536582135,16.893882751464844,142200
16.893882425357678,16.91385216292947,16.77406765638351,16.853944778442383,69300
16.933828353881836,17.073612928790432,16.833983273649512,16.933828353881836,87000
16.933828353881836,16.973767848558108,16.774075859864283,16.933828353881836,82200
16.93382331080654,17.253330031918278,16.93382331080654,17.233360290527344,116400
17.23336551346561,17.23336551346561,17.133520432708046,17.173458099365234,205200
17.133514404296875,17.133514404296875,17.053637270858005,17.133514404296875,100800
17.133515240029954,17.253330031918278,17.053638102694862,17.233360290527344,67500
17.213398204094478,17.253335872166595,16.973768539203274,17.01370620727539,66300
16.814004570222878,16.85394404362513,16.534437397548132,16.774066925048828,216300
16.77407181703225,16.8140094738537,16.63428727581407,16.674226760864258,63600
16.61431355407392,16.714158575341624,16.454559326171875,16.454559326171875,75300
16.47453986877224,16.85395412364464,16.4545701201276,16.833984375,151500
16.71416441768571,16.734134160210804,16.55441196217117,16.674226760864258,96900
16.694198698740916,16.993735767667065,16.694198698740916,16.933828353881836,48300
16.853952123122717,17.093581765497785,16.853952123122717,17.05364227294922,100200
17.093583794463147,17.11355171487849,16.774076957295375,16.833984375,78600
16.814007873201074,16.853947354449122,16.694193085914062,16.714162826538086,240900
16.714160271896425,16.853944778442383,16.654252887409342,16.853944778442383,129000
16.794046290534872,17.033675955426077,16.794046290534872,17.01370620727539,91800
17.05363504829729,17.153481909140208,16.97375975349693,17.09357452392578,60900
17.13351217132596,17.13351217132596,17.013697400897108,17.09357452392578,16800
17.133511850574934,17.293264265413296,17.133511850574934,17.273296356201172,136800
17.313243369261425,17.313243369261425,17.13352111975352,17.25333595275879,84300
17.313231827040852,17.712613728059203,17.313231827040852,17.67267608642578,273300
17.692658935538077,17.772534278010255,17.373152080961177,17.413089752197266,348000
17.532896760252044,17.73258868366683,17.532896760252044,17.612773895263672,144900
17.69265708562151,17.892347249152056,17.572842256211494,17.65271759033203,167700
17.732597158826987,18.171918869018555,17.59281256280479,18.171918869018555,219300
18.17191961149923,18.17191961149923,17.992197335654392,18.032135009765625,161400
18.012164522641918,18.251794213977416,18.012164522641918,18.171918869018555,574500
18.211851936160684,18.311697006225586,18.112006866095783,18.311697006225586,306300
18.271761659689805,18.291731407525436,18.131977081298828,18.131977081298828,138600
18.151950538763092,18.211857966283763,18.05210543563851,18.11201286315918,361500
18.072072585850233,18.571301736565598,18.072072585850233,18.491424560546875,236100
18.511381352395638,18.571288735413102,18.371596849278816,18.53135108947754,301200
18.49141744246443,18.571294587735263,18.331664980151583,18.55132484436035,346800
18.5513189983312,18.5513189983312,18.47144370646008,18.53135108947754,121800
18.531352795561034,18.531352795561034,18.491413317720216,18.511383056640625,121800
18.4914178183121,18.4914178183121,18.35163509653301,18.37160301208496,120600
18.3316683534716,18.3316683534716,18.251791193502093,18.271760940551758,117000
18.311698412652127,18.331668159490476,18.25179100036621,18.25179100036621,87600
18.251779177549544,18.251779177549544,17.892334936668515,17.9921817779541,221100
17.99218837180316,17.99218837180316,17.612774257970226,17.872373580932617,280200
17.892345931381975,18.0321304981416,17.892345931381975,17.952253341674805,121800
17.972219467163086,18.032126865386964,17.972219467163086,17.972219467163086,165300
17.972219633371406,17.972219633371406,17.67268263948188,17.77252769470215,102600
17.8124640838965,17.912309121765546,17.79249434503133,17.852401733398438,78600
17.872370414307255,17.93227779912814,17.63274087502371,17.732585906982422,168000
17.792497437037692,17.87237457815114,17.75255978059533,17.77252769470215,170400
17.69265365600586,17.73259131532445,17.652714168458413,17.69265365600586,91500
17.69265708562151,17.772532419742042,17.65271759033203,17.65271759033203,209100
17.772528974643038,17.79249871841676,17.652714168458413,17.69265365600586,197400
17.73259131532445,17.772528974643038,17.652714168458413,17.69265365600586,207600
17.692655782558592,17.992192834022738,17.692655782558592,17.952253341674805,112500
18.012154159634594,18.032123898499762,17.852401733398438,17.852401733398438,93900
17.932278860630717,17.932278860630717,17.8124640838965,17.852401733398438,137100
17.732594752681777,17.772532419742042,17.632749670916503,17.65271759033203,123000
17.59281201510376,17.6127817648365,17.413089752197266,17.413089752197266,223800
17.41308391212087,17.4929610560329,17.37314625427925,17.393115997314453,222600
17.43306208310062,17.652722049766453,17.43306208310062,17.492969512939453,153000
17.552868598242664,17.63274574279785,17.51293094007947,17.63274574279785,152700
17.773387068229013,17.833703994750977,17.652753215185093,17.833703994750977,382500
17.833702502987133,18.095076442960913,17.813598089645865,18.034759521484375,136800
18.095077956588312,18.13528862736078,17.793493323978506,17.833703994750977,154200
17.833703767276685,17.87391627826275,17.713069915771484,17.713069915771484,119100
17.753283441701086,17.773387857616978,17.7130709284161,17.733177185058594,23400
17.733176117464136,17.733176117464136,17.652752936462498,17.67285919189453,16500
17.692963479530153,17.692963479530153,17.612540307473115,17.632646560668945,150300
17.612542882458914,17.612542882458914,17.431592099419955,17.49190902709961,104100
17.53211969864386,17.53211969864386,17.411485843284552,17.49190902709961,173100
17.49191354875491,17.49191354875491,17.290856457607337,17.351173400878906,131700
17.35116521182697,17.35116521182697,17.049580637804915,17.069686889648438,214200
17.049578200093777,17.069684449062553,16.808310575372044,16.82841682434082,249600
16.828425866845492,17.210433758163134,16.828425866845492,17.089799880981445,246000
17.02948750896612,17.02948750896612,16.969170554200865,16.989274978637695,133500
16.848524351097716,16.969158172607422,16.848524351097716,16.969158172607422,159600
17.02948092574232,17.049585342407227,16.868634548063067,17.049585342407227,101100
17.04959193340295,17.04959193340295,16.90885359943561,16.989274978637695,245100
16.98927112053305,17.00937738113132,16.92895417946521,16.949060440063477,297600
16.989267739535336,17.21043103992216,16.949057067068,17.190324783325195,235800
17.19032584370433,17.250642776489258,17.1300089109194,17.250642776489258,132000
17.27074993231605,17.29085435047188,17.15011606047386,17.23053741455078,82800
17.230540141073863,17.27075266520227,17.13001251220703,17.13001251220703,129600
17.130009801591225,17.250643673433416,17.049586606787496,17.23053741455078,212400
17.27074993231605,17.27074993231605,17.15011606047386,17.23053741455078,121800
17.190322696773567,17.250639618516633,17.089795107443916,17.109899520874023,226800
17.10990398319818,17.10990398319818,16.80831929582849,16.928953170776367,215400
16.86862666216413,16.94904981340681,16.86862666216413,16.88873291015625,109800
17.009381243801908,17.13001515333242,16.90885359943561,16.989274978637695,137100
17.029481254771966,17.210432052612305,16.90884738954507,17.210432052612305,126300
17.210425570673504,17.331059390466248,17.150108660777132,17.31095314025879,109800
17.31096101981532,17.672862643922958,17.31096101981532,17.471805572509766,114300
17.733175221939945,17.773385890046885,17.692964553833008,17.692964553833008,261900
17.773387857616978,17.773387857616978,17.612543326656834,17.733177185058594,132300
17.733175941970423,17.753282197203475,17.552225167052356,17.592435836791992,226200
17.572332654098446,17.733177185058594,17.33106493729493,17.733177185058594,172200
17.753285840633605,17.753285840633605,17.371277957166594,17.471805572509766,192000
17.43159362417154,17.491910557127152,17.29085350036621,17.29085350036621,62100
17.2506467766232,17.45170387943694,17.2506467766232,17.371280670166016,71700
17.391379716159243,17.391379716159243,17.109899520874023,17.109899520874023,171600
17.069683619907924,17.10989427516636,16.86862666216413,16.88873291015625,399300
16.888744204169615,16.888744204169615,16.6072657476758,16.808320999145508,270900
16.94905974402718,17.109904300027136,16.768108928254648,17.089799880981445,341700
17.08979175088076,17.31095314025879,17.08979175088076,17.31095314025879,177900
17.29085708653938,17.371280294069102,17.13001251220703,17.13001251220703,400800
17.210433848491558,17.230538267642768,17.089799970676726,17.17022132873535,185700
17.21042279451494,17.33105659484863,17.190316547550754,17.331056594848633,81000
17.411491354437914,17.47180830120932,17.290857460895094,17.371280670166016,173400
17.45170126599657,17.532122622497038,17.37127806876924,17.51201820373535,147000
17.612542266324922,17.77338678760171,17.592436010892893,17.67285919189453,209700
17.753281476356612,17.753281476356612,17.612541376892736,17.692964553833008,249000
17.672860255857714,17.753283441701086,17.672860255857714,17.733177185058594,150000
17.75327986781859,17.93423061899434,17.692962950760005,17.85380744934082,303900
17.813605214644785,17.894026581629138,17.713075744823694,17.75328826904297,114300
17.813603251783285,18.296138763427734,17.77339073199498,18.296138763427734,413700
18.255929443042472,18.557514190673828,18.255929443042472,18.557514190673828,291000
18.557507522155674,18.557507522155674,18.41676925098589,18.537403106689453,123000
18.517298010171718,18.69824880505939,18.49719175271975,18.678142547607422,160500
18.597714553547462,18.698242123431434,18.577608303280265,18.658031463623047,149700
18.65803813088213,18.678142547607422,18.537404267623682,18.678142547607422,168300
18.698250826555956,18.71835708618164,18.577616950255596,18.71835708618164,101400
18.718257877858527,18.758729167896078,18.57660558374175,18.617076873779297,179400
18.617070063002426,18.75872230529785,18.617070063002426,18.75872230529785,240900
18.75873262232,18.75873262232,18.475429834573085,18.69802474975586,238200
18.596846857280575,18.596846857280575,18.333778773877775,18.354015350341797,130500
18.293298322123988,18.313533035807936,18.131409496713747,18.17188262939453,109800
17.96952476757485,18.192119614485826,17.96952476757485,18.090940475463867,183600
18.11117704433093,18.151648329408378,18.05046919038642,18.090940475463867,98700
18.07070009090539,18.11117322009347,17.969520973247757,17.989757537841797,176700
18.00999265715815,18.11117362976074,17.989757944762694,18.111173629760742,192000
18.171890597877574,18.21236189564882,18.131417447449074,18.19212532043457,73500
18.2123611166795,18.394484727846294,18.2123611166795,18.252832412719727,190200
18.37424545914313,18.37424545914313,18.212358446063753,18.31353759765625,74400
18.27306898706843,18.414721302194998,18.2123611166795,18.252832412719727,122100
18.273069768634315,18.273069768634315,18.11118272489208,18.19212532043457,160200
18.171886035396238,18.21235732300621,17.868346746679467,17.949289321899414,432900
17.949293828492586,18.19212532043457,17.949293828492586,18.19212532043457,174300
18.273067144280432,18.333775008547146,17.96952782294687,18.050472259521484,135600
18.09094123335074,18.354009229016594,18.09094123335074,18.333772659301758,151200
18.31353159424865,18.61707080217905,18.31353159424865,18.59683609008789,161400
18.5968444143782,18.7587314468526,18.576607840572475,18.738494873046875,160800
18.738481035065245,19.345559274350897,18.677773211136678,19.203908920288086,454500
19.22415624018484,19.22415624018484,18.778966474373473,18.859909057617188,392400
18.77895760260601,18.77895760260601,18.394474029541016,18.394474029541016,159900
18.434953349648083,18.434953349648083,18.09094275156657,18.212358474731445,122400
18.232589721679688,18.293297565533607,18.070700902964987,18.232589721679688,252600
18.273070209737035,18.273070209737035,18.01000213623047,18.01000213623047,144300
17.989766978921086,18.33377764161981,17.989766978921086,18.19212532043457,189600
18.252827468430336,18.2730640372974,18.07070390659681,18.090940475463867,202500
18.090936248366898,18.131407523987896,17.949284004709035,17.969520568847656,200100
18.01000213623047,18.070710010681424,17.949294261779514,18.01000213623047,101700
17.98976396862706,18.192122276279175,17.98976396862706,18.13141441345215,144900
18.151646063054137,18.192117343078475,18.1111747830298,18.17188262939453,95700
18.192117383068442,18.576601028442383,18.070701690072088,18.576601028442383,212700
18.576601785128233,18.67778091586107,18.515893936157227,18.515893936157227,158700
18.495661917593225,18.637314217581018,18.47542719806424,18.55636978149414,134700
18.59683609008789,18.63730736692651,18.55636296059297,18.59683609008789,68100
18.63730887494056,18.657545441325436,18.55636446205751,18.576601028442383,180300
18.5563694083144,18.77896613991252,18.536134689192345,18.637313842773438,217500
18.63730662694641,18.75872230529785,18.63730662694641,18.75872230529785,110100
18.75872270991152,18.7991939860162,18.718251433806845,18.778959274291992,110400
18.758725738651133,18.758725738651133,18.536130905151367,18.536130905151367,113100
18.515889699703003,18.515889699703003,18.354002757039055,18.394474029541016,115800
18.374240922562976,18.576601028442383,18.313533076064797,18.576601028442383,170100
18.617077645395053,18.617077645395053,18.51589848977919,18.55636978149414,114000
18.556371266766753,18.778968020658322,18.455192103052394,18.738494873046875,147600
18.73849553913206,19.18368721008301,18.73849553913206,19.183687210083008,152700
19.143213646672702,19.325337237858836,18.940853483358005,19.06226921081543,255900
19.08251144855392,19.22416193753905,19.08251144855392,19.163454055786133,93900
19.122977814366546,19.14321438727801,18.778967190813887,19.102741241455078,196800
19.12297707454414,19.143213646672702,19.021797919215278,19.06226921081543,101700
19.10274050241558,19.10274050241558,19.021797919215278,19.06226921081543,75900
19.082500410912495,19.082500410912495,18.859903738133788,18.88014030456543,64200
18.880142956661874,18.94085081182799,18.77896381560392,18.92061424255371,121500
18.880152138535554,18.920623444109566,18.799207674729914,18.900388717651367,56700
18.900388717651367,18.920623444109566,18.85991555941974,18.900388717651367,43500
18.90037954414729,18.90037954414729,18.758727264404296,18.819435119628906,41700
18.778958111383954,18.778958111383954,18.657542437932456,18.718250274658203,95400
18.71826093005572,18.71826093005572,18.57660861284113,18.67778778076172,79200
18.67778091586107,18.758725332041255,18.515893936157227,18.515893936157227,74100
18.55636901239452,18.65755001647375,18.55636901239452,18.617076873779297,78900
18.65754319089039,18.75872230529785,18.65754319089039,18.75872230529785,65700
18.839674328029144,19.06226921081543,18.839674328029144,19.06226921081543,128400
19.102740128629545,19.22415585371121,19.102740128629545,19.143213272094727,130800
19.10273976023128,19.14321290291593,18.778965734695483,19.02179718017578,177600
19.00133424646714,19.021700713906768,18.573651482077207,18.695846557617188,154200
18.634746551513672,18.77730807560977,18.614380086771764,18.634746551513672,251100
18.675473052467005,18.75693702697754,18.675473052467005,18.75693702697754,81900
18.756934739589262,18.756934739589262,18.655106182280115,18.716203689575195,89700
18.716210542029213,18.716210542029213,18.410722893707455,18.431087493896484,228900
18.431085792391535,18.492183316415538,18.329257207201014,18.451452255249023,133800
18.492186359818763,18.675478962056665,18.451455291948818,18.573650360107422,81300
18.63474503304194,18.899501594918263,18.59401397142577,18.879135131835938,127200
18.838410778878185,18.858775384664188,18.716215685965565,18.777313232421875,154800
18.716219233559656,18.960609465708206,18.431096053020013,18.532926559448242,246900
18.573651482077207,18.695846557617188,18.512553944307214,18.695846557617188,127200
18.695845631866767,18.695845631866767,18.53291949406393,18.594017028808594,104700
18.57364693114536,18.65511091639459,18.28852577959567,18.410720825195312,106200
18.4107277028152,18.4107277028152,18.247799671452377,18.32926368713379,222300
18.349627047031955,18.614381790161133,18.349627047031955,18.614381790161133,144600
18.4514556509625,18.634748256766763,18.39035811569441,18.614381790161133,90900
18.655113220214844,18.695844285595346,18.471820629179597,18.655113220214844,136800
18.655113220214844,18.73657535097585,18.5532827599406,18.655113220214844,66600
18.59401568986976,18.716210750559927,18.59401568986976,18.655113220214844,84600
18.65511909678228,18.67548370361328,18.553288604430314,18.67548370361328,65700
18.675477820630768,18.73657535097585,18.655113220214844,18.655113220214844,163800
18.675469041953793,18.7365665435791,18.655104451110542,18.7365665435791,55200
18.736573786273908,18.736573786273908,18.39035509808091,18.492183685302734,121500
18.492186157993775,18.55328369140625,18.471821556555447,18.55328369140625,87900
18.573649793568226,18.614380860195777,18.451454729136856,18.51255226135254,84600
18.492186157993775,18.69584522421828,18.492186157993775,18.55328369140625,78300
18.532913362685782,18.573644417523944,18.32925435939863,18.349620819091797,122700
18.34963432175438,18.492194050865262,18.20707272809395,18.369998931884766,106200
18.41073144337397,18.594024117485382,18.41073144337397,18.532926559448242,69600
18.675480090177565,18.695846557617188,18.492187476867592,18.695846557617188,135900
18.634748256766763,18.67547932542922,18.492186719624957,18.614381790161133,75300
18.573650157393327,18.61438122481873,18.532919089967926,18.55328369140625,43800
18.431085769475956,18.431085769475956,18.125598149735758,18.247793197631836,173100
18.247797075467528,18.247797075467528,18.023773394900306,18.044139862060547,136500
18.04413831847833,18.166333381888908,18.04413831847833,18.084869384765625,267300
18.044142429072526,18.512556324005125,18.044142429072526,18.32926368713379,159000
18.28852895631801,18.573650157393327,18.28852895631801,18.55328369140625,102900
18.553283327980093,18.63474732578391,18.492185795764406,18.51255226135254,54600
18.512550148566497,18.573647673809294,18.308891109574354,18.492183685302734,76200
18.410721585681294,18.573647698361277,18.227429009710622,18.28852653503418,125700
18.28853443061502,18.43109414155062,18.04414422381192,18.105241775512695,104100
18.166336416532697,18.329262573447004,18.145969947712533,18.207067489624023,262800
18.20706252235253,18.512550148566497,18.20706252235253,18.492183685302734,141000
18.532916448655048,18.573647510275457,18.32925741145604,18.471818923950195,408300
18.5125516945601,18.675477820630768,18.471820629179597,18.655113220214844,151800
18.67548370361328,18.67548370361328,18.553288604430314,18.67548370361328,144300
18.573650360107422,18.63474789418672,18.51255282602812,18.573650360107422,70500
18.57364902183658,18.655113016255584,18.55328255709467,18.634746551513672,106800
18.573654122717798,18.777313232421875,18.553287652382647,18.777313232421875,245700
18.695845631866767,18.75694316661143,18.553284095946292,18.594017028808594,53700
18.553284095946292,18.695845631866767,18.492186561201628,18.594017028808594,102000
18.553283893898065,18.675478962056665,18.51255282602812,18.573650360107422,91800
18.67547931074858,18.81804084777832,18.573650706898082,18.81804084777832,80100
18.71621209829792,18.73657670018028,18.57365056237744,18.594017028808594,115200
18.5940166233804,18.65511415679288,18.55328369140625,18.55328369140625,137100
18.573649017962847,18.614380082889536,18.431087493896484,18.431087493896484,211500
18.471829440734876,18.553291610355508,18.329267847074448,18.369998931884766,159300
18.451451885545715,18.492182945896122,18.268159317146257,18.410720825195312,156900
18.28852783437875,18.532917953036158,18.24779490490343,18.431087493896484,162000
18.431089026456966,18.67547916543562,18.390357958143454,18.594017028808594,92400
18.675486285168564,18.716219233559656,18.532926559448242,18.532926559448242,114300
18.369987900296483,18.55328046869594,18.329256839946076,18.410720825195312,135600
18.349627798436867,18.75694409538718,18.329261330997245,18.695846557617188,194700
18.695844081190767,18.695844081190767,18.57364902183658,18.634746551513672,140700
18.207064042834684,18.675477820630768,18.207064042834684,18.655113220214844,342000
18.67547932542922,18.67547932542922,18.553284254893043,18.614381790161133,102300
18.614380860195777,18.614380860195777,18.4107236625093,18.51255226135254,69600
18.61496183897235,18.778971570122195,17.733417510986328,17.733417510986328,581400
17.69241004549231,17.69241004549231,16.400843565444227,16.54435157775879,1515600
16.646856531145925,16.851867712906575,16.400843863804223,16.46234703063965,1246800
16.56484880893985,16.64685175658229,16.2368313875886,16.318836212158203,542100
16.48284559184439,16.48284559184439,16.257334648444193,16.400840759277344,381900
16.380336622087437,16.687852316638974,16.380336622087437,16.56484603881836,314700
16.62635500974222,16.790362812056312,16.564851849258496,16.667356491088867,361800
16.66736339120304,16.872374636663796,16.66736339120304,16.728866577148438,463500
16.687859779143245,16.85186759726973,16.667358098029553,16.74936294555664,385200
16.810866901192398,16.851868388417003,16.749363731891606,16.79036521911621,380100
16.83136027948748,16.974868245368455,16.7903588079188,16.85186195373535,634500
16.93386980855034,17.015872766383612,16.79036181695103,16.810863494873047,566700
16.85187226737577,16.995380321086184,16.810870770713457,16.892873764038086,286500
16.974873490024095,17.20038446871762,16.913370325205168,17.11838150024414,242700
17.077383314410813,17.077383314410813,16.810870770713457,16.892873764038086,1268700
16.913376701304486,17.17989114163449,16.913376701304486,17.056884765625,210900
17.077384218681257,17.241393967871467,17.077384218681257,17.138887405395508,270900
17.282391544810515,17.69241207088344,17.282391544810515,17.528404235839844,330600
17.54890230305597,17.54890230305597,17.3028896627184,17.343891143798828,187800
17.343886756231832,17.589899334334408,17.343886756231832,17.50789451599121,228900
17.507907094036494,17.548910471129282,17.425904093707647,17.46690559387207,115500
17.446403905325674,17.548910471129282,17.40540240516125,17.46690559387207,252000
17.446401596069336,17.507904776639414,17.446401596069336,17.446401596069336,94500
17.446403905325674,17.56941028274731,17.425904093707647,17.46690559387207,132300
17.446401596069336,17.56940795720949,17.425901787164722,17.446401596069336,134400
17.528393890867644,17.548895561996293,17.425889289077926,17.48739242553711,83700
17.50790255261144,17.65141058135451,17.487402746310917,17.528404235839844,174600
17.528394300367843,17.79490852355957,17.528394300367843,17.79490852355957,157500
17.835920740351515,17.897423915318242,17.835920740351515,17.856422424316406,120300
17.856413274146487,17.87691307067871,17.75390678377742,17.87691307067871,145500
17.8769243276417,17.8769243276417,17.569408416748047,17.569408416748047,196500
17.569408869896726,17.73341861122225,17.487405876162185,17.692415237426758,193200
17.67190933227539,17.692409135174376,17.589904489896753,17.67190933227539,233400
17.63091159892678,17.67191497166471,17.548908607307247,17.569408416748047,149100
17.569408869896726,17.73341861122225,17.569408869896726,17.692415237426758,200700
17.712905313785985,18.18442878793194,17.712905313785985,17.87691307067871,258000
17.958923135767954,17.958923135767954,17.712910490072503,17.7539119720459,97800
17.712903714055926,17.917914799351625,17.712903714055926,17.79490852355957,52500
17.815415460278547,17.85641881993165,17.65140765244884,17.67190933227539,214500
17.67190384379455,17.87691307067871,17.630900496876126,17.87691307067871,389700
18.040931949216596,18.040931949216596,17.712914390418057,17.856422424316406,150900
17.733406987245193,17.87691307067871,17.712905313785985,17.87691307067871,149100
17.876923735662974,17.917927107043113,17.75391737537876,17.835922241210938,243600
17.794915330946832,17.835916812920228,17.671909008099107,17.7539119720459,139800
17.71290397644043,17.75390544333621,17.630899165722038,17.71290397644043,433800
17.77442010808952,17.77442010808952,17.692415237426758,17.692415237426758,323100
17.75390857227822,17.815411721924594,17.73340877368088,17.774410247802734,26700
17.75390678377742,17.87691307067871,17.712905313785985,17.87691307067871,126300
17.876922295315985,18.122934996063123,17.835920804167447,17.958927154541016,126600
18.040932013766046,18.102435188952832,17.958927154541016,17.958927154541016,127200
17.79492425392803,18.040937022982668,17.75392087446661,18.020435333251953,111600
17.97942781495476,18.204938818824612,17.97942781495476,18.102434158325195,89700
18.04092118996633,18.34843688140367,17.917914913391396,18.18442726135254,138600
18.163931410340666,18.368940664526477,18.122928057961715,18.286937713623047,117600
18.32795186360677,18.491959755759066,18.28695035980083,18.450958251953125,100800
18.491952414955627,18.491952414955627,18.307442905681366,18.368946075439453,75900
18.38944768423986,18.38944768423986,18.2254398578491,18.266441345214844,93000
18.26643057771631,18.26643057771631,18.0819211779414,18.204927444458008,79500
18.266441578767736,18.32794474906662,18.081932067871094,18.081932067871094,257700
18.061430792583153,18.163937330010416,18.061430792583153,18.102434158325195,165000
18.122928057961715,18.286937713623047,18.102428258699472,18.286937713623047,286500
18.450945520694386,18.676456451416016,18.368940692737777,18.676456451416016,342000
18.635464845618575,18.635464845618575,18.409953795461753,18.594463348388672,157500
18.666164671295363,18.707460864255754,18.521625160306193,18.604219436645508,85800
18.62487145748459,18.645520504572854,18.377090454101562,18.377090454101562,162900
18.41838081942923,18.604216493984847,18.37708274258249,18.39773178100586,158100
18.418391472136758,18.562929153442383,18.397742421770527,18.562929153442383,59400
18.56292135326658,18.624866587916436,18.4803289673458,18.604219436645508,92100
18.604226363698494,18.748764038085938,18.604226363698494,18.748764038085938,76200
18.790054405872283,18.831350597217924,18.70746013276254,18.769405364990234,91800
18.76940718575254,18.8520014668745,18.76940718575254,18.790056228637695,126900
18.76940480174634,18.76940480174634,18.31513914890234,18.459678649902344,162000
18.50098389276302,18.686819674801107,18.43903863208366,18.562929153442383,113700
18.521622230709603,18.542271269132975,18.294490369725487,18.39773178100586,146700
18.418383279003297,18.74875659538554,18.35643804587932,18.707460403442383,151800
18.666170303481497,18.872653221004544,18.562926954300863,18.6248722076416,89100
18.62486550867004,18.9758897449576,18.62486550867004,18.851999282836914,140700
18.748759659985748,18.955244434289725,18.72811250584851,18.872650146484375,249600
18.913943876531192,19.0171852946799,18.851998647558293,18.996536254882812,183000
18.996545494073132,19.141085062114513,18.996545494073132,19.058490753173828,206100
19.058479228027863,19.141073487021707,19.058479228027863,19.07912826538086,155700
19.058479228027863,19.099777302733855,18.872643563105324,19.07912826538086,67200
19.12042556828228,19.264965057373047,19.058480343017415,19.264965057373047,135000
19.223670321934367,19.450802201579805,19.203021281814454,19.368207931518555,227100
19.32692044452556,19.32692044452556,18.83135838184542,19.141084671020508,189500
19.326909151944246,19.326909151944246,18.831347378817473,19.07912826538086,200800
18.955242432140913,19.141078142259943,18.769406722021884,18.89329719543457,114200
18.8932928588569,19.017183303833008,18.831347636368843,19.017183303833008,125400
19.14107374880912,19.14107374880912,18.831347636368843,19.017183303833008,89300
19.017183565625956,19.017183565625956,18.893293118944356,18.955238342285156,128900
19.141078142259943,19.203023378966286,18.521625775196515,18.89329719543457,169600
18.831350597217924,18.955241061673306,18.58356966830716,18.769405364990234,176200
18.95523385589701,18.95523385589701,18.273836560423586,18.6455078125,202100
18.70747055053711,18.769415817260743,18.583580017089844,18.583580017089844,97100
18.831347895603553,19.017183565625956,18.70745744892195,18.955238342285156,193000
18.76940313011709,18.955238804672707,18.27384133130212,18.39773178100586,225400
18.273844828371143,18.955242432140913,18.273844828371143,18.89329719543457,165000
18.893293579820835,18.893293579820835,18.39773178100586,18.39773178100586,138600
18.583569110639942,18.83135003211514,18.45967864990234,18.459678649902344,137500
18.33578655615399,18.645512680413347,18.33578655615399,18.39773178100586,174600
18.521624704070437,18.831350869690343,18.397734237822476,18.707460403442383,128600
18.583562603820596,18.769398229858805,18.521617395141195,18.6455078125,95000
18.70747055053711,18.70747055053711,18.52163475036621,18.583580017089844,85000
18.459689483642578,18.769415817260743,18.459689483642578,18.583580017089844,142400
18.583580017089844,18.769415817260743,18.459689483642578,18.583580017089844,92900
18.583580017089844,18.70747055053711,18.52163475036621,18.583580017089844,192800
18.583562603820596,18.6455078125,18.459672186461795,18.6455078125,155900
18.76940563656636,18.831350869690343,18.58356993719442,18.707460403442383,148000
18.583559989929196,18.707450389862057,18.21188879013061,18.335779190063477,158700
18.335789004698494,18.707460403442383,18.335789004698494,18.707460403442383,104100
18.70745790526522,18.831348354968963,18.39773178100586,18.39773178100586,101100
18.39773341953354,18.583569110639942,18.273842958795942,18.459678649902344,190000
18.335789271763392,18.335789271763392,18.08800833565848,18.211898803710938,229600
18.21188879013061,18.521614789962765,18.08799839019775,18.335779190063477,181700
18.33578655615399,18.45967700585773,18.33578655615399,18.39773178100586,81600
18.459669830839513,18.583560232388773,18.273834228515625,18.273834228515625,234800
18.335779190063473,18.335779190063473,18.02605319023132,18.335779190063477,229700
18.397724390029904,18.521614789962765,18.335779190063473,18.335779190063477,101200
18.335779190063473,18.459669589996334,18.21188879013061,18.335779190063477,135500
18.397724390029904,18.459669589996334,18.21188879013061,18.335779190063477,157100
18.33578982418531,18.33578982418531,17.9641184088302,18.088008880615234,144800
18.08800419171651,18.211894631385803,17.84022331237793,17.84022331237793,161800
17.850211871994865,17.975038528442383,17.787798543771107,17.975038528442383,526400
17.975043987405712,18.16228402894119,17.91263064022722,18.099870681762695,535400
18.349525719582036,18.661592483520508,18.22469901400665,18.661592483520508,726500
18.59917282413792,18.59917282413792,18.41193282926405,18.474346160888672,88300
18.474345930470715,18.723999253855453,18.349519268778344,18.599172592163086,166300
18.5367592613169,18.723999253855453,18.5367592613169,18.599172592163086,120200
18.599172592163086,18.66158592300927,18.474345930470715,18.599172592163086,92900
18.536748165986978,18.599161459475148,18.349508285522464,18.34950828552246,106800
18.536760330200195,18.599173664645317,18.41193366130996,18.536760330200195,90900
18.536759492513298,18.59917282413792,18.349519497639427,18.474346160888672,115400
18.349524070476665,18.411937417655157,17.91263064022722,18.099870681762695,189500
18.037457074204536,18.22469711303711,17.850217035371962,18.22469711303711,163800
17.975043987405712,18.411937417655157,17.787803945870237,18.099870681762695,124300
18.411932684558487,18.411932684558487,17.97503936661981,18.037452697753906,213500
18.03745485099766,18.162281528167192,17.78780149665859,17.912628173828125,255100
17.975043727927012,18.349523805592156,17.975043727927012,18.22469711303711,124100
18.09987042048206,18.287110459314633,17.975043727927012,18.22469711303711,92800
18.28709499203429,18.474334872498805,18.162268405057947,18.34950828552246,270900
18.411921579010635,18.411921579010635,18.28709499203429,18.34950828552246,119300
18.34952032686484,18.536760330200195,18.162280323529487,18.536760330200195,57900
18.474346160888675,18.474346160888675,18.22469283439018,18.474346160888672,126200
18.349519268778344,18.599172592163086,18.28710593793216,18.599172592163086,292100
18.59917282413792,18.59917282413792,18.41193282926405,18.474346160888672,140500
18.536760330200195,18.661586999090435,18.34952032686484,18.536760330200195,185500
18.5367592613169,18.599172592163086,18.349519268778344,18.599172592163086,179600
18.599161459475148,18.599161459475148,18.349508285522464,18.34950828552246,131400
18.536770478857257,18.66159721608862,18.162290267163172,18.28711700439453,127000
18.287107228424592,18.474347234176378,18.1622805579234,18.41193389892578,89900
18.34952056367519,18.536760569426974,18.099867222672803,18.41193389892578,78200
18.41193389892578,18.536760569426974,18.1622805579234,18.41193389892578,101900
18.349523805592156,18.53676384442473,18.162283766759586,18.22469711303711,88400
18.34951526602519,18.34951526602519,18.099861997099676,18.162275314331055,145700
18.037448679868298,18.411928583256568,17.787795410942785,18.162275314331055,163700
18.34951526602519,18.34951526602519,17.97503536263692,18.162275314331055,83300
18.162283766759586,18.22469711303711,18.037457074204536,18.22469711303711,65200
18.16228402894119,18.16228402894119,17.91263064022722,18.099870681762695,133400
18.099865184889897,18.099865184889897,17.912625200218624,17.975038528442383,99400
17.97503936661981,18.099866028888002,17.850212704351616,18.037452697753906,262400
17.912625426179044,18.0374520842012,17.787798768156893,17.85021209716797,168800
17.975038528442383,18.03745185666614,17.850211871994865,17.975038528442383,69000
18.03745485099766,18.03745485099766,17.850214835243357,17.912628173828125,136300
17.97504151241289,17.97504151241289,17.850214835243357,17.912628173828125,63500
17.912625200218624,17.975038528442383,17.850211871994865,17.975038528442383,231300
17.975043727927012,18.22469711303711,17.975043727927012,18.22469711303711,94300
18.224697376119682,18.287110723298174,18.037457334584204,18.099870681762695,87000
18.162283766759586,18.287110459314633,18.09987042048206,18.22469711303711,98900
18.037457074204536,18.22469711303711,17.975043727927012,18.22469711303711,173900
18.22470363577885,18.411943741625894,18.09987689854749,18.28711700439453,85900
18.16228669588683,19.098487041035636,18.099873339543578,19.036073684692383,223300
18.973653793334964,19.348133802413944,18.911240458488468,18.97365379333496,213200
18.84883361566262,19.036073684692383,18.66159354663286,19.036073684692383,114300
19.09847051447088,19.348123723810367,18.973643909801137,19.223297119140625,178400
19.160886764526364,19.2857133883995,19.03606014065323,19.160886764526367,207400
19.160892258184244,19.3481322476779,19.160892258184244,19.28571891784668,158700
19.348139883596687,19.72262001037598,19.285726529133473,19.722620010375977,143700
19.660209864377975,20.15951678156853,19.597796499729156,19.97227668762207,408300
19.90985169025682,20.097091674804688,19.847438362074197,20.097091674804688,120500
20.034679412841797,20.034679412841797,19.909852749833437,20.034679412841797,293700
19.909858703613278,19.972272053781346,19.72261865310908,19.90985870361328,193900
19.909858703613278,20.034685403949414,19.847445353445213,19.90985870361328,96200
19.785032003277145,19.972272053781346,19.785032003277145,19.90985870361328,112400
19.909863322973255,20.034690052270893,19.909863322973255,19.97227668762207,80600
20.034679882157867,20.034679882157867,19.785026550292972,19.78502655029297,161600
19.920760604905784,20.234968185424805,19.920760604905784,20.234968185424805,188800
20.23497450915797,20.360657580643423,19.85792529470161,19.920766830444336,334700
19.795092069185696,20.046458317683292,19.6065673828125,19.6065673828125,200600
19.606556940078736,20.109289169311523,19.606556940078736,20.109289169311523,186000
20.10928928291536,20.10928928291536,19.98360622489714,20.04644775390625,240000
19.92076458334923,20.109289169311523,19.857923054695128,20.109289169311523,170900
19.98360497959125,19.98360497959125,19.669397354125977,19.669397354125977,140400
19.48087909004905,19.48087909004905,19.292354453693736,19.355195999145508,115400
19.480867385864258,19.480867385864258,19.355184370471584,19.480867385864258,107600
19.41802239885517,19.4808638952916,19.10381491667305,19.2294979095459,153600
19.355189728660704,19.732238879219032,19.292348203567652,19.669397354125977,199300
19.795082207697973,19.795082207697973,19.54371608442562,19.732240676879883,83000
19.732242223216154,19.920766830444336,19.669400687473427,19.920766830444336,73700
19.85792373851606,19.92076526933415,19.732240676879883,19.732240676879883,64500
19.795093385479117,19.920776518085333,19.73225181917601,19.857934951782227,59700
19.857934951782227,19.983618084388443,19.73225181917601,19.857934951782227,80000
19.98360622489714,20.04644775390625,19.85792316687892,20.04644775390625,184000
19.983607655339195,20.297815322875977,19.857924588324483,20.297815322875977,162300
20.297816262144337,21.051914699128027,20.297816262144337,20.800548553466797,264700
20.989073532383618,20.989073532383618,20.54918276972887,20.612024307250977,216000
20.486340871390258,20.800548553466797,20.360657798559643,20.800548553466797,176500
21.051908188317654,21.42895729019797,20.9890666713376,21.240432739257812,153100
21.240423129371486,21.366106106468358,20.98905717517774,21.303264617919922,210900
21.24043894099618,21.30328047632457,20.863389729025833,20.989072799682617,247100
20.98905717517774,21.303264617919922,20.98905717517774,21.303264617919922,111300
21.303286139807934,21.93170166015625,21.303286139807934,21.93170166015625,194000
21.93169772011893,22.057380801609582,21.868856179373605,21.994539260864258,135000
21.868853922767524,21.868853922767524,21.051913977376785,21.177597045898438,323400
21.177591020920698,21.36611557006836,21.051907988155588,21.36611557006836,139800
21.366113285685692,21.6803208340046,21.240430266358132,21.61747932434082,227100
21.554652214050293,21.617493765694753,21.114761352539062,21.114761352539062,171000
21.240432739257812,21.240432739257812,20.73770060341739,21.240432739257812,236500
21.114740152274614,21.428947595016794,21.051898663726178,21.303264617919922,175100
21.240430266358132,21.61747932434082,21.177588756694348,21.61747932434082,189800
21.68032112009714,21.68032112009714,21.366113567631963,21.428955078125,205300
21.366115773217917,21.366115773217917,21.17759122227776,21.240432739257812,103600
21.303274256237863,21.303274256237863,21.17759122227776,21.240432739257812,59500
21.36611347310027,21.491796493530273,21.240430452670267,21.491796493530273,81500
21.366106106468358,21.428947595016794,21.17758164082305,21.303264617919922,145400
21.36611557006836,21.36611557006836,21.24043253730325,21.36611557006836,84400
21.240437877421478,21.6174870705118,21.240437877421478,21.554645538330078,139000
21.554630572113666,21.554630572113666,21.303264617919922,21.303264617919922,59700
21.428954795349476,21.6803208340046,21.240430266358132,21.61747932434082,99100
21.49178908356523,21.617472060662102,21.17758164082305,21.303264617919922,133600
21.17758164082305,21.303264617919922,21.051898663726178,21.303264617919922,111400
21.30328047632457,21.30328047632457,20.989072799682617,20.989072799682617,174900
21.051898663726178,21.303264617919922,20.926215686629302,21.303264617919922,73700
21.114747432240268,21.491796493530273,21.114747432240268,21.491796493530273,77000
21.55463809911107,21.55463809911107,21.30327205713893,21.428955078125,91100
21.428961483400258,21.428961483400258,20.989070778462423,21.051912307739258,79500
21.17758680150129,21.743160336259482,21.17758680150129,21.68031883239746,150400
21.680331557137624,22.12022234235491,21.55464847564697,21.994539260864258,160600
21.86885781721635,22.308748635378752,21.86885781721635,22.120223999023438,90800
22.120224129440437,22.30874876690726,21.99454103779589,22.057382583618164,94000
21.931686872659725,21.931686872659725,21.554637814677037,21.61747932434082,61900
21.743164668363683,21.743164668363683,21.24043253730325,21.36611557006836,66100
21.55463809911107,21.55463809911107,21.30327205713893,21.428955078125,49500
21.177597045898438,21.366121648680917,21.11475551163761,21.177597045898438,185800
21.303274053685804,21.42895708645091,21.24043253730325,21.36611557006836,114700
21.366121648680917,21.366121648680917,20.926230908855132,21.177597045898438,99900
20.989070778462423,21.051912307739258,20.800546190631923,21.051912307739258,95000
21.051913977376785,21.177597045898438,20.926230908855132,21.177597045898438,260400
21.303264617919922,21.303264617919922,21.051898663726178,21.303264617919922,59800
21.17758164082305,21.366106106468358,21.114740152274614,21.303264617919922,175200
20.98905717517774,21.49178908356523,20.98905717517774,21.303264617919922,317600
21.177602904183523,21.240444455827983,21.0519198008946,21.114761352539062,139100
20.98907316271272,21.051914699128027,20.737707017051488,20.800548553466797,100400
20.810668037876937,20.937176658167985,20.557650797294848,20.87392234802246,89700
20.937173621734715,21.06368222367873,20.62090211687467,20.68415641784668,98100
20.68415742385678,20.873920336002257,20.62090311980829,20.747411727905273,117200
20.810671074710676,21.253451310342818,20.684162435958633,21.190196990966797,55000
21.2534482088956,21.2534482088956,20.557650797294848,20.87392234802246,271600
20.81067951520284,21.253459930419922,20.81067951520284,21.253459930419922,137800
21.316705629718836,21.316705629718836,21.063688352214758,21.190196990966797,183300
21.126944510428398,21.19019883530992,20.937181535783832,21.063690185546875,174700
21.06368527845903,21.06368527845903,20.87392234802246,20.87392234802246,77300
20.810668037876937,21.000430968313506,20.747413727731416,20.87392234802246,96200
20.68415842375132,20.87392134507014,20.68415842375132,20.810667037963867,81400
20.68415742385678,20.747411727905273,20.494394511711306,20.747411727905273,89900
20.68415641784668,20.810665019790697,20.557647815902666,20.68415641784668,65200
20.747410163194118,21.379953155974427,20.747410163194118,21.126935958862305,138300
21.126944510428398,21.25345316019144,21.000435860665355,21.063690185546875,107000
21.000430968313506,21.12693958860455,20.684159417585892,20.87392234802246,160800
20.93717865197055,21.12694160047784,20.93717865197055,21.00043296813965,72100
21.126935958862305,21.190190258140337,20.873918761750183,21.126935958862305,133200
21.00043296813965,21.190195916646932,20.93717865197055,21.00043296813965,90200
21.126935958862305,21.126935958862305,20.620901564638057,21.126935958862305,146700
21.06368728430874,21.12694160047784,20.93717865197055,21.00043296813965,94100
20.937177658081055,21.000431971247462,20.684160405415422,20.937177658081055,75900
20.873923344914648,20.937177658081055,20.494397465916197,20.937177658081055,178800
20.873922160798053,21.126939399110757,20.62090492248535,20.62090492248535,73200
20.62090311980829,21.00042894409924,20.431140207662814,20.747411727905273,72700
20.8739133981558,21.379947662353516,20.8739133981558,21.379947662353516,314100
21.443205895143397,21.506460189819336,21.19018871643964,21.506460189819336,183800
21.696223560420947,22.455275113555206,21.696223560420947,22.012495040893555,257900
22.265519101395565,22.392027732653496,22.07575615450867,22.2022647857666,334400
22.265522003173828,22.392030650919136,22.07575903155587,22.265522003173828,189500
22.139006458029623,22.139006458029623,21.75948063303483,21.949243545532227,197900
21.949246537344795,22.26551810128348,21.949246537344795,22.139009475708008,64700
22.202262070219394,22.58178791757357,22.012499146542307,22.392024993896484,200000
22.265519101395565,22.645044995169354,22.139010470137638,22.2022647857666,103000
22.32876968383789,22.45527829394462,22.265515378784524,22.32876968383789,79400
22.58178791757357,22.58178791757357,22.26551637811176,22.392024993896484,74900
22.51853360968121,22.77155084125066,22.32877068600412,22.392024993896484,92300
22.32877068600412,22.455279301788845,22.26551637811176,22.392024993896484,69300
22.518533802565248,22.771551036301936,22.518533802565248,22.645042419433594,85900
22.645056732517762,23.024582823006888,22.518548035688056,22.708311080932617,110500
22.645040722841717,22.89805793762207,22.645040722841717,22.89805793762207,48000
22.771549330231895,22.96131224131716,22.771549330231895,22.89805793762207,106300
22.898061495148735,22.898061495148735,22.455281300491162,22.518535614013672,134100
22.51853929866444,22.51853929866444,22.202267679301176,22.265522003173828,111700
22.265515378784524,22.45527829394462,22.265515378784524,22.32876968383789,104000
22.32877632704648,22.32877632704648,22.012504707683217,22.265522003173828,226400
22.265519101395565,22.265519101395565,22.139010470137638,22.2022647857666,79500
22.139010470137638,22.2022647857666,22.07575615450867,22.2022647857666,95800
22.139013355428524,22.265522003173828,22.07575903155587,22.265522003173828,176000
22.32877632704648,22.32877632704648,22.139013355428524,22.265522003173828,118500
22.265519101395565,22.392027732653496,22.139010470137638,22.2022647857666,116900
22.26552686504289,22.581798553466797,22.20227252735811,22.581798553466797,125700
22.7082985545812,22.771552868103715,22.392026986968652,22.518535614013672,85600
22.45528146955702,22.77155303955078,22.20226421356201,22.77155303955078,206000
22.645042419433594,22.898059653170282,22.645042419433594,22.645042419433594,84100
22.708288335403907,22.834796905517578,22.708288335403907,22.834796905517578,136200
22.708307228836357,22.708307228836357,22.328781202727672,22.581798553466797,356600
22.518535783555773,22.77155303955078,22.45528146955702,22.77155303955078,65000
23.024572798546327,23.78362464904785,23.024572798546327,23.78362464904785,174500
23.657102584838867,24.22639114971467,23.530594014866466,23.657102584838867,284400
23.846880632898085,23.910134958184283,22.898065753605056,23.277591705322266,175700
23.657104224127693,23.657104224127693,23.15106990917309,23.40408706665039,458500
23.27757848791174,23.40408706665039,23.214324198542414,23.40408706665039,165500
23.340831159907868,23.91011972478367,23.340831159907868,23.657102584838867,163600
23.751359672956568,23.81503624044439,23.56032997049311,23.68768310546875,160100
23.81502885792914,23.942381953426086,23.68767576243219,23.751352310180664,104200
23.751343084529122,23.87869613055877,23.49663699246983,23.815019607543945,62300
23.8150241336307,23.8150241336307,23.496641458047403,23.560317993164062,52000
23.432964922930744,23.623994528280722,23.369288387814084,23.560317993164062,71900
23.623990038499475,23.942372653573592,23.49663699246983,23.815019607543945,88700
23.87870066874736,23.87870066874736,23.496641458047403,23.560317993164062,58300
23.560308130776008,23.560308130776008,23.11457257154511,23.496631622314453,110000
23.305614471435547,23.432967555978912,23.114584844620502,23.305614471435547,100700
23.432961180969908,23.432961180969908,22.987225506331892,23.178255081176758,100600
23.17826021310374,23.305613291197716,22.987230595962775,23.050907135009766,117500
23.178255081176758,23.36928465602162,23.05090203128018,23.178255081176758,123600
23.305623700541833,23.68768310546875,23.241947133054015,23.68768310546875,195500
24.06972569960324,24.06972569960324,23.560313515484655,23.815019607543945,109500
23.87869613055877,23.942372653573592,23.6876665615143,23.815019607543945,94800
24.006049176588416,24.006049176588416,23.6876665615143,23.815019607543945,92000
23.815031331380208,24.069737548828126,23.815031331380208,23.878707885742188,78400
23.87870202852985,24.324437799729075,23.87870202852985,24.260761260986328,204900
24.133411693573,24.32444133758545,24.06973514556885,24.19708824157715,125900
24.069737548828126,24.133414103190102,23.815031331380208,23.878707885742188,113800
23.87869613055877,24.06972569960324,23.815019607543945,23.815019607543945,242400
23.560322761535645,24.19708824157715,23.560322761535645,24.19708824157715,93100
24.19709286791213,24.324445988269563,23.942386627197266,23.942386627197266,91300
24.133420681827285,24.260773825267005,23.87871439494784,24.069744110107422,118400
24.06973514556885,24.2607647895813,24.0060585975647,24.19708824157715,64300
24.38811290907676,24.833848654151268,24.197083304044828,24.770172119140625,106600
24.833844519153086,24.961197567969254,24.706491470336914,24.706491470336914,105800
24.642820518028916,25.406938983704233,24.642820518028916,25.08855628967285,192500
24.89752560853958,25.088555216789246,24.133407175540924,24.45178985595703,182900
24.51547079135717,24.579147338867188,24.13341150629706,24.579147338867188,210600
24.70650347196139,24.89753313798171,24.51547380594107,24.8338565826416,140500
24.897522279194423,25.024875334330968,24.83384575162615,24.961198806762695,129600
24.64282341686356,24.89752960205078,24.515470324269952,24.89752960205078,110900
24.77016922405788,25.279581444604055,24.77016922405788,24.961198806762695,217400
24.833848654151268,24.897525189161914,24.579142514108693,24.770172119140625,64700
24.8338565826416,24.961209693321816,24.70650347196139,24.8338565826416,51300
24.897525189161914,25.0248782591832,24.70649558412998,24.770172119140625,90900
24.833853528907262,24.833853528907262,24.324441148827113,24.579147338867188,141700
24.706491470336914,24.89752104356117,24.64281494592883,24.706491470336914,111700
24.897524584787455,24.897524584787455,24.579141917462806,24.642818450927734,145200
24.706505911690847,24.77018247331892,24.51547622680664,24.51547622680664,173700
24.64282691662128,24.8338565826416,24.64282691662128,24.8338565826416,90700
24.833848051322523,24.833848051322523,24.642818450927734,24.642818450927734,103400
24.770167994744998,24.89752104356117,24.706491470336914,24.706491470336914,105600
24.770167994744998,24.833844519153086,24.64281494592883,24.706491470336914,174100
24.579141917462806,24.706494984392666,24.515465383997878,24.642818450927734,94700
24.579152788434712,24.77018247331892,24.451799665178573,24.51547622680664,129000
24.388106985241954,24.51546002432938,24.197077426610814,24.324430465698242,178300
24.324430465698242,24.388106985241954,23.942371348435966,24.324430465698242,221900
24.324437799729075,24.324437799729075,24.006055106015342,24.260761260986328,202500
24.26075983905547,24.833848654151268,24.13340676903418,24.770172119140625,179000
24.77018085508856,25.152240199897125,24.642827740152374,25.024887084960938,291000
25.088571439062864,25.725337211627913,25.02489486180636,25.5343074798584,1995600
25.534283323311985,25.534283323311985,25.0885477042018,25.279577255249023,304300
25.47060522702661,25.852664305432008,25.343252200891477,25.725311279296875,286500
25.725337211627913,25.725337211627913,25.470630902601894,25.5343074798584,242900
25.725327166171684,26.362092690086826,25.725327166171684,26.298416137695312,183700
26.298416698409852,26.48944635965738,26.171063590911498,26.425769805908203,141000
26.29840969753494,26.680468918322372,26.29840969753494,26.553115844726562,122300
26.553125106371365,26.61680166537945,26.23474231133094,26.48944854736328,269500
26.553125106371365,26.680478224387535,26.36209542934711,26.48944854736328,95700
26.712381527974056,27.032673872434177,26.392089183513935,26.64832305908203,245100
26.80811005008134,26.872552622317112,26.421454616666704,26.614782333374023,197100
26.55033976113825,27.00143776678866,26.55033976113825,26.614782333374023,112900
26.679234698165857,27.194775465280173,26.614792102276567,27.001447677612305,138900
27.259226744515555,27.388111977350146,26.550357963925318,27.065898895263672,123000
27.259229568113764,27.32367219120623,26.679245960281555,26.743688583374023,115900
26.679245960281555,27.130344321928828,26.55036071409662,26.743688583374023,184900
27.00145907574389,27.06590169883636,26.679245960281555,26.743688583374023,142300
26.485897188902477,26.614782333374023,26.22812689995939,26.614782333374023,233200
26.679243013335437,26.743685629309677,26.357029933464236,26.421472549438477,99800
26.550357963925318,27.065898895263672,26.550357963925318,27.065898895263672,134200
27.00144972023389,27.645875727876703,27.00144972023389,27.259220123291016,231300
27.25922110845458,27.32366371154785,27.130335902268033,27.32366371154785,83700
27.323659482209578,27.388102075328,26.67923355102539,26.67923355102539,249600
26.743676981496694,26.743676981496694,26.292578815543738,26.48590660095215,136700
26.550358690266528,27.001457017528338,26.228145599365234,26.228145599365234,137000
26.292578736843865,26.550349116616843,26.09925095201413,26.35702133178711,163200
26.421474400412272,26.48591702090108,26.03481867747941,26.16370391845703,103600
26.29258049858941,26.357023097850657,25.970367502283167,26.099252700805664,83800
26.22814653894584,26.22814653894584,25.777048195524166,26.16370391845703,159600
26.16370391845703,26.22814653894584,25.9703760569906,26.16370391845703,137400
26.163695300066912,26.163695300066912,25.841482303760667,26.099252700805664,73500
26.034810101544416,26.163695300066912,25.970367502283167,26.099252700805664,216700
25.970374237618795,26.485915165412717,25.905931621644555,26.421472549438477,161900
26.292588217545493,26.550358690266528,26.163702981184976,26.228145599365234,101500
26.35702133178711,26.421463926730354,25.97036576212764,26.35702133178711,92700
26.22813614190062,26.4859065216736,26.034808357070887,26.35702133178711,67200
26.292578815543738,26.550349196088288,25.970365839863057,26.48590660095215,79200
26.421468506998092,26.48591111311272,25.905927658081055,25.905927658081055,93000
25.9703751266442,26.228145599365234,25.777047272103424,26.228145599365234,146300
26.29258546551454,26.743683745560137,26.228142854079458,26.550355911254883,148900
26.67924692080571,27.00146004786858,26.55036166998056,26.80813217163086,172600
26.808128245283918,26.937013477232398,26.357029933464236,26.421472549438477,171400
26.550357781386957,26.550357781386957,25.841489005670315,26.421472549438477,70100
26.42147345390601,26.550358690266528,26.03481774482446,26.228145599365234,173200
26.29258049858941,26.29258049858941,26.034810101544416,26.099252700805664,64400
26.099252485691157,26.099252485691157,25.648154294580447,25.712596893310547,186200
25.712599609103904,25.712599609103904,25.00373094820129,25.3903865814209,286400
24.87485122680664,25.003736466323776,24.48819550825524,24.87485122680664,401000
24.745966873769685,24.874852117903902,24.423753763434142,24.55263900756836,375300
24.48818884070175,24.810401851763615,24.10153322742751,24.681516647338867,354200
24.35930344154095,24.68151645002694,24.29486083984375,24.29486083984375,222800
24.165982409462412,24.87485122680664,24.101539789703846,24.87485122680664,229000
24.74596598728951,25.325949565116606,24.74596598728951,24.87485122680664,154700
24.874861632291296,25.390402806017537,24.745976338859734,25.325960159301758,151800
25.39039309444077,25.51927833857499,24.55263900756836,24.55263900756836,355400
23.58599511990372,24.74596209301374,23.5215525102865,24.617076873779297,338000
24.617076873779297,24.87484731224819,24.3593064353104,24.617076873779297,234100
24.617081629635468,24.874852117903902,24.55263900756836,24.55263900756836,111500
24.617075314981683,25.583714398030704,24.488190103908483,25.3903865814209,552800
25.390387345346063,25.390387345346063,24.68151866311559,24.939289093017578,206400
24.939295817394648,25.390394191352687,24.874853192543497,25.26150894165039,226400
25.519266214802037,25.648151397705078,25.132610666092916,25.648151397705078,207300
25.132613434299113,25.64815422269499,25.132613434299113,25.583711624145508,138400
25.2615013703477,25.4548291869575,25.132616159274495,25.3903865814209,152800
25.583708806253558,25.648151397705078,25.519266214802037,25.648151397705078,216800
25.58370771770236,25.64815030641194,25.132609596735314,25.454822540283203,217400
25.583711624145508,25.712596821244478,25.325941229947567,25.583711624145508,128500
25.712594075202944,25.777036666870117,25.454823708534242,25.777036666870117,140400
25.777036666870117,25.84147925853729,25.583708891868593,25.777036666870117,271800
25.712594075202944,25.97036444187164,25.648151483535766,25.777036666870117,220300
25.97037231688406,26.421470595341102,25.712601872051465,26.292585372924805,348100
26.163693625271467,26.550349196088288,26.163693625271467,26.48590660095215,87800
26.51703339553461,26.64670104050055,26.45219957305164,26.581867218017578,125800
26.646712094834708,26.776379793593026,26.517044396076386,26.711545944213867,79500
27.035707855224608,27.035707855224608,26.84120635986328,26.90604019165039,125400
26.806886038756723,26.872109605760997,26.28509750272253,26.48076820373535,85800
26.350343561884184,26.61123805259591,26.21989631652832,26.21989631652832,88000
26.089426801709706,26.74166247175245,26.089426801709706,26.48076820373535,173200
26.480785285101998,27.002574157714847,26.28511445787218,26.41556167602539,109200
26.219884772550436,26.285108366512002,25.893766802742594,26.154661178588867,86600
26.154649346318077,26.285096475227395,25.763307959590126,25.9589786529541,97400
26.089449071172456,26.350343561884184,26.089449071172456,26.21989631652832,46400
26.154661178588867,26.937344306127684,26.154661178588867,26.154661178588867,164400
26.285104422569272,26.285104422569272,26.024210085868834,26.089433670043945,158000
26.089439006766888,26.089439006766888,25.7633210191823,25.82854461669922,131900
25.958989483969553,25.958989483969553,25.502424342291697,25.56764793395996,237900
25.632858276367188,25.69808183432232,25.502411160456923,25.632858276367188,155000
25.763327367234936,26.350339889526367,25.632880140059065,26.350339889526367,200800
26.350328336578446,26.480775506561507,26.08943399661232,26.285104751586914,195100
25.95899641248915,26.41556167602539,25.698101976182727,26.41556167602539,126100
26.415544636731077,26.6112153377439,26.415544636731077,26.48076820373535,116400
26.415567184562114,26.480790807240044,26.024225448494526,26.21989631652832,80700
26.219892662350492,26.350339889526367,25.89377459441081,26.350339889526367,139200
26.415563503114303,26.415563503114303,26.024221821586686,26.350339889526367,144200
26.48077657667257,26.937341690063477,26.285105813790754,26.937341690063477,281200
26.937337409021804,27.06778456354491,26.54599594545248,26.676443099975586,120600
26.741673121085533,27.198238271933334,26.54600234215076,27.133014678955078,86400
27.32867036481793,27.85045882047078,27.132999693948115,27.263446807861328,172300
27.39390418214618,27.85046925184862,27.133009856601934,27.65479850769043,136100
27.52434742704351,27.850465287553504,27.393900282839514,27.589570999145508,126300
27.589564592644358,27.589564592644358,27.0025525800349,27.263446807861328,204300
27.328685860406786,27.785251017979213,27.328685860406786,27.393909454345703,138200
27.393924776562038,27.850490189504736,27.263477515721267,27.459148406982422,183900
27.32869552775017,27.52436637878418,27.198248293727495,27.52436637878418,98800
27.654813612806855,27.785260846829527,27.263471910738833,27.52436637878418,75200
27.52434103568775,27.589564592644358,27.132999693948115,27.263446807861328,63000
27.393909050868107,27.393909050868107,27.002567492998562,27.133014678955078,152700
27.133012452945295,27.133012452945295,26.872118102436204,26.937341690063477,43500
27.00256527769075,27.133012452945295,26.611223751927117,26.937341690063477,66900
26.806882858276367,26.87210641754225,26.480765061946972,26.806882858276367,95900
26.545988621212853,26.806882858276367,26.415541502681094,26.806882858276367,135100
26.676438904748174,26.676438904748174,26.15465036871398,26.48076820373535,129000
25.958989483969553,25.958989483969553,25.371977158955165,25.56764793395996,278500
25.567651469174265,25.567651469174265,24.850191861620903,25.371980667114258,363700
25.632871525628225,25.698095117296493,25.371977158955165,25.56764793395996,234000
25.502424342291697,25.82854230063302,25.371977158955165,25.56764793395996,101300
25.371977158955165,25.82854230063302,25.371977158955165,25.56764793395996,107000
25.50243161879864,25.50243161879864,25.24153717768561,25.306760787963867,61700
25.17630939682325,25.43720379471779,24.980638598402344,25.045862197875977,153800
24.915414998928707,25.241532996296883,24.915414998928707,25.045862197875977,114200
24.91540158822082,25.11107228132203,24.65450733075254,24.98062515258789,189500
24.98062515258789,25.11107228132203,24.58928376638547,24.98062515258789,133800
24.850189605316558,25.111083984375,24.784966010551948,25.111083984375,80600
25.306769965206765,25.306769965206765,24.85020452769015,24.915428161621094,105100
24.98062515258789,25.11107228132203,24.91540158822082,24.98062515258789,50700
25.1762958456891,25.306742974423244,24.71973089511961,24.98062515258789,102300
24.980639062994243,25.632875069860933,24.980639062994243,25.371980667114258,150500
25.371980195244156,25.632874593138695,24.85019139945507,25.045862197875977,175600
24.98062515258789,25.04584871695496,24.91540158822082,24.98062515258789,169200
25.24154426675094,25.437215152539707,24.719755237980895,24.78497886657715,188800
24.91540158822082,24.98062515258789,24.71973089511961,24.98062515258789,405600
25.045866346850836,25.50243161879864,24.98064273657258,25.306760787963867,278800
25.371983266297157,25.958995732612514,25.04586522945529,25.89377212524414,342400
26.024212866563065,26.024212866563065,25.37197695512038,25.43720054626465,277000
25.437202157900316,25.437202157900316,24.654519014580305,25.241531372070312,257100
25.04586038961039,25.30675476866883,24.98063679484578,25.111083984375,289700
25.11107228132203,25.11107228132203,24.85017802385375,24.98062515258789,244400
25.111097009558428,25.306767895347193,24.589307980788384,24.78497886657715,348900
24.71974920719228,24.915420045243934,24.524078369140625,24.524078369140625,309500
24.621238657360742,24.621238657360742,24.424268748101856,24.489925384521484,140300
24.489925384521484,24.818208566619628,24.358612111682227,24.489925384521484,1675800
24.48993116695837,25.212154338101914,24.42427451503623,24.88387107849121,265700
24.818218231201172,25.277814865112305,24.818218231201172,25.277814865112305,167100
25.27780915789036,25.73740568803382,25.212152510727005,25.34346580505371,209900
25.212165872464006,25.34347923638309,24.949539144625838,25.080852508544922,141500
25.080839274479793,25.60609245300293,25.080839274479793,25.60609245300293,183400
25.606092393707115,25.671749040870466,25.34346580505371,25.34346580505371,93500
25.34347152709961,25.737411499023438,25.212158203125,25.277814865112305,145200
25.277809128165245,25.409122422337532,25.080839186906815,25.2121524810791,88200
25.08085063131232,25.14650730835764,24.6869105690404,24.94953727722168,149600
24.489933024088543,24.75255965169271,24.09599308268229,24.621246337890625,349900
24.68690871180527,24.94953540022873,24.489938695487673,24.752565383911133,287000
24.48993492126465,24.686904907226562,24.424278259277344,24.686904907226562,279900
24.88387107849121,25.146497686179774,24.81821442656907,24.88387107849121,116200
25.015192072334592,25.015192072334592,24.621252039699403,24.752565383911133,77200
24.686904907226562,25.146501541137695,24.686904907226562,25.015188217163086,219000
24.94952773041335,25.277810990024054,24.75255777464693,24.88387107849121,175400
24.94953155517578,25.409128189086914,24.883874893188477,25.277814865112305,216200
25.146501541137695,25.409128189086914,24.94953155517578,25.277814865112305,210300
25.015193954267,25.40913401653892,24.94953727722168,24.94953727722168,149300
25.080843006124226,25.54043960571289,25.015186349040132,25.54043960571289,203300
25.409122511056754,25.671749100318323,25.34346586374136,25.60609245300293,255900
25.47476746083551,25.540424078002612,25.015171140665796,25.146484375,140600
25.015193954267,25.14650730835764,24.6869105690404,24.94953727722168,150300
24.752544671997388,25.146484375,24.555574820496084,25.146484375,128800
25.409122452217062,25.474779099380413,25.080839216400303,25.34346580505371,148200
25.409122422337532,25.409122422337532,25.080839186906815,25.2121524810791,66400
25.606083032739072,25.80305290222168,25.34345654009559,25.80305290222168,189000
25.6060829552848,25.80305282417161,25.474769709360263,25.67173957824707,311000
25.868722891133363,25.868722891133363,25.474782948628796,25.54043960571289,149100
25.671752934553183,25.934379563039663,25.606096277431565,25.737409591674805,98300
25.86870952538255,26.000022771704288,25.606083032739072,25.80305290222168,109600
25.671752934553183,26.00003622016128,25.540439620309947,25.737409591674805,198200
25.73739620120934,25.73739620120934,25.474769709360263,25.67173957824707,51200
25.671752934553183,25.737409591674805,25.606096277431565,25.737409591674805,56200
25.737402034711234,25.934371948242188,25.60608875902393,25.934371948242188,80100
25.868724822998047,26.5909481048584,25.737411499023438,26.5909481048584,292800
26.72224065219109,27.116180317825357,26.196987764678735,26.984867095947266,189900
26.91922567875869,27.050538974752634,26.59094243877383,26.85356903076172,234600
26.787897263130134,27.116180317825357,26.656584041252046,26.984867095947266,61100
26.78791434046734,27.24751091003418,26.65660103487681,27.24751091003418,101200
26.853561202586437,27.050531089157975,26.39396480058618,26.45962142944336,130300
26.59093288365256,26.72224613246072,26.52527625924848,26.65658950805664,29500
26.722263313034208,27.18185997935175,26.39397997995025,27.050546646118164,191600
26.78791055379133,27.1818504148765,26.656597266762944,27.116193771362305,108300
26.91922766413334,27.37882423400879,26.85357101129399,27.37882423400879,174100
27.313165566740526,27.313165566740526,26.787912382764745,26.85356903076172,156300
26.984880502673164,27.247507076908423,26.919223859114346,27.18185043334961,94100
27.181841060875705,27.510124165475652,27.050527819035725,27.444467544555664,90800
27.313169532847184,28.101049423217773,27.313169532847184,28.101049423217773,158500
28.101034204443017,28.298004070362012,27.77275109457803,28.166690826416016,133500
28.166687442831797,29.020223425947915,28.166687442831797,28.757596969604492,186700
28.69196128845215,28.69196128845215,28.494991302490234,28.69196128845215,73400
28.823265075683594,29.348518197791723,28.757608435420078,28.823265075683594,112200
28.75761220214564,28.95458214873568,28.626298904418945,28.626298904418945,116500
28.494993311687583,28.88893331138833,26.590949979800623,27.050546646118164,448500
26.525301027060742,26.919241141324022,26.39398765563965,26.39398765563965,713400
26.590949979800623,27.050546646118164,26.590949979800623,27.050546646118164,532400
26.787904573729257,26.787904573729257,26.262651542871822,26.45962142944336,234100
26.5909481048584,26.722261428833008,26.06569480895996,26.5909481048584,238800
26.59094030206854,26.656596944789694,25.93437387485697,26.000030517578125,271700
25.868724822998047,26.262664794921875,25.868724822998047,26.06569480895996,176200
26.311614699775195,26.311614699775195,25.91495719173838,26.047176361083984,112000
26.179401045579176,26.179401045579176,25.452195460979755,25.782743453979492,142000
25.782740526763213,25.848850117857477,25.518302162386153,25.716630935668945,270900
25.584410458803177,25.65052004655202,25.319972107807793,25.38608169555664,177200
25.25386252005895,25.38608169555664,25.25386252005895,25.38608169555664,112300
25.319957733154297,25.38606728337141,25.12162908250296,25.319957733154297,214800
25.386073204139613,25.650511466682733,25.319963638503832,25.45218276977539,469700
25.584413528442383,25.78274231548457,25.452194337080922,25.584413528442383,616100
25.51830087105433,25.584410458803177,25.25386252005895,25.38608169555664,361900
25.25385407286805,25.51829233541117,25.25385407286805,25.45218276977539,105900
25.31997285677692,25.3860824464813,25.187753677368164,25.187753677368164,207400
25.187756478159052,25.31997567227012,24.92331808993691,25.121646881103516,252400
25.12162908250296,25.518286383805638,25.12162908250296,25.319957733154297,351200
25.452176833588524,25.518286383805638,25.253848182937183,25.319957733154297,244200
25.319972107807793,25.51830087105433,25.25386252005895,25.38608169555664,118600
25.319974138329066,25.51830291748047,25.2538645452786,25.51830291748047,185400
25.45218276977539,25.650511466682733,25.319963638503832,25.45218276977539,259600
25.584410458803177,25.716629634300865,25.38608169555664,25.38608169555664,239400
25.38608169555664,25.51830087105433,25.319972107807793,25.38608169555664,355000
25.386082980197624,25.716630935668945,25.31997338910336,25.716630935668945,254600
25.65052134457468,25.848850117857477,25.518302162386153,25.716630935668945,209000
25.84884862296189,26.311615733858904,25.452191099335874,26.1132869720459,252000
25.91495821023289,26.1132869720459,25.782739035690888,26.1132869720459,150700
26.113298497812576,26.31162734716305,25.9149696484621,26.24551773071289,115700
26.24551781197837,26.576065895252658,26.24551781197837,26.377737045288086,98500
26.509940228058923,26.774378534573227,26.377721074801773,26.5760498046875,188400
26.642171759855124,26.708281367199678,26.311623723132357,26.509952545166016,119200
26.50994449567191,26.642163670213915,26.047177384774894,26.1132869720459,176100
26.17939988956895,26.17939988956895,25.452194337080922,25.584413528442383,388100
25.650511466682733,25.78273059795429,25.386073204139613,25.45218276977539,305000
25.452195460979755,25.84885305257944,25.31997626377986,25.782743453979492,217600
25.914953720629516,26.31161117553711,25.78273456899365,26.31161117553711,168600
26.31161829630534,26.906604639689128,26.31161829630534,26.774385452270508,274600
26.84050169085512,26.84050169085512,26.443844030399134,26.708282470703125,171800
26.774379014968872,27.038817326227825,26.576050281524658,26.972707748413086,139000
26.774385452270508,27.435481389363606,26.774385452270508,26.774385452270508,220300
26.906610189233337,27.104939011267,26.37773333047691,26.509952545166016,186400
26.576065812963684,26.840504278764318,26.24551773071289,26.24551773071289,149000
26.31161117553711,26.443830327172975,26.179392023901247,26.31161117553711,190100
26.24552247018525,26.44385135535038,25.981083956631746,26.179412841796875,96200
26.377727890014647,26.906604639689128,26.31161829630534,26.774385452270508,179000
27.104926904042564,27.1710364818573,26.774379014968872,26.972707748413086,127700
27.303276001681958,27.303276001681958,26.509960476209358,27.171056747436523,133000
27.23715260823568,27.369371795654295,26.642166264851888,26.774385452270508,244900
26.70828636056684,27.038834459088708,26.642176740862467,26.840505599975586,112300
27.038829403922445,27.171048618611554,26.509952545166016,26.509952545166016,125700
26.509952545166016,26.774390974544232,26.37773333047691,26.509952545166016,158300
26.642167514707985,27.104934692382812,26.311619530654536,27.104934692382812,191600
26.90659817059835,27.369365215301514,26.642159859339397,26.972707748413086,137900
26.774398984700223,27.171056747436523,26.642179730454792,27.171056747436523,123500
27.23714605967204,27.303255637486778,26.90659817059835,26.972707748413086,104300
26.840500581888787,26.840500581888787,26.311623723132357,26.509952545166016,179600
26.377720751355042,26.57604947880884,26.113282448083314,26.31161117553711,267900
26.113294901098694,26.57606215251057,26.04718529375414,26.509952545166016,100500
26.311624622344972,26.443843841552734,25.981076574325563,26.443843841552734,92700
26.377724284447996,26.5099434537936,26.047176361083984,26.047176361083984,199000
26.04719358502012,26.24552247018525,26.04719358502012,26.179412841796875,140300
26.179390480451264,26.245500052371597,25.716623477008945,25.84884262084961,341700
25.91495821023289,26.245506146587903,25.650519861148883,26.1132869720459,258000
26.24550192154462,26.642159381316073,26.11328276828747,26.5760498046875,246600
26.509940228058923,26.5760498046875,26.047173191658892,26.5760498046875,116000
26.424297332763672,26.557417218571047,26.224617504052613,26.424297332763672,142500
26.623967810522153,26.623967810522153,26.291168212890625,26.291168212890625,99900
26.291191866903596,26.490871805133242,26.291191866903596,26.357751846313477,59100
26.22462034103511,26.42430019134756,25.692140740201907,26.024940490722656,191400
25.891824272630128,25.891824272630128,25.6921443939209,25.6921443939209,251900
25.559023361797482,25.82526318848287,25.492463405126134,25.758703231811523,121400
25.89181800423963,25.89181800423963,25.42589840005023,25.49245834350586,146300
25.55900715306862,25.825246810913086,25.492447238607504,25.825246810913086,102100
25.82526318848287,26.024943058496913,25.625583318468827,25.758703231811523,122500
25.69213428986378,25.9583740234375,25.492454489683492,25.9583740234375,143700
26.09149761824524,26.424297332763672,26.02493767534155,26.424297332763672,312500
26.024943058496913,26.15806297183961,25.692143275140175,25.758703231811523,300800
25.825258060784,25.825258060784,25.42589840005023,25.49245834350586,236400
25.492451518536882,25.492451518536882,24.893412187814082,25.09309196472168,264100
25.09309138264253,25.226211230826312,23.76189290080473,24.427492141723633,693900
24.49405288696289,24.56061281328616,24.360933034316353,24.49405288696289,465100
24.49406178792318,24.826861540476482,24.294381936391197,24.76030158996582,394900
24.760292592255965,24.760292592255965,24.360933034316353,24.49405288696289,335400
24.56061825107884,25.026537838497678,24.494058310019003,24.627178192138672,911500
24.693735603272444,25.75869455112247,24.56061573479119,25.35933494567871,636600
25.359356680465616,25.49247666304024,25.292796689178306,25.42591667175293,236600
25.55901474840059,25.75869455112247,25.226215077197455,25.35933494567871,121700
25.35933494567871,25.35933494567871,25.15965514295683,25.35933494567871,96200
25.359354406673862,25.359354406673862,24.95999449475774,25.226234436035156,255300
25.29279217575536,26.490871805133242,25.159672216935594,26.357751846313477,467400
26.357728390293268,26.357728390293268,25.825249028873202,26.158048629760742,184500
26.224606297679784,26.224606297679784,25.692126981990853,25.825246810913086,156800
25.758695826238515,26.224615388987015,25.758695826238515,26.091495513916016,128900
26.091503351384944,26.158063308913984,25.492463733623552,25.62558364868164,180400
25.559012276785715,25.559012276785715,25.026532854352677,25.159652709960938,203000
25.15966002815648,25.625579658307526,25.15966002815648,25.29277992248535,242400
25.42589840005023,25.49245834350586,25.093098682772084,25.49245834350586,202000
25.49246622653718,25.49246622653718,25.026546478271484,25.026546478271484,153500
24.893415405994325,25.425894879919337,24.8268554717537,25.35933494567871,311400
25.492463733623552,25.758703563739726,25.359343818565467,25.62558364868164,230400
25.692126981990853,25.825246810913086,25.625567067529737,25.825246810913086,148200
25.492449631293614,25.625569472710293,25.359329789876938,25.559009552001953,230400
25.69212939341863,25.69212939341863,25.159650027751923,25.559009552001953,271100
25.55900715306862,26.09148646875755,25.492447238607504,25.825246810913086,184800
25.758712031624537,26.557431784543127,25.692152052214652,26.357751846313477,198900
26.557407890995847,26.557407890995847,26.22460829336432,26.291168212890625,203000
26.291192243547005,26.490872184637233,26.091512302456774,26.224632263183594,103900
26.091488709583235,26.224608549938253,25.692129188518187,26.158048629760742,124300
26.424303507804872,26.62398338317871,26.091503715515138,26.62398338317871,170800
26.490872174731255,26.623992135408297,25.758712391007528,25.89183235168457,170400
25.8918238401413,26.823663258552553,25.8918238401413,26.62398338317871,119800
26.424288310470775,26.424288310470775,25.89180894905071,26.158048629760742,155900
25.958383436326855,26.291183223972073,25.62558364868164,25.62558364868164,129400
25.559032093394887,26.357751846313477,25.492472113985006,26.357751846313477,164000
26.158072273038652,26.158072273038652,25.692152410669006,25.89183235168457,105500
25.625569472710293,25.625569472710293,25.359329789876938,25.559009552001953,155000
25.6921443939209,25.825264313060384,25.49246451521167,25.6921443939209,160400
25.692126981990853,25.95836663983532,25.492447238607504,25.825246810913086,189300
25.958383101825568,25.958383101825568,25.625583318468827,25.758703231811523,136000
25.492456076096516,26.224615388987015,25.093096450883515,26.091495513916016,212700
25.958375638845016,26.091495513916016,25.625575951167516,26.091495513916016,354000
26.890207751713334,26.890207751713334,26.024928789405728,26.158048629760742,256800
26.22460829336432,26.49084797146954,26.158048373838014,26.291168212890625,176600
26.15806588695277,26.690545599664276,26.15806588695277,26.49086570739746,259500
26.357745779219584,26.823665527842156,26.291185815130646,26.49086570739746,319300
26.424305743308523,26.5574256714864,26.357745779219584,26.49086570739746,121000
26.49085099560364,26.757090704102172,26.49085099560364,26.69053077697754,168800
26.557431784543127,26.823671702182654,26.291191866903596,26.357751846313477,217000
26.6740779876709,26.808118580573765,26.473017098316596,26.6740779876709,315900
26.74110484945363,27.210247039794922,26.74110484945363,27.210247039794922,334100
26.808112008231028,26.808112008231028,26.070888928004674,26.271949768066406,764300
26.18557309854717,26.18557309854717,25.30822142256492,25.780641555786133,560100
25.848109379410744,26.050574988126755,25.578155234456062,25.915597915649414,262000
25.7131426091605,25.91560829899641,25.443188356045955,25.848119735717773,145800
25.91561385027067,26.050591005740827,25.64565953933035,25.71314811706543,187500
25.848118226994913,25.848118226994913,25.308209752279616,25.51067543029785,155800
25.510682877073897,25.510682877073897,25.173239981874506,25.37570571899414,150300
25.240728560914384,25.578171456113775,25.173239981874506,25.37570571899414,179100
25.105743803185405,25.24072092040683,24.430858217078267,24.768301010131836,190000
24.768298389508782,24.768298389508782,24.295878529218424,24.363367080688477,405800
24.363367080688477,24.430855632158526,23.755970117458016,24.363367080688477,520500
24.363363836064686,24.363363836064686,24.025921123653816,24.160898208618164,346400
24.0934151478028,24.903277841846595,23.958438032128836,24.02592658996582,757500
24.160898208618164,24.228386751100338,23.958432581171643,24.160898208618164,274100
24.295885340012504,24.363373910401428,23.62099963612327,23.82346534729004,286400
23.688488206512194,23.890953917678964,22.608671080289415,23.82346534729004,438400
24.295889047475963,24.49835478953826,23.62100324060163,23.688491821289062,273700
23.755978866362238,23.958444595336914,23.688490290037343,23.958444595336914,261600
23.89095650809152,23.95844508579799,23.418536464146207,23.621002197265625,377000
23.418537827425226,23.418537827425226,23.013606337613837,23.21607208251953,129400
23.216060987264356,23.351038086027522,22.74364114159328,22.878618240356445,459100
22.54119212591826,22.811146522635845,22.406214927559468,22.608680725097656,467100
22.878622685159957,22.878622685159957,22.136248497735888,22.676156997680664,343500
22.676163429437683,23.351049245789994,22.676163429437683,23.21607208251953,199100
23.216061231327895,23.418526881601103,22.878618480872547,23.013595581054688,155000
23.013601508849565,23.148578643798828,22.811135806425668,23.148578643798828,214300
23.283556637011078,23.486022346898128,23.081090927124023,23.081090927124023,183500
22.946121829679644,23.62100776584669,22.946121829679644,23.48603057861328,200600
23.890956019012023,24.02593317166181,23.755978866362238,23.958444595336914,216500
23.890949249267578,24.228392035274183,23.82346069206626,23.890949249267578,241000
23.890968203544617,23.958456814289093,23.755990982055664,23.755990982055664,183600
23.890949474291855,24.228392263476767,23.82346091645487,24.02592658996582,195800
24.02592658996582,24.363369379150733,24.02592658996582,24.02592658996582,178300
24.160896566179066,24.430850717756485,24.025919490390354,24.295873641967773,226600
24.295878529218424,24.430855632158526,23.958435771868167,24.363367080688477,118900
24.228398900636485,24.498353205936056,23.890956019012023,23.958444595336914,168600
24.0934151478028,24.295880821313748,23.958438032128836,24.02592658996582,162900
24.0934151478028,24.0934151478028,23.82346091645487,24.02592658996582,167200
24.025919490390354,24.430850717756485,24.025919490390354,24.295873641967773,209100
24.295873641967773,24.430850717756485,24.295873641967773,24.295873641967773,223300
24.22838510407342,24.430850717756485,24.22838510407342,24.295873641967773,115000
24.228386751100338,24.29587529358251,24.09340966613599,24.160898208618164,61000
24.16091003207212,24.49835290961503,24.09342145656354,24.430864334106445,75000
24.363369149676824,24.430857706878147,23.82346069206626,23.890949249267578,116400
24.02592636367022,24.02592636367022,23.755972134864937,23.890949249267578,58000
23.82346069206626,23.890949249267578,23.688483577663618,23.890949249267578,78000
23.82346069206626,24.02592636367022,23.82346069206626,23.890949249267578,100700
23.89095650809152,23.95844508579799,23.486025041852677,23.621002197265625,128100
23.55351499069569,23.55351499069569,23.21607208251953,23.21607208251953,123200
22.946122688931073,23.48603145808239,22.878634092787156,23.418542861938477,216900
23.418542861938477,23.48603145808239,23.21607707350673,23.418542861938477,149100
23.283557037397614,23.418534179643398,23.283557037397614,23.351045608520508,157800
23.35104740841288,24.0934217479867,23.35104740841288,23.958444595336914,277900
23.823449057788903,24.22838020324707,23.823449057788903,24.22838020324707,193600
24.228406015665456,24.228406015665456,22.406213919779752,23.418542861938477,1276900
23.283556637011078,23.486022346898128,22.946113787199323,23.081090927124023,354200
23.08109901691305,23.62100776584669,23.013610423296345,23.48603057861328,318200
23.553525149822235,23.890968203544617,23.553525149822235,23.755990982055664,425400
23.82346069206626,23.9584378064689,23.755972134864937,23.890949249267578,200600
23.823454426784142,24.093408584594727,23.755965887331495,24.093408584594727,789900
24.0934217479867,24.160910324311594,23.958444595336914,23.958444595336914,234900
23.958442488067888,24.02593105845681,23.755976776901115,23.82346534729004,269900
23.890949249267578,23.9584378064689,23.688483577663618,23.890949249267578,417100
23.75597235861789,24.02592658996582,23.620995242943923,24.02592658996582,231100
24.210914137673246,24.278922323453227,24.07489776611328,24.07489776611328,240400
23.987180611182904,24.124250214675378,23.781576205944194,23.85011100769043,270700
23.78155928475516,24.192767802647182,23.78155928475516,23.987163543701172,176800
23.987163543701172,24.12423304966518,23.713024531773158,23.987163543701172,192100
23.98717109658315,24.124240645706482,23.85010154745982,23.918636322021484,179700
23.644500798572693,23.78157036841949,23.507431228725896,23.713035583496094,276500
23.438896443802495,23.713035583496094,23.438896443802495,23.713035583496094,285700
23.575965881347656,23.644500665886458,23.438896312270053,23.575965881347656,213200
23.507421867304643,23.850095655457775,23.507421867304643,23.78156089782715,207900
23.713026140196522,23.9186304130884,23.713026140196522,23.78156089782715,175600
23.71303545042526,23.71303545042526,23.507431096808855,23.575965881347656,233200
23.713035583496094,23.78157036841949,23.507431228725896,23.713035583496094,164400
23.57596382899591,23.644498607568572,23.438894271850586,23.438894271850586,145700
23.507421867304643,23.78156089782715,23.43888710967402,23.78156089782715,176400
23.713033386141237,23.85010294328656,23.438894271850586,23.438894271850586,97200
23.438897963131176,23.438897963131176,23.096224016301772,23.301828384399414,218800
23.301814931683836,23.301814931683836,23.027675932487558,23.233280181884766,239700
23.233280181884766,23.301814931683836,23.164745432085695,23.233280181884766,205800
23.37036152773125,23.71303545042526,23.23329195865365,23.575965881347656,172000
23.57596964043709,23.644504435903478,23.438900049504316,23.507434844970703,179800
23.370359493277924,23.57596382899591,23.233289936132596,23.438894271850586,213100
23.301818937150614,23.37035369873047,23.027679890831195,23.37035369873047,137800
23.301820585713585,23.438890118570725,23.09621628642788,23.164751052856445,172000
23.02767542307962,23.02767542307962,22.753536429947722,22.890605926513672,249600
22.616489479340704,22.959163562361017,22.616489479340704,22.753559112548828,205400
22.959152221679688,23.09622178718225,22.54794352517199,22.959152221679688,238400
22.890605926513672,23.096210171362596,22.890605926513672,22.890605926513672,191000
22.822086218980864,22.890621012431257,22.342342664828113,22.685016632080078,392600
22.685024295944764,23.164768012173205,22.616489479340704,22.753559112548828,279400
22.753536429947722,22.959140674796647,22.753536429947722,22.890605926513672,156700
22.753546056293306,23.096219942683266,22.753546056293306,23.027685165405273,156500
22.890617438928405,22.959152221679688,22.75354787342584,22.959152221679688,152600
22.959140674796647,23.02767542307962,22.753536429947722,22.890605926513672,187300
23.02768560041461,23.644498607568572,22.95915082184195,23.438894271850586,314400
23.30182674319245,23.71303545042526,23.30182674319245,23.575965881347656,268200
23.575962144050045,23.64449691772461,23.50742737037548,23.64449691772461,223600
23.57597180070548,23.987180611182904,23.57597180070548,23.85011100769043,388200
23.850094037737165,23.987163543701172,23.507420272827147,23.987163543701172,258400
23.987177073448983,24.192781448364258,23.918642281810556,24.192781448364258,372400
24.19277770371087,24.329847265771555,24.124242922680526,24.26131248474121,218100
24.192781448364258,24.398385823279536,24.055711865087407,24.192781448364258,157900
24.26131809841503,24.26131809841503,24.124248504638672,24.124248504638672,142700
23.987177073448983,24.192781448364258,23.71303790689528,24.192781448364258,253900
24.192781448364258,24.32985103164111,24.192781448364258,24.192781448364258,123500
24.19277770371087,24.26131248474121,24.124242922680526,24.26131248474121,141300
24.192776172606063,25.08372826961422,24.192776172606063,24.603984832763672,439300
24.672513961791992,24.809583483801948,24.535444439782037,24.672513961791992,230700
24.946643829345703,25.083713300935514,24.946643829345703,24.946643829345703,116300
24.878126075913233,24.946660858491505,24.672521728178413,24.80959129333496,426200
24.878114499543845,24.946649250231292,24.672510247481497,24.741044998168945,204200
24.60398694560014,24.878126075913233,24.535452163021866,24.80959129333496,307000
24.809579748856393,24.946649250231292,24.672510247481497,24.741044998168945,278400
24.466909678777057,24.741048722796968,24.466909678777057,24.672513961791992,274400
24.603990786003344,24.878129959106445,24.53545599272757,24.878129959106445,141300
24.94665155280126,25.015186309814453,24.74104728176169,25.015186309814453,172300
24.80959516583067,24.878129959106445,24.466921199451793,24.878129959106445,202000
24.878123096742193,25.632005614825292,24.809588322371003,25.5634708404541,459300
25.42641436535379,25.42641436535379,25.0837403173032,25.220809936523438,161300
25.220782772525325,25.28931750832023,24.878109093550798,24.946643829345703,122900
24.80958427904744,25.28932762145996,24.80958427904744,25.28932762145996,189800
25.220790580854022,25.220790580854022,24.80958203877488,25.015186309814453,163300
25.015205507693082,25.220809936523438,24.809601078862727,25.220809936523438,120000
25.632009638116717,25.83761399350268,25.289335712473445,25.769079208374023,434600
25.700551848257742,25.837621458115116,25.289343018685617,25.49494743347168,148500
25.55572638293161,25.62479591369629,25.417587321402248,25.62479591369629,63200
25.486642837524414,25.69385131587827,25.417573344739793,25.486642837524414,221400
25.55572638293161,25.762934975225647,25.55572638293161,25.62479591369629,113700
25.624787466122154,25.624787466122154,25.21037041815252,25.27943992614746,108100
25.210370196236507,25.210370196236507,24.79595315191481,24.865022659301758,219800
24.865025262147682,25.003164291381836,24.657816718296452,25.003164291381836,127100
24.93409477676476,25.14130332061599,24.657816718296452,25.003164291381836,160900
25.141292209731798,25.210361693824467,24.65780582108311,24.72687530517578,279400
24.65780600022081,24.934083938598633,24.312458577248528,24.934083938598633,297900
25.141301187236657,25.141301187236657,24.450606099675213,24.5887451171875,285800
24.5887451171875,24.657814625943644,24.450606099675213,24.5887451171875,297600
24.3124606892214,24.519669161004536,24.174321708032643,24.450599670410156,439500
24.588733258928574,24.588733258928574,23.967107979910715,24.17431640625,396800
24.312472681148193,24.381542205810547,24.036194582498783,24.381542205810547,320600
24.174332347783174,24.519679952751506,24.174332347783174,24.312471389770508,342500
24.381536590919065,24.795953643455935,23.9671195383822,24.5887451171875,464200
24.72688375425733,25.141300800418065,24.657814246563873,25.07223129272461,365400
24.934092660968226,25.00316216972437,24.5887451171875,24.5887451171875,172200
24.51966685289777,24.934083757453788,24.450597368805102,24.72687530517578,265100
24.795939503135262,25.141286849975586,24.726870033767195,25.141286849975586,334900
25.072222907787545,25.141292392382002,24.726875484815263,24.934083938598633,303500
24.795953261950785,25.07223129272461,24.72688375425733,25.07223129272461,293400
24.865014454004175,24.934083938598633,24.726875484815263,24.934083938598633,157700
24.934092166688707,25.003161674075656,24.79595315191481,24.865022659301758,347600
24.865022659301758,24.865022659301758,24.58874462975396,24.865022659301758,378900
24.865027557719838,24.865027557719838,24.24340186877684,24.312471389770508,350100
24.31247335084727,24.519681930541992,23.483639032068385,24.519681930541992,629700
24.24339119862702,24.450599670410156,23.828974255060746,24.450599670410156,273000
24.312466600206164,24.865022659301758,24.105258078045317,24.865022659301758,315800
24.865025262147682,25.210372835233066,24.657816718296452,25.003164291381836,375100
24.93409477676476,25.003164291381836,24.72688623291353,25.003164291381836,303000
24.8650366327037,25.417593002319336,24.795967086501744,25.417593002319336,237400
25.34850620113007,25.624784197872632,25.141297703573148,25.21036720275879,203900
25.21036720275879,25.34850620113007,24.865019706830587,25.21036720275879,341500
25.21037073771159,25.901065826416016,25.072231719970702,25.901065826416016,243800
25.90107725512597,25.90107725512597,25.348520940349946,25.69386863708496,238600
25.762920808662887,25.831990301447508,25.417573344739793,25.486642837524414,174500
25.486656852166927,25.62479591369629,25.141309198343528,25.62479591369629,352500
25.48664519950135,25.624784197872632,25.141297703573148,25.21036720275879,187300
25.210366171759528,25.693852646286423,25.141296675398543,25.555713653564453,331600
25.417573344739793,25.624781823093652,25.348503851955176,25.486642837524414,291300
25.41757480324753,25.762922286987305,25.348505306499575,25.762922286987305,192000
25.624783149925438,25.693852646286423,25.417574660842483,25.555713653564453,277000
25.62479591369629,25.693865444460968,25.417587321402248,25.62479591369629,309400
25.62479591369629,25.693865444460968,25.486656852166927,25.62479591369629,397100
25.62479591369629,25.693865444460968,25.486656852166927,25.62479591369629,158900
25.48665168304859,25.48665168304859,25.279443132779903,25.348512649536133,115800
25.210373616023674,25.348512649536133,25.003165065754985,25.348512649536133,208500
25.34851779063757,25.62479591369629,25.34851779063757,25.62479591369629,186600
25.62479591369629,25.62479591369629,25.34851779063757,25.62479591369629,203800
25.693848411029673,25.831987380981445,25.486639956102014,25.831987380981445,138200
25.831991926152657,25.970130920410156,25.624783434766407,25.970130920410156,143300
25.624787790934242,26.0392048441569,25.624787790934242,25.901065826416016,223000
25.831987380981445,25.901056865957333,25.76291789600556,25.831987380981445,148200
25.624783149925438,25.831991639008393,25.210366171759528,25.555713653564453,186900
25.41757480324753,25.762922286987305,24.934088326011842,25.762922286987305,377600
25.69385279023935,25.831991783735262,25.279435809751618,25.762922286987305,157000
25.69386863708496,25.90107725512597,25.41759047969695,25.69386863708496,134700
25.27944825987289,25.62479591369629,25.210378729108207,25.62479591369629,192300
25.555732094723243,25.6248016409252,25.141314817511518,25.417593002319336,158600
25.6180638148132,25.6180638148132,24.85230647252259,24.921920776367188,298000
24.991540635569713,25.06115495488885,24.71308335829317,24.782697677612305,356000
24.643471272786456,25.13077155219184,24.573856947157118,25.0611572265625,357800
24.85230647252259,24.99153508021179,24.782692168677986,24.921920776367188,143700
24.921927618775463,24.921927618775463,24.086555743285782,24.295398712158203,184300
24.08654640197754,24.64346076965332,24.08654640197754,24.36500358581543,146000
24.2257807804988,24.43462371826172,23.94732353014824,24.43462371826172,253300
24.15616320435112,24.15616320435112,23.46002017252544,23.529634475708008,470400
23.320796966552734,23.390411285855876,23.042339689340164,23.320796966552734,340100
22.903105747064895,23.599248778890576,22.903105747064895,23.529634475708008,356600
23.529636981875395,24.086551466653514,23.529636981875395,23.947322845458984,191500
23.808087948149286,23.877702240395337,23.460016486919034,23.599245071411133,236000
23.599245071411133,23.947316532641388,23.25117361018088,23.599245071411133,233300
23.460023490516274,23.52963780354451,23.11195192537508,23.18156623840332,183200
23.04234061417756,23.111954936274774,22.34619739320543,22.55504035949707,315800
22.485426385228227,22.833498001098633,22.206969092531903,22.833498001098633,271700
22.83350023016872,23.25118620998888,22.624657240258642,23.111957550048828,201000
22.972716669882498,23.738473892211914,22.903102376943462,23.738473892211914,209700
23.52962439074488,23.738467210781074,23.042324477327085,23.25116729736328,185600
23.181553024017884,23.39039584405408,22.62463883725469,23.25116729736328,299200
23.111938750672486,23.39039584405408,22.763867383945488,23.25116729736328,115200
23.25117973948634,23.947322845458984,23.181565428889076,23.947322845458984,236300
23.668872515360516,23.738486846288048,22.972729206085205,23.39041519165039,162400
23.52962439074488,23.738467210781074,22.903095930636287,23.25116729736328,131000
23.04233692028771,23.320794164037412,22.62465105466316,22.694265365600586,313600
22.83348785670458,23.599245071411133,22.694259272212477,23.599245071411133,323500
23.460016486919034,23.668859363657184,22.972716441196678,23.599245071411133,190600
23.529628629146767,23.738471486801917,23.18155719972152,23.46001434326172,206300
23.320787902426932,23.599245071411133,23.25117361018088,23.599245071411133,147900
23.460022671278132,23.947322845458984,23.39040836068087,23.947322845458984,238700
24.08655625464211,24.713085174560547,23.877713281335964,24.713085174560547,207700
24.782705025239423,25.130776725032113,24.3650189854882,24.504247665405273,307400
24.50424701479364,24.57386135290385,23.668874957471132,23.877717971801758,233800
23.529642766610735,24.29540037144126,23.529642766610735,24.086557388305664,221600
24.15617568465485,24.22579002380371,23.808103988910542,24.22579002380371,118100
24.156168803740083,24.782697677612305,24.156168803740083,24.782697677612305,145500
24.573863983154297,24.573863983154297,23.947334873102204,24.573863983154297,220700
24.782707019838327,24.921935710961016,24.365020946470267,24.573863983154297,190600
24.573854719654896,24.85231199693144,24.434626081016628,24.782697677612305,114600
24.64346431105556,24.64346431105556,24.156164169311523,24.156164169311523,236400
24.22577919394283,24.713079350142827,24.156164885914258,24.643465042114258,122500
24.504241681030624,24.504241681030624,24.01694142032831,24.295398712158203,189300
23.947332667208265,24.22579002380371,23.668875310612822,24.22579002380371,217500
24.295398712158203,24.43462735807315,24.156170066243256,24.295398712158203,249000
24.22577919394283,24.643465042114258,23.73847903774283,24.643465042114258,283000
24.504247665405273,24.713090685280886,24.29540464552966,24.504247665405273,186200
24.365020946470267,24.573863983154297,24.295406600908922,24.573863983154297,129900
24.434633325446736,24.504247665405273,24.29540464552966,24.504247665405273,105100
24.156170579077493,24.713085174560547,24.156170579077493,24.713085174560547,132600
24.643470850125166,24.782699498995928,24.504242201254403,24.713085174560547,140500
24.64346665602464,24.64346665602464,24.08655215532352,24.43462371826172,143600
24.29539509308644,24.573852343437,24.051744999029697,24.43462371826172,223100
24.3650189854882,24.713090685280886,24.29540464552966,24.504247665405273,164000
24.643471189196063,24.99154281616211,24.504242538409645,24.99154281616211,311000
25.061148238508668,25.40921974182129,24.713076735196047,25.40921974182129,224300
25.409224046243203,25.757295608520508,25.130766796421362,25.757295608520508,311400
25.687680000954487,26.31420878146557,25.687680000954487,26.17498016357422,423400
26.592672600684228,26.940744231583235,26.31421529596502,26.801515579223633,373900
26.871135074200616,27.14959243248249,26.17499167849594,26.244606018066406,371300
26.871121921539306,27.915336503982545,26.731893310546873,27.845722198486328,767400
27.706493587493895,27.915336503982545,27.428036365509033,27.845722198486328,646200
27.845722198486328,27.915336503982545,27.63687928199768,27.845722198486328,360700
27.84572639087639,28.40264091869392,27.84572639087639,28.124183654785156,230100
28.124191434512582,28.75072045161806,27.9849627640447,28.26342010498047,446500
28.124204288829457,28.193818655881014,27.497674985365432,27.567289352416992,263500
27.706500916037186,29.238016042049292,27.636886592127542,29.16840171813965,468700
29.159987576489378,29.159987576489378,28.248737964724086,28.459026336669922,309400
28.459026650270804,29.12493983543724,28.2837863383849,28.564170837402344,413000
28.599218899779526,28.809507274042613,28.35388246313926,28.564170837402344,268900
28.599220729110264,28.599220729110264,27.93330750134912,28.318836212158203,323600
28.459026336669922,28.459026336669922,27.79311315884144,28.459026336669922,346900
28.459034506989468,28.459034506989468,28.003409570301212,28.423986434936523,176300
28.599218899779526,28.739411149288248,28.388930525516443,28.564170837402344,271600
28.564158157066064,28.669302297521522,28.213677688881205,28.388917922973633,476600
28.31883408870603,28.459026336669922,28.03844959277825,28.459026336669922,403000
28.459019969244423,28.529116077543055,27.61786666966084,27.863203048706055,244500
27.758063420162927,27.82815953991081,27.232342522053777,27.68796730041504,490200
27.547767992019654,28.143584856986998,27.372527737617492,28.038440704345703,215800
28.038447689950015,28.10854380917489,27.582822914988327,27.82815933227539,218100
27.828157880413,28.42397486273922,27.828157880413,28.178638458251953,241000
28.108547518712395,28.283787839901375,27.86321106904782,28.21369171142578,187600
28.178639928399765,28.213687988012204,27.582822914988327,27.82815933227539,202100
27.828158601801444,28.003398895263672,27.197293545337434,28.003398895263672,327800
27.863212654418184,28.108549118041992,27.758068455722267,28.108549118041992,548000
27.968348688224022,28.529117584228516,27.89825257622346,28.529117584228516,262200
28.564173654445167,28.914654312781916,28.45902945694414,28.879606246948242,320600
29.019804283169634,29.26514079280996,28.52913126388899,29.124948501586914,366900
29.1249422453917,29.405326767609672,28.914653853728222,29.159990310668945,260600
29.159996574392675,29.230092720004198,28.949708137558112,29.124948501586914,210900
29.265131313078157,29.755804173417193,29.159987128719795,29.370275497436523,724300
29.23009248584013,29.755813573714956,29.159996340790155,29.51047706604004,366800
29.440371509996826,29.860948245853923,29.335227326032552,29.75580406188965,332100
29.72076879164752,29.790864944458008,29.37028802759507,29.790864944458008,383000
29.79085212321107,29.79085212321107,29.580563755282522,29.75580406188965,112900
29.510475447615224,29.650667730026697,29.440379306409486,29.615619659423828,167000
29.510475447615224,29.755811941835304,29.335235094600883,29.615619659423828,181000
29.545519945595977,29.825904476515035,29.37027961377156,29.47542381286621,324700
29.335215444150176,29.370263491275804,28.91463887864265,29.01978302001953,213300
29.159996340790155,29.580573211090016,28.949707905640228,29.51047706604004,132200
29.370274327382322,29.370274327382322,29.054841786873443,29.19503402709961,156800
29.44037530028704,29.44037530028704,28.634269786112515,28.879606246948242,242600
28.87960720970517,29.44037628173828,28.774463008698966,29.44037628173828,267000
29.440376393116303,29.510472527385627,28.77446311755772,28.809511184692383,399700
28.73941398361354,28.914654312781916,28.38893332527679,28.879606246948242,258500
28.87960420711312,29.30018096741088,28.564171636889796,29.265132904052734,229600
29.300170217881178,29.860939025878903,29.124929965381888,29.860939025878906,252100
29.860946005963264,29.9660901820406,29.440369301653924,29.650657653808594,290600
29.15997817610327,29.440362581642724,28.809497669178953,29.33521842956543,434400
29.405316941712798,29.68570137023926,29.300172781015373,29.685701370239258,87900
29.68571742866498,29.755813573714956,29.195044413315145,29.51047706604004,134800
29.370277094127175,29.405325157485322,28.809508080396824,29.265132904052734,126600
29.0197937268169,29.51046656760849,28.669313126251478,29.19503402709961,173300
29.054842095503304,29.19503433721864,28.669313430786133,28.669313430786133,147500
28.70434615522061,29.720739364624023,28.70434615522061,29.720739364624023,145200
29.790855252571653,29.860951382577703,29.265134277526272,29.300182342529297,196300
29.159975925509592,29.33521616544655,28.84454349362307,29.230072021484375,203800
29.195030066926602,29.230078122229035,28.739405347994975,28.94969367980957,155700
29.08989626365225,29.08989626365225,28.634271382414322,28.774463653564453,230600
28.774464434268427,28.984752846699134,28.21369533445321,28.599224090576172,279800
28.599222781884407,28.914655386096367,28.35388631194177,28.809511184692383,252900
28.739411149288248,28.739411149288248,27.617873153218465,28.564170837402344,320400
28.4239726652582,29.124933766744224,28.248732389886694,29.089885711669922,165700
28.98474154644702,29.124933766744224,28.949693491372717,29.089885711669922,123000
29.230086212523243,29.300182342529297,29.019797822505094,29.300182342529297,290800
29.51047096344141,29.72075935510489,29.019798049559963,29.159990310668945,158500
29.159990310668945,29.33523063705518,28.984749984282715,29.159990310668945,233700
29.159996574392675,29.159996574392675,28.949708137558112,29.124948501586914,306300
29.12494138160848,29.12494138160848,27.898259133285617,28.21369171142578,210200
28.213693749191414,28.809510884267507,28.073501482114686,28.70436668395996,219600
28.59000105179964,29.048852920532223,28.166445480661867,29.048852920532227,288700
28.872368230355363,28.872368230355363,27.98996088835184,28.27233123779297,204600
28.41352106332779,28.55470626115799,28.166446967124937,28.23703956604004,728300
28.16645679114,28.378234661750074,27.88408629699323,28.06056785583496,172400
27.95466304311947,27.98995933484058,27.531107542466145,27.672292709350586,342100
27.531096295612613,27.531096295612613,26.931059581477466,27.495800018310547,314000
27.63700079796883,27.8134822845459,27.601704500653415,27.8134822845459,247700
27.81348853654348,28.37822942053421,27.63700701029638,28.20174789428711,312200
28.16645158903769,28.625303557280155,27.919377452291744,28.20174789428711,143300
28.0605599498388,28.201745157133587,27.778189535249226,27.989967346191406,132900
27.989963771122966,28.060556365753794,27.531111906022588,27.8134822845459,143300
27.425213130174487,28.025249968286413,27.389916845579666,27.919361114501953,140200
27.778191964928446,28.131155014038086,27.460525220729775,28.131155014038086,120900
28.23705423813531,28.34294319152832,28.060572649146966,28.34294319152832,77700
28.48411366224289,28.48411366224289,27.91937287092209,28.23703956604004,159100
28.025252882842047,28.16643803590422,27.284030829265618,27.70758628845215,110800
27.84878130698295,27.989966510060174,27.354633096212655,27.778188705444336,211200
27.848774167956137,28.02525562656169,27.10755204181282,27.672292709350586,197100
27.53111998240153,28.131157212787205,27.142860598034332,27.954675674438477,184600
27.9546716035302,28.37822723388672,27.91937530100049,28.37822723388672,171400
28.2723418613919,28.30763816833496,27.778193564189046,28.30763816833496,128300
28.237027675855327,28.272323960450144,27.70758340693304,27.919361114501953,143900
27.88406772977987,28.025252882842047,27.56640113538997,27.70758628845215,182300
27.566400247461655,27.919363118747977,26.401622772216797,26.401622772216797,170300
26.54281997680664,26.89578300841311,25.413338275665932,26.54281997680664,343400
26.260460439152745,27.036979430633068,26.119275167974504,26.966386795043945,257400
26.401627539335195,27.07225711586911,26.331034952331624,26.8604793548584,219900
27.07226751017016,27.3193416595459,26.542822904365007,27.3193416595459,365500
27.178149168518768,27.637001037597656,27.036963978032958,27.637001037597656,256600
27.460522214571633,27.601707418759663,27.036966602007546,27.107559204101562,163600
27.248736438801018,27.56640305531554,26.895773531562664,27.036958694458008,230500
26.895784370610865,27.213451115145638,26.895784370610865,27.142858505249023,169700
26.578116825648717,26.931079864501953,26.401635306222097,26.931079864501953,183600
27.107551275905678,27.213440148077183,26.825180950114994,27.036958694458008,179200
27.036962565906915,27.425221819464326,26.96636997435102,27.28403663635254,98300
27.284040709336598,28.060559332370758,27.036966602007546,27.107559204101562,262400
27.072262903054554,27.24874440828959,26.931077698866524,27.107559204101562,249000
27.248733333946042,27.49580734086006,26.895770466926017,27.425214767456055,127900
27.566392572914683,27.813466514029155,27.31931863180021,27.495800018310547,134500
27.495810473867866,27.495810473867866,26.966366113010334,27.036958694458008,176500
27.00166452886554,27.14284970287268,26.613405300345903,26.8604793548584,190500
26.89577738279513,27.56640700257611,26.860481087017185,27.28403663635254,144800
27.17815058231354,28.23703956604004,27.17815058231354,28.23703956604004,377800
27.81348252570492,27.884075120947827,27.389926954247485,27.637001037597656,159200
27.531126354586693,27.637015302104334,27.21345951203377,27.354644775390625,154400
27.354623992721756,27.354623992721756,27.001661102493088,27.178142547607422,86400
27.213455200195312,27.601714612908864,27.10756626945525,27.213455200195312,41200
27.284037824814693,27.95466747380755,26.931074851660558,27.8134822845459,247600
27.954683695753957,28.34294319152832,27.88409106015862,28.34294319152832,214200
28.342938187075596,29.0135681068196,28.09586400611728,28.801790237426758,224800
28.66059684753418,28.766485752143296,28.448819038315946,28.66059684753418,166400
28.66059684753418,29.0135598628979,28.625300545997806,28.66059684753418,165200
28.66059793845314,28.766486847092747,28.554709029813534,28.695894241333008,145900
28.73118615356747,28.73118615356747,28.484112071165782,28.554704666137695,669300
28.23704202376788,28.484116141475848,28.09585681364904,28.37822723388672,106100
28.16646160253997,28.378239509325986,28.025276331349296,28.34294319152832,97800
28.37821070992168,28.484099555854222,27.77817391630393,28.095840454101562,135500
28.166442356752544,28.37822011883339,27.848775713631273,28.27233123779297,120400
28.13115311617875,28.44881983894614,27.91937530100049,28.37822723388672,140500
28.59000447719425,28.59000447719425,27.74289323342553,27.989967346191406,152200
27.98997523229827,28.06056785583496,27.637012114614812,28.06056785583496,183800
27.915456798714654,27.915456798714654,27.34647933530136,27.773212432861328,265800
27.702090223275935,27.951017863279695,27.310918217555734,27.915456771850586,177800
27.915474951343366,28.11106108157571,27.808791607580268,27.84435272216797,139900
27.915456771850586,28.057701137567022,27.80877349756326,27.915456771850586,46200
27.951042537906776,28.199970397659126,27.951042537906776,28.05772590637207,23800
28.199966430664062,28.34221090194106,27.879916370290825,28.199966430664062,87000
28.41331978638967,29.124541808577145,28.30663648306155,29.017858505249023,121900
29.124549261574604,29.515721473879026,29.05342704115562,29.30235481262207,401500
29.231237920280204,29.51572685381091,28.87562675336682,29.195676803588867,99300
29.19566885317866,29.44459660223134,28.733374462080825,28.946741104125977,125000
28.94674363034837,29.160110291014327,26.493027032689845,26.741954803466797,540000
26.17297924144848,26.386345920047244,25.426195866352803,26.315223693847656,1158100
26.315210468166477,26.315210468166477,25.390621992257927,25.888477325439453,365800
25.85292036250486,26.10184806888386,24.892770637900142,25.17725944519043,425500
24.750533628999516,25.532878082789733,24.7149725174636,25.31951141357422,202500
25.2839485921643,25.46175413781946,24.92833750085397,25.03502082824707,232300
25.035015041545286,25.17725944519043,24.892770637900142,25.17725944519043,226100
25.07058106579827,25.639558792114258,24.99945885000877,25.639558792114258,241900
25.7817940397577,26.101843896802965,25.67511075407594,25.888477325439453,292300
25.888485124376086,25.888485124376086,25.426190747155083,25.60399627685547,422400
25.603998491163924,26.208537344427516,25.603998491163924,25.85292625427246,407200
25.74624362828672,25.74624362828672,25.355071418464682,25.53287696838379,212900
25.532879449576566,25.710685016774175,24.679412727028048,24.821657180786133,367100
24.82164856501988,24.999454070499965,24.323793149675645,24.892770767211914,315200
24.892778506224182,25.177267403438172,24.501606272554945,24.750534057617188,421700
24.75054000485503,24.999467849731445,24.537173280675244,24.999467849731445,240800
24.857223284726885,25.24839561109598,24.53717319951581,24.608295440673828,750800
24.60827650262054,24.60827650262054,23.932615731594833,24.03929901123047,448900
24.252670947483608,25.106137373788016,24.074865442003524,24.892770767211914,435300
24.78609306432984,25.03502082824707,24.53716530041261,25.03502082824707,263100
24.892778506224182,24.999461842679427,24.608289609010193,24.750534057617188,227900
24.96389247551454,25.035014676299483,24.46603707001995,24.92833137512207,378800
24.537153698149183,25.106131175207715,24.466031513516864,24.643836975097656,358500
24.64384467923589,24.9994557135683,24.466039162069688,24.50160026550293,384900
24.537156386962202,25.746233658203817,24.50159529074921,25.141695022583008,468000
25.141703151778525,25.141703151778525,24.714969859244803,25.106142044067383,178500
25.106137243367858,25.355064949746858,24.64384293152114,25.17725944519043,235100
24.89277639172294,25.1772652647712,24.821654173460875,25.03502082824707,193600
25.141718955073795,25.248402345265056,24.928352174691277,25.07059669494629,135400
24.78609375726609,25.426193739519736,24.78609375726609,25.39063262939453,175700
25.24838808851322,25.603999188351434,24.928338098658827,25.53287696838379,366800
25.603996921300237,26.27965795116788,25.42619138712454,26.101852416992188,586200
26.10185341756852,26.315220066758453,25.817364551981942,26.030731201171875,193500
26.030721706348462,26.315210468166477,25.710671849303193,25.888477325439453,243000
25.888478694150752,26.31521185943895,25.888478694150752,26.0662841796875,196800
26.03072254832198,26.421894608474357,26.03072254832198,26.244089126586914,429900
26.137416336847387,26.279660779496897,25.852927451548368,26.172977447509766,343700
25.959612562849713,26.315223693847656,25.74624588425095,26.315223693847656,159300
26.172975633965166,26.172975633965166,25.92404787657691,26.030731201171875,136100
25.781797230486305,26.20853042602539,25.675113931601537,26.20853042602539,213700
26.066298672452447,26.528593191882027,25.78180973741886,26.386348724365234,362300
26.31522216196135,27.168688826673613,26.31522216196135,27.097566604614258,447100
26.955320569101637,27.73766496556633,26.919759460171427,27.346492767333984,365300
27.346492767333984,27.453176094124625,26.99088167803185,27.346492767333984,417100
27.275386468278175,27.310947597963025,26.88421404174485,27.168703079223633,499100
27.168688124798713,27.168688124798713,26.63527147313382,26.741954803466797,380500
26.741949997150613,26.955316619468306,25.95960571531908,26.813072204589844,368100
26.955316696166992,26.990877799987793,26.564144554138185,26.670827865600586,147900
26.777512425961703,27.1864651389744,26.706390215002973,26.99087905883789,167900
26.919770880306466,27.310943244485294,26.77752638424144,27.204259872436523,463700
27.061998573578247,27.13312077745099,26.42189873872357,26.635265350341797,348100
26.38633895995446,27.168683241785995,26.38633895995446,26.813072204589844,588400
26.670830126354414,26.706391233189553,26.066291310157048,26.101852416992188,326300
26.098984308112158,26.31408582713506,25.81218228274829,26.170684814453125,283000
26.457486559532853,26.744288581858413,26.314085548370073,26.636737823486328,405100
26.744295120239258,26.923546428015662,26.385792504686453,26.744295120239258,271000
26.74428533493204,27.066937570876263,26.74428533493204,26.959386825561523,421800
26.959386825561523,27.38958980682048,26.851836080246784,26.959386825561523,326000
26.95939118160177,27.38959423237201,26.95939118160177,27.031091690063477,298200
27.06695442149381,27.17450523376465,26.278248464841013,27.17450523376465,284700
27.174492153725605,27.461294181733265,26.959390632719863,27.210342407226562,219300
27.138642452756034,27.38959423237201,26.780139910447502,27.031091690063477,202200
27.031087322438015,27.31788930994399,26.851836080246784,26.959386825561523,103300
26.959391481963245,27.066942245854055,26.098985370836758,26.565038681030273,148600
26.493340645147406,26.708442193010576,26.242388839307036,26.38578987121582,138400
26.42163658664651,26.457486839816994,26.098984308112158,26.170684814453125,164700
26.063132428274923,26.27823393387279,25.561228915213235,26.206533432006836,213300
26.063131625636093,26.49333462358332,26.02728137580716,26.349933624267578,175800
26.242378796153886,26.600881238724295,26.063127574868684,26.31407928466797,493400
26.278235026768275,26.278235026768275,25.668780735560826,26.098983764648438,360000
26.242390366517334,26.9593955677883,26.242390366517334,26.851844787597656,299700
27.031090327671595,27.138641084943497,26.67258780343192,27.10279083251953,150700
26.95939358252529,27.389596671608142,26.851842810254578,27.35374641418457,345900
27.2103469199741,28.034902887246044,27.03109562274107,27.819801330566406,720700
27.891487405603137,28.034888369128087,27.748086442078186,27.927337646484375,489100
27.855628535570695,28.429232211978846,27.783928076019677,28.034879684448242,779200
27.748094826936722,27.963196337223053,27.38959230979284,27.53299331665039,419200
27.676394323507946,27.748094826936722,27.282041554649673,27.53299331665039,403200
27.532984996790756,27.999038128246852,27.532984996790756,27.927337646484375,240900
27.927348264789213,28.10659953734884,27.855647755765364,28.070749282836914,231400
28.106600039294726,28.644353866577152,28.106600039294726,28.64435386657715,259900
28.68020412172931,28.68020412172931,28.42925233566418,28.64435386657715,145500
28.60849952697754,28.680200027045153,28.142446276538056,28.60849952697754,100000
28.53680257676523,28.53680257676523,27.85564774139018,28.321701049804688,191300
28.321701049804688,28.35755130429811,27.963198504870448,28.321701049804688,223800
28.214141845703125,28.859446233533692,28.142441358166394,28.214141845703125,226900
28.214150286324415,28.53680257676523,28.142449777337568,28.321701049804688,184700
28.250006183925805,28.680209323782545,27.748102520759613,28.57265853881836,181200
28.500958015508903,28.680209323782545,28.250006183925805,28.57265853881836,167200
28.46509770327394,28.644348948256773,28.357546956284242,28.500947952270508,95700
28.46510344471423,28.536803957169433,28.214151651121036,28.250001907348633,142700
28.24999726896833,28.28584751930966,28.034895766920346,28.142446517944336,295300
28.14245006259607,28.14245006259607,27.532995730030294,28.106599807739258,737900
28.142451138665834,28.285852163576234,27.532996782796637,28.250001907348633,213900
28.321696379245857,28.35754662782718,27.712242153363352,27.963193893432617,252000
27.891507327172064,27.891507327172064,27.676405728247857,27.78395652770996,134500
27.92734746205082,28.106598729458078,27.640545434199208,27.71224594116211,200800
27.71225531085644,27.7481055764591,27.317902389227175,27.425453186035156,248000
27.42543552448223,27.855638434670187,27.282034554419578,27.604686737060547,194500
27.56884356836478,27.891495833794277,27.31789180636406,27.53299331665039,182700
27.389585840887356,27.963189732843116,27.389585840887356,27.676387786865234,187200
27.676394871303014,27.819795880998885,26.851839065551758,27.10279083251953,252100
26.959404124829593,27.174505753485146,26.708452224731445,26.708452224731445,368500
26.70844856961315,27.24620256765905,26.70844856961315,26.995250701904297,829200
27.031087322438015,27.21033856462925,26.67258483805555,26.959386825561523,604300
26.815992290266543,27.389596403427323,26.780142033193993,27.317895889282227,160900
27.31790631679243,27.31790631679243,26.923553338466032,27.17450523376465,156000
27.031084899700772,27.49713808762665,27.031084899700772,27.138635635375977,312200
27.066951108011796,27.066951108011796,25.561239920546242,25.919742584228516,601400
26.0631390147739,26.09898927476671,25.453684594896103,25.81218719482422,460700
25.668773368355275,25.919725063297296,25.45367191554783,25.632923126220703,528800
25.56123484874502,25.955587700548943,25.453684070980316,25.74048614501953,461900
25.812191785123833,26.242394981542564,25.776341518755608,25.919742584228516,640000
26.063136517754916,26.24238780054553,25.883885234964307,25.991436004638672,202200
25.812174336893573,26.063126031835594,25.381971431278682,25.632923126220703,385900
25.561232469020744,25.632932980855305,25.166879653930664,25.166879653930664,251500
25.20271979195731,25.48952172415597,24.95176810128348,25.095169067382812,401300
25.092279756224,25.381527937851942,24.766875551892564,25.056123733520508,271900
25.128438345085176,25.489998609043237,24.441473843564864,24.983814239501953,472200
24.839193521734636,25.63462621093138,24.839193521734636,25.236909866333008,421000
25.381536818434952,25.996189419451184,25.30922474772716,25.345380783081055,458900
25.453850923167714,25.453850923167714,25.092290540736354,25.128446578979492,297800
25.164601831992357,25.670786351601397,24.9838216464177,25.417694091796875,223800
25.273066561797567,25.453846723183815,24.87535020674782,25.16459846496582,274600
25.16459085215693,25.200746873496236,24.80303063876387,24.947654724121094,1394200
24.80303731304763,24.875349375184793,24.51378906449897,24.83919334411621,547600
24.839184761047363,24.875340779622398,24.152220408121746,24.296844482421875,881100
24.00760492983627,24.188385087440455,23.79066874071124,23.97144889831543,641200
23.826825833567135,24.47763442993164,23.790669800435772,24.47763442993164,269100
24.405318337517816,24.44147436468451,23.718353821350647,24.079914093017578,161400
24.043746587001916,24.152214616717714,23.790654517665054,23.862966537475586,194300
23.862967862340504,24.369152029117423,23.862967862340504,24.1522159576416,219300
24.043749508479966,24.26068559427076,24.043749508479966,24.188373565673828,269600
24.260692633722062,24.260692633722062,24.0076004601959,24.04375648498535,186700
25.16458568405196,25.52614582319064,24.658401489257812,24.658401489257812,1395600
24.694566028335505,25.164594371480984,24.513785896356474,24.983814239501953,1074600
24.983820429542096,25.74309717197391,24.911508358834304,25.345380783081055,459400
25.34536678308736,25.41767881385223,24.76687053696839,25.200742721557617,378900
25.056117642310358,25.128429670138093,24.658401489257812,24.658401489257812,361400
24.4414640529427,24.4414640529427,24.07990393381633,24.1522159576416,494000
24.11608227189765,24.260706453438267,23.790677863431267,24.007614135742188,589500
24.152229558482745,24.441477816668165,23.935293364843677,24.333009719848633,139000
24.332990133814874,24.73070616869149,24.29683413064427,24.622238159179688,207400
24.441468556722008,24.586092631022137,24.07990837097168,24.296844482421875,231900
24.152234016338866,24.4776383668584,24.152234016338866,24.26070213317871,428300
24.224527981466878,24.65840012441852,24.07990393381633,24.1522159576416,267600
24.369153377946873,25.128429670138093,24.332997364033,24.658401489257812,302000
24.694574600538093,24.694574600538093,24.152234016338866,24.26070213317871,343500
24.224547244991058,24.586107651632716,23.935298919677734,23.935298919677734,289700
23.862973846574054,24.116065993431658,23.682193741675764,23.89912986755371,247700
24.07990552277843,24.26068559427076,23.60987733689837,24.188373565673828,284200
24.188381751261335,24.839190228873747,24.152225724727312,24.549942016601562,204000
24.586106483698245,24.766886678431323,24.224546094232096,24.26070213317871,204400
24.260700561751182,24.586104891193447,24.116076415332397,24.224544525146484,149500
24.152230131749388,24.69457062871981,23.97144996609258,24.47763442993164,247400
24.36916179077325,25.056126292293566,24.224537685190025,24.983814239501953,211900
24.875350794376615,24.875350794376615,24.333010297406194,24.47763442993164,154000
24.586101126636134,24.875349375184793,24.369164940224636,24.83919334411621,115700
24.54993370865849,24.54993370865849,23.7906574083907,24.188373565673828,249800
24.260706453438267,24.369174589593726,23.75452181804611,24.007614135742188,194500
24.152219151604108,24.803027452096433,24.04375110152205,24.44146728515625,219300
24.07990393381633,24.369152029117423,23.899123874253142,24.1522159576416,123500
23.718343651813008,23.754499663477358,23.24831550017647,23.28447151184082,263700
23.28448269027686,23.28448269027686,22.525206080811312,23.103702545166016,501900
23.103699145778535,23.501415406503984,22.41673469543457,22.41673469543457,210300
22.308268900213196,22.561361091949813,21.223588078484838,22.163644790649414,526500
22.05519139081582,22.742156368562544,21.910567184974408,22.01903533935547,415800
21.910560056616696,22.055184215406246,21.151283222971564,21.76593589782715,316400
21.765928810718012,22.56136142506319,21.729772782793233,22.12748908996582,256300
22.489047215308673,23.465259875780273,22.272111068537207,23.42910385131836,216100
23.465263914683508,23.465263914683508,22.669831239609493,22.77829933166504,212800
22.127485664457737,22.23595373144037,21.440521240234375,21.440521240234375,362700
21.151278951893683,21.765931502632473,20.464314336362094,21.621307373046875,469800
21.549001239279043,21.91056166275688,20.60894413823667,20.789724349975586,750200
20.572781526125393,20.89818580334003,20.50046946452214,20.681249618530273,480800
20.536618550618492,20.64508660634359,19.95812225341797,20.175058364868164,584100
19.379629701048465,19.849658033350014,19.379629701048465,19.74118995666504,361100
19.777349141392396,20.10275342342627,19.668881047381102,19.813505172729492,492100
19.81349362900008,19.81349362900008,19.198841454377817,19.379621505737305,341200
19.415785124381088,19.63272127102222,19.054224879979206,19.59656524658203,349000
20.17852209626342,20.50751973913728,19.92263504069486,20.324743270874023,593300
20.397858804102103,20.397858804102103,19.739863358808485,19.849529266357422,350400
19.922642904274472,19.99575352043695,19.37431328305591,19.52053451538086,325100
19.666753854966704,19.666753854966704,19.264645504772215,19.44742202758789,294900
18.862532566615513,19.191530227661133,18.752866679600306,19.191530227661133,814200
18.972204999490216,19.849532398310576,18.972204999490216,19.30120277404785,575500
19.191531103048753,19.88608175249242,19.191531103048753,19.593639373779297,479600
19.70330818061757,20.032305905340312,19.410865758641798,19.483976364135742,436000
19.44742202758789,19.630198550403566,19.045313677393406,19.44742202758789,222900
19.739861569162144,20.251635757992272,19.30119797873632,19.410863876342773,281900
19.483976217147408,20.215082266571326,19.19153379737784,19.922639846801758,345700
19.66676202714986,20.470979061717326,19.593651387643728,20.068870544433594,352900
20.25164708381556,20.32475772310731,19.886093887356793,20.14198112487793,155300
20.434411055725537,21.019295808662225,20.21507927337428,20.397855758666992,448400
20.397865826150646,21.092416813062584,20.32475519594939,21.019306182861328,227800
20.87308175499375,21.640743255615234,20.763415826333535,21.640743255615234,248700
21.38484748384294,22.773948687921624,21.12896041993371,22.627727508544922,434000
22.810502946747015,23.541608810424805,22.664281774011457,23.541608810424805,662800
23.54161162017494,24.089941083377774,23.176058644706387,23.79749870300293,400500
24.053390863942045,24.053390863942045,22.77395517968981,23.176063537597656,391400
23.17606756626031,23.17606756626031,22.371850710648754,22.810514450073242,258900
22.66429034423828,22.993288107299804,22.4815138092041,22.84706687927246,191800
22.847051479081937,22.920162043814997,21.96972470228519,22.189056396484375,371000
22.225624621753962,22.225624621753962,20.763412475585938,20.763412475585938,641400
21.275197472460693,21.896637948460405,21.238642150343065,21.860082626342773,378700
21.860069392077346,21.860069392077346,21.16551869232907,21.421405792236328,277800
21.640735613376602,21.82351209659769,21.092406163713346,21.71384620666504,211900
21.713849011964115,22.0428467242666,21.604183107863285,21.896625518798828,333800
22.00628565030619,22.84705736119829,21.969730358528274,22.40839385986328,302100
22.810516022589514,23.322290420532227,22.73740539431198,23.322290420532227,460700
23.468506862300103,23.687838702134684,22.95673256935275,23.358840942382812,357500
23.212619715826424,23.468506862300103,23.02984318263094,23.358840942382812,243000
23.102948092675025,23.578166961669922,22.956726902215056,23.578166961669922,284200
23.651277556899906,23.651277556899906,23.21261398552,23.578166961669922,331400
23.431954158595733,24.089949751192805,23.431954158595733,23.834062576293945,215400
23.83406016845703,23.870615475463865,22.810511572265625,22.84706687927246,420800
22.88361167907715,23.06638813018799,22.773945808410645,22.88361167907715,192400
23.02984707728381,23.322289579852495,22.847070513178387,23.13951301574707,125900
23.395387637689247,23.687829983160363,23.10294529221813,23.541608810424805,167400
23.54161659024115,23.61472720076985,22.664289263896762,23.176063537597656,245100
23.176069211659943,23.285735154301864,22.554628870022373,23.24917984008789,178200
23.3222797781636,24.089941024780273,23.3222797781636,24.089941024780273,223300
24.345833607931432,24.747941970825195,24.199612385060973,24.747941970825195,351300
25.00382420074108,25.15004539489746,24.56516061827194,25.15004539489746,341400
25.15005511115579,25.36938698712517,24.6382807338939,24.85761260986328,264300
24.784491531978826,24.930712720958052,24.601715045754794,24.821046829223633,151300
24.674824731690546,25.076932986577354,24.49204825219654,24.56515884399414,68100
24.56516268146572,24.96727099916828,24.418941475028422,24.49205207824707,291000
24.272717370551533,24.821046829223633,24.272717370551533,24.821046829223633,178900
24.601722717285156,24.67483333457278,24.4189461740661,24.601722717285156,162300
24.56515884399414,24.857601211184548,24.49204825219654,24.56515884399414,144500
24.7113827590165,25.11349105834961,24.565161559259007,25.11349105834961,187700
25.003829017739694,25.040384323321184,24.674831267506278,24.967273712158203,148200
25.07693479781927,25.15004539489746,24.711381812428318,25.15004539489746,210100
25.00382700808314,25.442490639803896,24.638273981649174,25.259714126586914,192600
25.29627051031834,25.332825814524004,24.78449625143907,24.93071746826172,323800
24.638277191299576,24.638277191299576,24.089947580217242,24.345834732055664,430000
24.382391050750137,24.382391050750137,24.08994857937682,24.236169815063477,480400
24.236159287966217,24.71137809753418,24.199603994922526,24.71137809753418,311300
24.71138864321659,24.71138864321659,24.16305901355942,24.601722717285156,243300
24.565164426205094,24.96727277246738,24.30927729676546,24.93071746826172,224200
24.894164001976435,25.076940536499023,24.638276853644815,25.076940536499023,221300
24.85858367919922,25.042994537353515,24.71105499267578,24.895465850830078,256300
24.969247133805148,25.338069100331072,24.82171834719478,25.190540313720703,224300
25.26429979073233,26.481412043424548,25.22741760125681,26.33388328552246,245000
26.370770114378015,26.55518109419884,26.223241330521354,26.481416702270508,81900
26.481409043283826,26.481409043283826,26.038822819719194,26.14946937561035,118000
26.00194563523182,26.813353867820613,26.00194563523182,26.702707290649414,145000
26.555185765663893,26.702714575473138,25.92818832397461,25.92818832397461,207300
26.038820485245893,26.702699761073692,25.817527393303294,26.075702667236328,252200
26.223240054761487,26.850237355648893,26.223240054761487,26.59206199645996,212200
26.444527047847036,26.813348903465542,25.81752989329557,25.854412078857422,204800
25.92817365900858,25.92817365900858,25.116765663989817,25.706880569458008,309100
25.374955017442648,25.817541442165485,25.301190613322174,25.522483825683594,165000
25.522472225560456,26.186351560907404,25.30117911377814,26.14946937561035,148000
26.07571713378385,26.223245943593096,25.411837489642256,25.92818832397461,205000
25.780639151787163,26.628929138183594,25.66999263182241,26.628929138183594,299400
26.26011593150151,26.370762487392668,25.891294078530983,26.14946937561035,341300
26.001945775608686,26.149474545966747,25.30118411640788,25.374948501586914,250100
25.522480620240135,25.780656002236782,25.374951830527763,25.633127212524414,127500
25.374957535114696,26.07571944378792,25.264310917955765,26.001955032348633,150800
25.743775616992604,26.112597617236048,25.706893416968256,25.965068817138672,153300
25.965067807526378,26.03883220470685,25.596245821624017,25.780656814575195,115000
25.596236102985884,25.63311828757232,25.153649887948667,25.41182518005371,216800
25.26430003597389,25.374946605474506,24.78483156813789,25.043006896972656,180300
25.67000050804335,26.11258672369927,25.633118323405355,25.743764877319336,265500
25.78064531243366,25.817527494568758,25.411823491082675,25.448705673217773,169400
25.448708037677065,25.965058635542974,25.448708037677065,25.854412078857422,188000
25.928175800509305,26.075704539061277,25.67000050804335,25.743764877319336,337700
25.485595703125,25.596242283601665,25.006127187726122,25.485595703125,187100
25.338056471495502,25.338056471495502,24.82170597571539,25.00611686706543,165300
25.043010916429406,25.079893112182617,24.74795335040373,25.079893112182617,169500
24.932363564464104,25.04301014833007,24.268484061268314,24.60042381286621,206300
24.8954751437768,25.07988607076774,24.379124548202167,24.526653289794922,178100
24.526645985055477,24.526645985055477,23.973413368851215,24.268470764160156,193500
24.157830152960216,24.600416354235822,23.973419235762044,24.30535888671875,242700
24.379133335346616,25.006130713108934,24.342251136654713,24.747955322265625,149600
24.60041058557273,25.338054081392006,24.563528410781768,24.932350158691406,101000
24.784830512070076,24.932359265118112,23.567718299423777,24.19471549987793,180900
24.04719602861477,24.489782458589275,23.789020611129644,24.1578426361084,266300
24.047186746829894,24.416008629449983,23.936540182043867,24.19471549987793,139700
24.120942066505688,24.268470764160156,24.04717771767845,24.268470764160156,180900
23.9734236350651,24.26848115672744,23.9734236350651,24.084070205688477,137000
23.973411560058594,24.93234802246094,23.75211853027344,24.895465850830078,212100
24.784825550426138,24.85858991218336,24.305357199004202,24.342239379882812,244800
24.231606842181005,24.342253448766304,23.641491607059397,24.120960235595703,171300
23.899659254649517,24.084070205688477,23.23577983090925,24.084070205688477,310800
24.157830152960216,24.37912325359802,23.789008318563877,24.30535888671875,175900
24.19470641533292,24.34223511298739,23.346416403819724,24.268470764160156,213700
24.30534969945872,24.48976054695082,23.715234987484,23.752117156982422,226500
23.752130086548235,24.01030541357593,23.53083694909592,23.67836570739746,129900
23.715247052471813,24.19471549987793,23.604600487685786,24.19471549987793,176400
24.231594778497126,24.7110631683304,24.231594778497126,24.67418098449707,166300
24.563546863585028,24.747957876074405,23.899667218623268,24.1578426361084,181700
24.010304555642367,24.084068932157397,23.789011426097275,23.862775802612305,160300
23.789012276123618,23.899658844849775,23.60460132824669,23.67836570739746,216300
23.60460132824669,23.862776655274388,23.567719138671304,23.67836570739746,436100
23.678371024131774,23.825899815559385,23.27266684770584,23.60460662841797,367100
23.60460662841797,23.86278201341629,23.49396003484726,23.60460662841797,271900
23.420193388655377,23.493957777281064,23.088253639839788,23.19890022277832,187100
23.198896620008682,23.198896620008682,22.793192545572918,22.903839111328125,173800
22.756306783179376,23.014482062729225,22.64566023480087,22.940717697143555,125000
23.088244572158686,23.235773291469606,22.20307225629318,22.313718795776367,382100
21.834253133138024,22.239957160949707,21.39166692097982,22.129310607910156,503900
22.132297323140534,22.244076602550333,21.238063087862127,21.387102127075195,563200
20.418348426818845,22.430375461578368,20.418348426818845,22.35585594177246,771400
22.281327580445566,22.50488605115238,22.057769109738754,22.20680809020996,245900
22.13230104108685,22.169560807149285,21.796963146524927,22.095041275024414,325200
22.13229371361787,22.95200829560372,22.13229371361787,22.840229034423828,372700
22.80296948340631,23.43638530238982,22.6539304671749,23.10104751586914,644200
23.026533885327435,23.25009246673838,22.318598377526104,22.393117904663086,327600
22.24407256545129,22.35585182457416,21.945994541123635,22.318592071533203,384900
22.24406887359879,22.28132862045574,21.68517267074455,21.871471405029297,164400
21.685180368604023,21.871479169021583,21.08902420726783,21.647920608520508,252500
21.536141166288264,22.020518043730732,21.312582607468663,21.387102127075195,163800
21.498881541507345,21.61066082161917,21.051764421060053,21.163543701171875,187600
21.163541303362166,21.46161934988839,20.753683989388602,20.865463256835938,249100
20.865460356852935,21.23805786322531,20.753681104941222,20.97723960876465,328700
20.641907060650034,21.238063221246424,20.567387540575485,21.163543701171875,264500
21.089024918951235,21.647921339064784,20.939985873587624,21.498882293701172,288600
21.46161636041135,22.24407112355135,21.46161636041135,21.908733367919922,295600
21.908733367919922,22.095032121048494,21.61065536291421,21.908733367919922,185500
21.90873983414447,22.802974113089142,21.6851812644083,22.72845458984375,600400
22.728450685689598,22.914749461801808,22.05777509168564,22.24407386779785,276200
22.13228963302794,22.31858836731269,21.68517267074455,21.871471405029297,283400
21.945996229713028,22.057775497436523,21.685177938358205,22.057775497436523,166600
22.05777786254883,22.504894981384275,22.020518102645873,22.35585594177246,323000
22.206809267352515,22.765705473745616,22.132289773166768,22.57940673828125,120700
22.72845458984375,22.802974113089142,22.504896020107584,22.72845458984375,274700
22.728450076086638,23.734463440110147,22.728450076086638,23.585424423217773,368600
23.622680835045838,24.107057571411133,23.250083345534076,24.107057571411133,438400
24.03254311296004,25.187595572652697,23.548166275024414,23.548166275024414,437000
23.54816836959745,24.405142851402424,23.54816836959745,24.293363571166992,160100
24.442402447840966,24.442402447840966,23.846246290576552,24.03254508972168,234400
24.032544664236216,24.36788249676044,23.995284905066857,24.218843460083008,161100
23.846244173325722,24.479660034179688,23.250088068992582,24.479660034179688,222200
24.367883667373064,24.516922711210206,23.771727492024485,23.883506774902344,125200
23.734469977292147,23.734469977292147,22.952014923095703,22.952014923095703,148100
23.06380037044761,24.032554505555265,23.026540596020393,23.51091766357422,164500
23.43637879084027,23.510898278251524,23.17556058490087,23.4736385345459,196400
23.361866597719906,23.510905619076972,23.21282757636284,23.436386108398438,124400
23.101048310345043,23.585425129755503,22.952009288987977,23.436386108398438,212200
23.361869832873346,23.958026000857355,23.324610072374345,23.84624671936035,222000
23.548163638122656,23.548163638122656,22.7284490810994,22.989267349243164,154100
22.952010985739363,23.399128082864156,22.877491469551895,23.175569534301758,127000
23.063795494310785,23.808990825306285,23.063795494310785,23.361873626708984,144300
23.361866597719906,23.6972043957733,23.287347087041372,23.436386108398438,237400
23.399130311402136,23.883507212752814,23.399130311402136,23.697208404541016,210100
23.58542839586735,24.218844324350357,23.473649114370346,23.84624671936035,369600
23.548175129512234,24.256110774228585,23.51091535873769,23.958032608032227,372300
23.995286211555385,24.181585017545725,23.622688599574712,24.144325256347656,419400
24.144316884884358,24.74047285735064,24.069797388326073,24.51691436767578,296700
24.591438593554244,24.628698348999023,24.21884103910645,24.628698348999023,205700
24.51692274056453,25.0012996336152,24.51692274056453,24.85226058959961,162300
24.81499412308878,25.001292877766623,24.442396613733095,24.964033126831055,152700
24.926781277907523,25.48567771911621,24.926781277907523,25.48567771911621,190500
25.63471542743836,25.63471542743836,25.038559254707234,25.07581901550293,260200
25.07581237963776,25.41115013805788,24.964033126831055,24.964033126831055,149300
24.964026921912087,26.82701400563687,24.964026921912087,26.491676330566406,442700
26.119092055924643,26.193611576768934,25.709234691281033,26.007312774658203,223400
25.858273732969618,26.379910378879668,25.858273732969618,26.007312774658203,145100
26.156346487195304,26.566203768333693,25.970047723041493,26.52894401550293,233600
26.528958927501332,26.752517570148814,25.85828299955888,26.230880737304688,187800
26.156361189755525,26.45443937995217,26.119101415980946,26.230880737304688,221600
26.081832295502494,26.268131097613228,25.709234691281033,26.007312774658203,154800
25.56018920699121,25.783747713174808,25.56018920699121,25.671968460083008,284100
25.59745436768199,25.671973885491838,25.4484153320623,25.634714126586914,200300
25.48566855878647,25.522928308141424,25.262110062656767,25.29936981201172,238600
25.302389244535075,25.302389244535075,24.77603939398011,25.189599990844727,287900
25.18959308887745,25.33997871925881,24.926418235710074,25.039207458496094,296100
25.0768007005964,25.22718631199428,25.00160789489746,25.00160789489746,275000
25.15199936080153,26.054313239215933,25.15199936080153,25.753541946411133,654000
26.54306668761774,26.731048746311917,26.279891805445892,26.505470275878906,340900
26.355077692053534,26.994216523387216,26.24228848652406,26.467866897583008,261500
26.618255274440095,26.655851680194957,25.979116376607497,26.09190559387207,231500
25.97911436898368,26.430271203177316,25.90392156328474,26.317481994628906,288900
26.317488217184728,26.61825951109541,26.016716923274046,26.505470275878906,246500
26.355077540222425,26.99421636787404,26.0543063272099,26.80623435974121,261200
26.430276285734735,26.58066192605186,26.242294235338328,26.355083465576172,274700
26.467862944363215,27.031808887780045,26.35507375567985,26.91901969909668,203100
26.881424559376395,26.99421375333182,26.6182497734804,26.95661735534668,146700
26.84383947054545,27.219803608788386,26.806243056721158,27.06941795349121,194700
27.06941055039228,27.182199761018914,26.54306090080132,26.618253707885742,178100
26.693453673448197,26.731050087072774,26.3926823644516,26.430278778076172,137700
26.467870577959946,26.693449020385742,26.317484949676082,26.693449020385742,231300
26.731045228218004,27.031816482543945,26.580659601055032,27.031816482543945,359700
26.9566225236462,27.971725463867188,26.88142971325946,27.971725463867188,312600
27.971718987988538,29.17480367564396,27.934122591499307,28.34768295288086,520900
28.34769522936309,28.686062944302435,27.858941863339588,28.08452033996582,293300
27.896538276110626,28.234905991049974,27.82134545056855,28.08452033996582,165800
27.934134688881663,28.197309578278936,27.78374903779751,28.08452033996582,156000
27.934120851859994,28.197295610895015,27.558156910381395,27.783735275268555,216200
27.294983523232595,27.63335108757019,27.219790731157573,27.370176315307617,142400
27.06941399692504,27.633360121860978,26.843835546950665,27.294992446899414,144500
27.294996927195584,27.48297899969693,27.069418440193967,27.257400512695312,158400
27.25740002261268,27.25740002261268,26.806243056721158,27.06941795349121,187300
27.069398872090574,27.370169970669355,26.843820548156486,27.182188034057617,152600
27.182198376006866,27.445373187392825,26.73104155648808,26.80623435974121,142300
26.768632859450122,27.03180762070876,26.580650887122523,26.88142204284668,205300
26.88144248107384,26.88144248107384,25.640760520408893,26.167110443115234,367500
26.167104278435687,26.76864690552616,26.167104278435687,26.731050491333008,184200
26.768641640483466,26.881430860878762,25.903924284119537,25.94152069091797,168900
25.979119082899246,25.979119082899246,25.565558576514455,25.828733444213867,326400
25.82872397469004,25.94151316235244,25.603145599365234,25.603145599365234,96700
26.016722140592687,26.016722140592687,25.490372270696305,25.56556510925293,101000
25.640745917426212,25.640745917426212,25.30237830268012,25.37757110595703,92600
25.377583012861365,25.603161528531242,25.339986593583053,25.56556510925293,94300
25.56555250601464,25.640745307502918,25.264781300061525,25.302377700805664,145400
25.264792156645864,25.490370658044487,25.152002905946553,25.227195739746094,127800
25.339975357055664,25.37757175966257,25.114396941414217,25.339975357055664,82800
25.490359608308907,25.86632361433116,25.415166807104455,25.527956008911133,176700
25.377564740604196,25.71593227047892,25.26477556397929,25.4151611328125,162700
25.415171126873172,25.79113519679733,25.264785498903507,25.7159423828125,150300
25.715945534810533,26.016716827615333,25.64075271160933,25.753541946411133,281400
25.678345780774773,25.979117034429528,24.851224833224194,24.964014053344727,214800
25.114397213925724,25.56555405010403,24.738433183777133,24.776029586791992,164400
24.888819571653027,25.189590805147322,24.512855529785156,24.512855529785156,189300
24.512853523880516,24.77602833165224,24.36246791943953,24.738431930541992,105000
24.625657130584255,24.888832092285156,24.136903630282582,24.888832092285156,163500
24.813636723686667,25.603161528531242,24.813636723686667,25.56556510925293,167100
25.264785766601562,25.30238217399234,25.039207322256907,25.264785766601562,137200
25.11440013703846,25.339978581383114,25.039207322256907,25.264785766601562,109600
25.415168162269477,25.5279573700902,25.227186149234942,25.339975357055664,248100
25.339975632014877,25.415168438044592,24.51285476568798,24.776029586791992,244800
24.663253553684385,25.114410630885928,24.663253553684385,24.888832092285156,72900
24.700837004129447,24.700837004129447,24.09929455045202,24.324872970581055,116600
24.437670124735575,24.62565220261816,23.986513137817383,23.986513137817383,152300
23.87371265850128,23.91130905638868,22.858609915541383,23.53534507751465,268900
23.610546775221636,23.948914483783728,23.49775753903427,23.57295036315918,189500
23.535345157500238,23.572941555515413,23.272170371394004,23.30976676940918,112400
23.15938653725602,23.15938653725602,22.557844029794826,22.783422470092773,174300
22.900402660239234,22.900402660239234,21.988943847891402,22.178831100463867,344100
22.254773005141015,22.254773005141015,21.647134151758323,21.761066436767578,206800
21.685108862468645,22.064883098238674,21.685108862468645,21.912973403930664,251300
22.026907801628113,22.102862656116486,21.72308838367462,21.874998092651367,258100
21.950963942957184,21.950963942957184,20.925572893718698,21.001527786254883,369000
21.001515461580595,21.267357429448705,20.735673493712486,20.811628341674805,367900
21.039493975432023,21.267358531122625,20.431855160257093,20.963539123535156,451600
20.73567521700295,21.267359196926105,20.54578808131611,21.191404342651367,306300
21.419266897429626,22.064883098238674,21.419266897429626,21.912973403930664,319100
21.874998721776834,21.950953578449667,21.571179295085486,21.761066436767578,208600
21.950957560135148,22.6345513941878,21.950957560135148,22.406686782836914,359100
22.40668402777778,22.444661458333332,22.14084201388889,22.216796875,246100
22.33072854976843,23.090277139896607,22.33072854976843,23.01432228088379,331600
22.862416005538684,22.862416005538684,22.368709347611766,22.406686782836914,161200
22.444657334008703,22.482634757585707,21.799041133199655,21.912973403930664,274800
21.874998092651367,22.25477236509323,21.799043238162994,21.874998092651367,193700
21.79905487060547,22.06489700317383,21.571190185546875,21.837032318115234,199300
21.98893557257831,21.98893557257831,21.153431975692776,21.305341720581055,176700
21.229386201141573,21.60916055178811,21.11545389594761,21.419273376464844,239700
21.647131438891645,22.10286052181568,21.419266897429626,21.912973403930664,350900
21.875005587725575,22.026915348751444,21.41927630464796,21.571186065673828,550600
21.267356465295542,21.533198421111734,21.191401620776627,21.343311309814453,334000
21.191404099897905,21.26735895330256,20.697697552767668,20.887584686279297,567200
20.88759778297111,22.368718353036332,20.735687980913138,22.178831100463867,684700
22.17881795840648,22.558592238516177,22.140840530395508,22.140840530395508,495900
22.102858394899997,22.102858394899997,21.761061615597416,21.95094871520996,497100
21.950957560135148,22.406686782836914,21.79904781923456,22.406686782836914,580900
22.368713939891144,23.47005978752585,22.102871838737936,23.24219512939453,684600
23.090285357306986,23.318150015438306,22.672533484066236,23.24219512939453,201300
23.394098313755812,23.394098313755812,22.672527099532825,22.71050453186035,253000
22.672538009849752,22.672538009849752,22.368718405027646,22.482650756835938,246500
22.482648166688552,22.74849029028115,22.33073838177849,22.596580505371094,226900
22.596571811040242,23.014323558807373,22.596571811040242,22.78645896911621,196100
22.824427045844434,22.86240446189409,22.254765805099566,22.748472213745117,222900
22.63454257587524,22.71049741673388,22.026903849006104,22.25476837158203,168500
21.95096055851426,23.014328890068587,21.95096055851426,22.86241912841797,185900
22.862423024412063,23.849836643406604,22.862423024412063,23.166242599487305,374700
23.166238651719205,23.432080734607784,22.786464247592658,22.86241912841797,157400
22.558594786944067,23.090278839161602,22.17882046393154,23.05230140686035,249200
23.052307914285098,23.28017257241642,22.86242069917567,23.24219512939453,226200
23.166234326012567,23.43207635926189,22.976347159405904,23.280166625976562,261800
23.28016956273702,23.773876258194736,23.16623724840062,23.432079315185547,245400
23.31814006358433,23.69791433172088,23.280162636770676,23.659936904907227,274500
23.470053792583222,23.470053792583222,22.86241485944191,23.280166625976562,220200
23.128254569403015,23.204209428415837,22.748480274338927,23.01432228088379,246800
22.824436813052834,23.090278839161602,22.824436813052834,23.05230140686035,194100
23.052302051064192,23.052302051064192,22.786460017526384,22.938369750976562,78800
22.93837409960279,22.93837409960279,22.140847847795406,22.52062225341797,209600
22.36870574951172,22.786457469791223,22.3307283203954,22.36870574951172,178600
22.254773462162763,22.90038975714018,22.178818603930125,22.36870574951172,210700
22.254780169482178,22.63455457510474,22.21680272891992,22.52062225341797,122800
22.520621436426616,23.318147659301758,22.520621436426616,23.318147659301758,134500
23.090285924825814,23.20421825669173,22.67253404131745,22.824443817138672,148400
22.482644724291422,23.014328890068587,22.140847760577532,22.86241912841797,229100
22.71050214517803,22.748479573514448,21.761066436767578,21.761066436767578,145300
21.91298451005367,21.91298451005367,21.343322867677923,21.64714241027832,194200
21.647139692728498,22.330733577762032,21.267365312154315,21.457252502441406,273700
21.49522099885228,21.68510811014956,21.229379043036083,21.343311309814453,245000
21.191406038451493,21.53320291003942,21.00151888756931,21.22938346862793,274400
21.077478622568062,22.67253105887051,21.0015237446489,22.026914596557617,360400
21.6471349920665,21.950954430551647,21.45724784301329,21.60915756225586,254000
21.571179738069027,22.36870574951172,21.41927002160375,22.36870574951172,491000
22.17991525715795,22.410156592007343,21.71943258745917,22.256662368774414,289100
22.10315786183499,22.333399089562437,21.450807716607223,22.17990493774414,631800
22.25665815547752,22.410152349653227,21.7961755729504,22.218284606933594,278900
22.218281487623848,22.333402117093403,21.949666685528225,22.103160858154297,288300
21.028708582910998,22.56365081524027,21.028708582910998,22.256662368774414,279600
22.410149427811035,22.640390689055668,21.872919818240224,22.486896514892578,263300
22.985751460198642,22.985751460198642,22.103160001793686,22.563642501831055,186300
22.563641662597654,23.25436538696289,22.410147501627602,23.024124145507812,192800
23.17763634615166,23.331130626589754,22.525285654289778,23.100889205932617,116600
23.100867970337557,23.292735644509797,21.489179507290753,21.83454132080078,312300
21.48918423364171,21.79617257983659,21.220569430721188,21.56593132019043,318300
21.41244101145911,21.949670714255575,21.22057326046037,21.757802963256836,255400
21.565938364226245,22.793892150089658,21.48919125260978,22.256662368774414,212700
22.410155636581344,23.100879611681457,22.333408528236887,22.909011840820312,153000
22.56364197091958,22.640389052453322,21.94966531864966,22.33340072631836,185400
22.256663536739186,22.602025557136862,21.988048631985436,22.371784210205078,140500
22.525271873671095,22.870633793369628,22.103162860706217,22.29503059387207,183400
22.25666097779766,23.06250559940758,22.25666097779766,22.678770065307617,209400
22.333408084617655,22.8706378323576,22.141540317567674,22.678770065307617,406000
22.103169305451328,22.5636519993149,21.949675074163473,22.371784210205078,185100
22.29503486022429,22.755517507939768,22.23747452925986,22.52527618408203,248300
22.525271265130293,22.755512538709137,22.448524173937344,22.602018356323242,236200
23.024126124463393,23.024126124463393,22.448522971351807,22.486896514892578,246300
22.333400886096257,22.448521509220463,21.988039016723633,21.988039016723633,283600
21.834541732386537,22.21827708796451,21.41243284125077,21.872915267944336,404600
21.872922670038253,22.25665815547752,21.33569299042328,22.218284606933594,245600
21.949667086014507,22.333402524581196,21.719425822874495,22.14153480529785,154900
22.141535506431232,22.21828259657484,21.29731751485153,22.02641487121582,425100
22.026419410772373,22.179913622694134,21.796178092889736,21.911298751831055,206000
21.757802963256836,21.872923613856077,21.489188111858603,21.757802963256836,169500
21.719430528488832,21.872924737170734,21.489189215465984,21.68105697631836,269300
21.489187184598986,22.295031704021447,21.489187184598986,22.218284606933594,320200
22.21828985885835,22.21828985885835,21.757807167483048,21.796180725097656,224700
21.642675672258648,21.79616982596261,21.412434441702704,21.489181518554688,317700
20.87520771819903,21.220569610595703,20.568219369401984,21.220569610595703,326900
20.798456302950573,20.798456302950573,19.800744376978773,20.453094482421875,510600
20.453095710099632,20.72171047552308,20.107733868840914,20.56821632385254,274700
20.261237263450695,20.721719928529122,19.378645488717048,19.99262237548828,374900
19.647259603805395,19.915874481201172,19.22515051075489,19.915874481201172,274300
19.80074556549983,20.79845755135835,19.723998489664563,20.56821632385254,276800
20.56821962752432,20.56821962752432,19.76237520181908,20.33797836303711,204100
20.49147148574181,20.56821856995807,19.49375939093041,19.87749481201172,257600
19.64725524421752,19.64725524421752,19.340266881026622,19.49376106262207,196700
19.225145847839716,19.91586965075611,19.110025214020315,19.455387115478516,375700
19.49376936450447,19.49376936450447,18.57280388271686,18.611177444458008,381100
18.649544873513467,18.649544873513467,17.997194538431717,18.572797775268555,780100
18.380928744788932,18.572796476989232,17.958819733948268,18.26580810546875,224200
18.265812312032192,18.53442719897384,18.227438756754815,18.30418586730957,476900
18.150687166055043,18.803037444750466,17.920445891221362,18.419301986694336,471200
18.572799618906167,18.572799618906167,18.1506905366583,18.380931854248047,296700
18.534423970464452,18.534423970464452,17.805326547195662,17.997194290161133,5187800
17.95881943702698,19.647255452473956,17.690204616387685,18.419301986694336,1271000
18.649544384689012,18.649544384689012,17.651832133656267,18.34255599975586,469300
18.34256087045301,18.687922895210495,17.69021037924443,17.882078170776367,646000
17.882073422356132,18.84141212527223,17.882073422356132,18.34255599975586,438400
18.4576671879466,19.417005399378336,18.4576671879466,18.879776000976562,502100
18.649551063537597,19.417022300720216,18.035574073791505,19.18678092956543,473100
19.033275604248047,19.26351684139621,18.7262872880505,19.033275604248047,396700
19.033276416211724,19.186770580858592,18.7646616280797,19.110023498535156,223400
19.60888161015819,20.990329238271098,19.033278431777813,20.760087966918945,426500
20.56821891865545,21.796172286933388,20.184483491068594,21.719425201416016,517700
21.75779628753662,21.75779628753662,21.18219321114676,21.489181518554688,368500
21.48918747252864,21.48918747252864,20.99033133477351,21.14382553100586,395800
21.297320206674684,21.565935056128236,20.875211157533382,21.374067306518555,256800
21.183191545432972,21.260785653658,20.601235733745252,20.756423950195312,283400
20.640025772317482,21.571154754527292,20.601228731392073,21.260778427124023,158200
21.105588030771536,21.415964325341708,20.989196920307723,21.22197914123535,219100
21.066797708876898,21.105594758064516,20.446044921875,20.446044921875,202500
20.52362997080582,21.02799138785776,20.290847778320312,20.290847778320312,185800
20.44604132657591,21.066794004422615,20.44604132657591,20.911605834960938,202400
20.911606504824597,21.765141464205193,20.71762128678355,20.989200592041016,366100
21.105598218513258,22.03672755168296,20.87281588522083,21.765148162841797,176900
21.72634743895206,22.579882516910892,21.571159242959546,22.230709075927734,260900
22.075510719820414,22.890248373803242,21.532352283831862,22.153104782104492,304100
22.191918368026165,22.618686028949742,21.648759526850696,21.842744827270508,181400
21.415973382535487,21.84274096805703,21.338379276077024,21.60995864868164,215900
21.57116159545241,21.92033507451549,21.415973382535487,21.60995864868164,199100
21.493561020167053,22.15311072656207,21.493561020167053,21.959125518798828,129900
22.34709726362862,22.812661789954216,22.34709726362862,22.77386474609375,212000
22.61868221131947,23.47221738910511,22.502291050712337,22.541088104248047,267200
22.618685417368933,23.200641302893004,22.618685417368933,22.929061889648438,167300
22.502283632008886,22.77386291722279,21.493560572642973,21.687545776367188,272700
21.765142152894217,22.735068273789683,21.260780570028576,22.618677139282227,300000
22.50229125327252,22.50229125327252,21.183191421184134,21.88153839111328,217700
21.726343605735085,21.726343605735085,21.221982057744807,21.3383731842041,183500
21.726339875365333,21.959122088315677,21.105587307497753,21.571151733398438,230700
21.72635017557347,21.959132498883186,21.609959013918612,21.88153839111328,154600
21.76514173547427,22.424691485034096,21.454765382740234,22.347097396850586,123300
22.502294848697858,22.657483089033704,21.648759526850696,21.842744827270508,181500
22.967845011100497,22.967845011100497,21.37716655593982,21.571151733398438,202500
21.26078133141713,21.532360654993628,20.83401382293978,21.377172470092773,253300
21.027994097249202,21.57115261636634,20.79521187477043,21.454761505126953,181200
21.299577713012695,21.41596884805648,20.872810217852148,21.299577713012695,203200
21.144385610057064,21.183182647873682,20.7952122697075,21.066791534423828,431100
21.06679467925743,21.299576940906686,20.989200592041016,20.989200592041016,124900
20.98919766365817,21.18318285463468,20.75641543448636,20.872806549072266,258800
20.95040198181828,21.105590144646563,20.678822696868785,21.027996063232422,158300
21.105587005615234,21.260775145362405,20.87280479599448,21.105587005615234,372900
21.066793103939492,21.299575348181918,20.872807900404137,21.027996063232422,259600
21.066794004422615,21.105591046788035,20.79521470786468,20.911605834960938,213500
20.911603587267567,20.98919766365817,20.48483616711925,20.872806549072266,155700
20.717612105149488,20.989191290048453,20.01926562969501,20.174453735351562,431900
20.329650648149514,20.756418123587768,19.98047725915458,20.523635864257812,307400
20.368452072143555,20.523640278407505,20.13566976274763,20.368452072143555,160100
20.058070462421306,20.44604087755518,19.86408525485437,19.98047637939453,236600
19.98048033162358,20.678827217000713,19.708900987310248,20.446044921875,218300
20.95040107151113,21.22198034466035,20.640024759340598,20.814611434936523,351500
20.484833287828753,20.95039768073395,20.019268894923552,20.32964515686035,315300
20.407243188487897,21.260778074698415,19.980475745382634,20.8922061920166,341700
20.989194088000154,20.989194088000154,20.232651972074084,20.581825256347656,323900
20.640024759340598,21.260777383681667,20.368445486191376,20.814611434936523,258500
20.756418102390164,21.49356192284888,20.407244713751822,21.183185577392578,466400
21.02799293574165,21.221978110425614,20.7564136911841,21.105587005615234,282000
20.95040430788134,21.377171803041886,20.911607262866745,21.299577713012695,386900
21.144385067592808,21.415964325341708,20.989196920307723,21.22197914123535,335100
21.18318285463468,21.22197989282998,20.523633205314553,20.872806549072266,249700
20.834007761057688,21.221978110425614,20.523631481563346,21.105587005615234,291900
21.027996063232422,21.221981266767777,20.911604941111207,21.027996063232422,200500
20.872807900404137,21.221981266767777,20.44604045262636,21.027996063232422,257600
20.872807900404137,21.105590144646563,20.717619737575856,21.027996063232422,198300
20.950402877326358,21.221982173884292,20.911605834960938,20.911605834960938,235900
20.98919834560818,21.18318354288737,20.872807227240667,20.950401306152344,321600
20.834010976944526,21.299575468049433,20.834010976944526,21.260778427124023,258700
21.415967881679535,21.415967881679535,19.282130502164364,19.864086151123047,1150800
19.864086151123047,20.09686841070652,19.708897978067398,19.864086151123047,671700
19.786488459660458,19.902879568246696,19.476112170097156,19.67009735107422,340300
19.47610377107072,19.47610377107072,19.126930595892162,19.165727615356445,368300
19.553709374099483,19.553709374099483,18.894159653147714,18.93295669555664,320900
18.896813883212367,19.211106006010077,18.62180827576437,19.093246459960938,366600
18.77894754838637,18.857520550680874,18.15036353003034,18.3467960357666,599100
18.346800495838295,18.425373517233748,18.111081431651936,18.228940963745117,463900
18.543233427611536,19.053958077100837,18.38608738161483,18.739665985107422,399000
18.700379151411067,19.211103792100864,18.18965451072127,18.798595428466797,421200
18.307517342284655,19.289680289832116,18.307517342284655,19.21110725402832,313100
18.975385665893555,19.564683357380932,18.857526127596078,18.975385665893555,419300
18.857527942192263,19.446825690385772,18.621808842914863,19.32896614074707,121000
18.3860890599301,18.778954210783308,18.3860890599301,18.661094665527344,237800
18.73966560281556,18.73966560281556,18.18965445304739,18.228940963745117,218200
18.5039486741815,18.54323518941331,18.071797006631616,18.30751609802246,146800
18.346798372369918,18.700376927726083,18.26822536006855,18.503944396972656,151600
18.26822536006855,18.54323090312334,18.07179282931512,18.503944396972656,227700
18.38608572539952,18.50394524928029,17.836074613955947,18.111080169677734,304800
18.11108352186342,18.582521704645117,17.914650945704384,18.30751609802246,236700
18.46465958715248,18.66109213595197,18.150367509073288,18.425373077392578,190700
18.071792043671092,18.071792043671092,17.678926999243462,17.698570251464844,278300
17.99323169199069,18.189664352383602,17.79679903159778,17.95394515991211,427700
17.914660062599605,17.914660062599605,17.443221639899615,17.71822738647461,1146200
17.914648513448725,18.07179455304038,17.207491335286274,17.36463737487793,250200
17.20749177212573,17.403924326602052,17.08963223943994,17.16820526123047,223300
17.011058168673735,17.24677721950986,16.853912134782984,17.128917694091797,195100
17.12891831549045,17.718215963959157,17.05034529569462,17.36463737487793,225800
17.325355648994446,17.403928690486484,16.971776962280273,16.971776962280273,331400
17.207493755304924,17.403926332420276,16.578909508535794,16.81462860107422,323600
16.539625234074062,16.971776962280273,16.539625234074062,16.971776962280273,422000
16.971774662766503,17.08963420903571,16.696769054805007,16.81462860107422,188900
16.814624372310504,17.089629911109977,16.500332327968252,17.011056900024414,172600
16.736056231330423,16.81462926528033,16.500337129480698,16.69676971435547,399100
16.85391344537078,16.893199956898453,16.500334841621743,16.539621353149414,260800
16.736057957858904,16.736057957858904,16.4217657896362,16.61819839477539,168900
16.500329743161725,16.61818924132717,16.343183745607806,16.421756744384766,196300
16.18603984287807,16.73605090550014,16.146753338405066,16.50033187866211,758500
16.500329512816208,16.696762007016403,16.343183517456055,16.343183517456055,245700
16.382476609011732,16.539622667611365,16.2253305504121,16.303903579711914,192600
16.343190486789602,16.539623064755826,16.225330940009872,16.461050033569336,712900
16.539621597326896,16.539621597326896,16.146756476250246,16.264616012573242,152900
16.303900183700932,16.343186690167684,16.06818114490044,16.107467651367188,186300
16.264611524694104,16.264611524694104,15.950319514555089,16.028892517089844,363200
16.3431888321071,16.3431888321071,16.14675627402889,16.18604278564453,350800
16.028897977162558,16.382476609011732,16.028897977162558,16.303903579711914,216800
16.343190094361823,16.343190094361823,16.068184491812467,16.303903579711914,267600
16.343183517456055,16.42175651513613,16.146751023255863,16.343183517456055,328500
16.382472365243096,16.618191392081126,16.225326347351075,16.50033187866211,408200
16.50033508521923,16.539621597326896,16.18604298835791,16.264616012573242,317300
16.42175651513613,16.500329512816208,16.22532402093594,16.343183517456055,205200
16.343183517456055,16.500329512816208,16.1860375220959,16.343183517456055,271100
16.343183517456055,16.343183517456055,16.107464524415825,16.343183517456055,309000
16.264610519775978,16.382470016296093,16.028891526735745,16.343183517456055,273400
16.3431888321071,16.53962139018531,16.18604278564453,16.18604278564453,642000
16.18603852215935,16.18603852215935,15.871746512020335,16.028892517089844,168900
16.14675627402889,16.303902320491456,16.068183250797606,16.18604278564453,237200
16.107465519624597,16.264611524694104,15.950319514555089,16.028892517089844,252400
16.10747428167434,16.10747428167434,15.636036010015578,15.675322532653809,334600
15.714609055292039,15.87175514584496,15.557462964739118,15.675322532653809,293400
15.71460448001091,15.832464013610991,15.636031457610855,15.753890991210938,318000
15.911037871805197,15.98961089833263,15.675318792222898,15.89139461517334,297400
15.753896633294008,16.107475360724546,15.753896633294008,15.930685997009277,241900
15.950321020903411,16.068180535836195,14.653866356642789,14.850298881530762,664700
14.49672033673241,15.164590921351518,14.378860821799627,14.850298881530762,708900
14.850302597572064,14.96816214199724,14.457437449488147,14.811016082763672,336200
14.88959055305809,14.88959055305809,14.49672536696157,14.614584922790527,193800
14.614582164038282,14.771728208812887,14.300290074489071,14.653868675231934,309400
14.536011885571222,14.928877071667742,14.457438848351918,14.614584922790527,439800
14.577840278888571,15.057111740112305,14.577840278888571,15.057111740112305,340100
15.21686889385355,15.496443912900727,12.86045087617019,15.057111740112305,1371300
12.620814251643354,12.78057139406922,11.143060684204102,11.143060684204102,2975900
11.302817703138853,11.742149840009974,11.103121277288343,11.26287841796875,1502800
11.262870316586254,11.901898419654977,11.143052547260867,11.78208065032959,913200
11.901911108461144,11.981789706504507,11.462578819222646,11.662275314331055,972100
11.782088629849307,11.822027913340323,11.382695794939162,11.422635078430176,462100
11.422631528642443,11.62232788403829,11.262874444325766,11.502510070800781,827200
11.62232986334208,12.30129758731739,11.542451307580277,11.822026252746582,520000
11.82203035025761,12.021726808876826,11.502516016466863,11.58239459991455,587000
11.582396716287692,11.742153912374418,11.462578819222646,11.662275314331055,299300
11.78208065032959,11.941837676096771,11.502505855237024,11.78208065032959,226800
11.901904808508384,11.901904808508384,11.702208419103881,11.822026252746582,526800
11.822028880216637,12.3013003213065,11.622332446429194,11.74215030670166,408800
11.702207043921659,11.702207043921659,11.222935765672307,11.542449951171875,466300
11.542453782838434,11.542453782838434,11.103121631934549,11.222939491271973,360600
11.222942232645746,11.222942232645746,10.823549270629883,10.823549270629883,821900
10.823544560945951,10.823544560945951,9.865001869201661,10.384212493896484,891500
10.384214157448676,10.863485580100154,10.304335587006763,10.623849868774414,576900
10.5439696091872,10.623848166832557,10.22445537860577,10.384212493896484,413100
10.22446017795139,10.264399475521511,9.984824392530653,10.064702987670898,523100
10.22446017795139,10.304338773091635,9.984824392530653,10.064702987670898,634400
10.06470048760038,10.184518350548004,9.904943337003548,10.024761199951172,883400
10.024758634488446,10.104637189344928,9.385730195636592,9.665305137634277,837700
9.785122969919,9.82506224734724,9.425669473064833,9.665305137634277,526900
9.545489748160678,10.104639775249588,9.50555046051147,10.024761199951172,465000
10.024762803536875,10.983305860448766,9.944884215460883,10.783609390258789,696500
10.863487756074365,10.98330563573695,10.543973410307473,10.703730583190918,1132500
10.743669284863419,10.86348715792881,10.424154956689042,10.663790702819824,406500
10.743668088373148,10.863485948094782,10.224457362912736,10.583910942077637,362300
10.583906862672292,10.823542489751665,10.464089049132605,10.5040283203125,255600
10.663791508144802,11.023245154486762,10.583912920068812,10.783609390258789,507500
10.783609390258789,10.943366566410772,10.703730802182799,10.783609390258789,230800
10.82354969371449,11.143064075816762,10.623853204900568,10.983306884765625,270100
11.302817826629967,11.302817826629967,10.783607113745905,11.143060684204102,557600
10.983297513146283,11.422629413672134,10.983297513146283,11.302811622619629,749100
11.222943914061224,11.502519029358123,11.222943914061224,11.462579727172852,535400
11.462579727172852,11.502519029358123,11.302822518431768,11.462579727172852,365600
11.462575652086693,11.822029243963977,11.42263636410033,11.702211380004883,509800
11.78208065032959,11.981776932538567,11.54244511167882,11.78208065032959,397000
11.941844236811134,12.181479907115037,11.861965680043166,12.021722793579102,387100
11.941837676096771,12.101594701863952,11.582384368120614,11.78208065032959,563000
11.622333346613194,12.061665534973145,11.622333346613194,12.061665534973145,438300
12.101601197912887,12.101601197912887,11.822026252746582,11.822026252746582,258900
11.981789588928223,12.021728887557982,11.82203239440918,11.981789588928223,125100
11.822029978958602,11.861969269428055,11.582394236141873,11.622333526611328,273100
11.742153225136441,11.941849708557129,11.622335335084028,11.941849708557129,253400
11.861969085718622,12.101604824824049,11.782090506016813,12.061665534973145,164100
12.141546191977817,12.301303378714367,11.702213928452304,11.941849708557129,208400
12.101603831884997,12.740632417067042,11.981785972163363,12.700693130493164,431200
12.540935984197652,13.100085996231943,12.540935984197652,12.700693130493164,456100
12.740631344162416,12.900388477004578,12.700692060951875,12.820509910583496,515700
12.860453109009958,12.940331699749152,12.341242269205209,12.500999450683594,509700
12.62080921209197,12.780566290726044,12.461052133457894,12.660748481750488,271500
12.740626872508518,12.980262487665417,12.500991257351618,12.900383949279785,256300
13.259842025899442,13.259842025899442,12.700692060951875,12.820509910583496,286400
12.980270995118747,13.100088881227535,12.421120859944402,12.500999450683594,431500
12.540937423706055,12.660755297180954,12.381180259072856,12.540937423706055,410400
12.62081277029855,12.700691332135882,12.141541399274555,12.580873489379883,430200
12.261362559219886,12.261362559219886,11.58239459991455,11.58239459991455,1032200
11.981785531137502,12.301299811967837,11.861967675826127,12.221421241760254,397100
12.38117838217542,12.540935522590587,11.901906960929919,12.221421241760254,330400
12.358291670780053,12.519311757695755,11.754466344846175,11.995996475219727,547600
11.99599284570194,12.479052960293965,11.915482826603268,12.438797950744629,380000
12.358278612547283,12.801083383680899,12.157003716577458,12.720573425292969,428900
12.640074945845695,12.8413500246012,12.640074945845695,12.801095008850098,270400
12.760838740339905,12.962113799335802,12.720583728540724,12.921858787536621,511700
12.921859864728996,13.364665031433105,12.720584788954401,13.364665031433105,534400
13.284154129028321,13.404919166564941,12.962114028930664,13.082879066467285,505600
13.042618751525879,13.082873747672563,12.88159876693914,13.042618751525879,550500
13.123132705688477,13.726957830183345,13.082877697388819,13.123132705688477,497300
13.243899985968348,13.646450137517538,13.082879925348673,13.364665031433105,445500
13.28415199981599,13.686702060416474,13.203641987695892,13.565937042236328,241800
13.525681074275527,13.968486109445262,13.525681074275527,13.847721099853516,425600
13.887975968812642,13.928230971620794,13.726955957580032,13.767210960388184,601000
13.686705275110183,13.887980352685332,13.646450259595154,13.807470321655273,379100
13.928231106248013,13.928231106248013,13.646446083867273,13.847721099853516,345200
13.928230422666704,14.129505428774603,13.646445414115643,14.008740425109863,208900
13.887978086390508,14.290528175851103,13.887978086390508,14.210018157958984,245600
14.371041517366063,14.491806572133845,14.129511407830499,14.169766426086426,316800
14.330783184797163,14.371038193743221,14.089253131120806,14.210018157958984,326700
14.250273166905043,14.290528175851103,14.008743113228686,14.210018157958984,527100
14.089256389574572,14.371041517366063,14.008746353062717,14.169766426086426,420700
14.169766426086428,14.210021444342354,14.089256389574572,14.169766426086426,514700
14.089252887277686,14.12950789552705,13.928232854280227,14.04899787902832,379600
14.048996115839758,14.048996115839758,13.847721099853516,13.847721099853516,209300
13.686701774597168,13.847721795474783,13.606191764158362,13.686701774597168,257000
13.39686497074329,13.84772151134393,13.203641441048864,13.712465286254883,392300
13.686704233739034,13.899250650347092,13.615855018707853,13.886368751525879,253800
13.72535206785642,14.234176139713908,13.718911116866172,14.214853286743164,627500
14.227733173323248,14.427397711794708,14.169765851108048,14.337226867675781,335700
14.485364816936148,14.485364816936148,14.137562117342638,14.176206588745117,307800
14.10535815117981,14.285701075221203,14.098917200840582,14.169766426086426,452900
14.169756863237694,14.420947614516306,14.163315917245315,14.31789493560791,196300
14.169764131123493,14.459600707017932,14.169764131123493,14.343666076660156,164700
14.427392796209928,14.459597535626731,14.253490888814781,14.39518928527832,292700
14.427390466545003,14.459595200761541,13.982974962236748,14.079587936401367,217600
13.879924752828053,14.169761270203578,13.879924752828053,14.0924711227417,625300
14.105357264453499,14.401634819004327,14.040948993595876,14.298582077026367,444900
14.298580792093299,14.440277992458068,13.912132430161092,13.918573379516602,344200
13.944335445895774,13.976540191512653,13.654500106256467,13.899250030517578,450000
14.169762196703012,14.201965710301398,13.957215812891878,13.97653865814209,608700
14.427393679829361,14.659262903890609,14.362985425536207,14.517565727233887,555800
14.491801916458304,14.51112476126828,14.195525666950308,14.24061107635498,377400
14.20196468916251,14.427392953598545,13.879924662392519,13.912129402160645,381600
13.815526615063549,13.97654673305503,13.525689911284477,13.673828125,313000
13.834834023202193,13.899242249895597,13.641610571606726,13.770425796508789,327800
13.776873596983803,14.008742837057307,13.738229133133338,13.751111030578613,339100
13.815514449203908,13.995856036315597,12.72057811966183,13.016854286193848,836900
13.042630174476859,13.441960626525574,13.01042664074912,13.351788520812988,538400
13.35822441408899,13.493481907188704,13.190763399457996,13.377547264099121,505000
13.216523841856823,13.590090247750151,13.171438431772588,13.570767402648926,365300
13.525678865070729,13.660935064048633,13.461270624778152,13.62229061126709,382900
13.686698806325102,13.815515286484516,13.66093501889922,13.74466609954834,328100
13.718911116866172,14.279261568159855,13.718911116866172,14.214853286743164,516000
14.105353242908652,14.279255156097783,14.053826886610233,14.137557983398438,331600
14.20197146202395,14.221294315099813,13.783319473266602,13.783319473266602,244700
13.7833167033034,13.84772497212668,13.441954966965447,13.545007705688477,318200
13.042624910193753,13.42907330137809,13.042624910193753,13.364665031433105,326400
13.364662710198154,13.5578862579876,12.797872735793186,13.1972017288208,1799900
13.04262441131275,13.36466452023405,12.797874469066189,13.229408264160156,2465400
13.33245555087817,14.047383465074896,13.33245555087817,13.841278076171875,629600
13.680257769872512,14.23416691105127,13.532119678598889,14.040942192077637,551000
14.040944623806228,14.040944623806228,13.815517588689799,13.847721099853516,486800
13.782860285709559,14.081218079255015,13.426127926102389,13.607736587524414,1023600
13.490986660578828,13.828261636372337,13.465043097811101,13.821775436401367,473200
13.821774743346909,14.02932818354614,13.769886383297102,13.815288543701172,453100
13.821774743346909,13.912580301271138,13.620707502793415,13.815288543701172,387300
13.81529721660991,13.81529721660991,13.465050875676567,13.490994453430176,1162400
13.490989556620118,14.035818099975586,13.458559786919889,14.035818099975586,607300
13.873674112649537,14.431475353657117,13.6272045161096,14.308239936828613,377100
14.301744333959352,14.567672370128847,14.087704664917657,14.16553783416748,511000
13.977443758962737,14.204455862016339,13.782862663269043,13.782862663269043,365000
13.945021128252945,14.424989148864347,13.912591341406161,14.308239936828613,363000
14.308223491333482,14.632525935524912,14.308223491333482,14.613068580627441,534700
14.593618540729382,14.74279745557113,13.951499473391253,14.450925827026367,620700
14.301747150655396,14.74279897666394,14.301747150655396,14.522273063659668,387800
14.593621397058763,15.073589241219146,14.593621397058763,15.021700859069824,602500
15.021701942644437,15.021701942644437,14.593622449754314,14.664969444274902,353900
14.749285953751707,14.853062713900805,14.528760029155736,14.65848159790039,408100
14.334178744141932,14.788201755161731,14.334178744141932,14.554704666137695,731500
14.716857852097974,14.84657819846352,14.502818105333954,14.587136268615723,656200
14.658478625747623,15.086557983844427,14.528757083305306,15.041155815124512,358700
15.041162876616248,15.041162876616248,14.613083317545602,14.924413681030273,501200
14.75577558102765,14.917926961038944,14.548222012551893,14.56119441986084,437300
14.593617811048286,14.651992381261785,14.191482020368225,14.20445442199707,349500
14.269315164919584,14.269315164919584,13.867179375031585,14.042303085327148,561200
13.977440957096672,14.184995651245119,13.957983593697515,14.184995651245117,267000
14.269316797938618,14.820631558009538,14.10067926914537,14.729825973510742,332700
15.307084681521546,15.307084681521546,14.794685922326972,15.261682510375977,1006400
15.08007236119814,16.234590174428103,15.067099959033268,16.03352165222168,1057600
16.085415240492363,16.085415240492363,15.942722481750584,15.962181091308594,604700
15.955686969092296,16.150268019632044,15.92325596925824,16.085407257080078,733000
15.988117710178498,15.988117710178498,15.66381511468962,15.890827178955078,1010900
15.858396135157447,16.208642266735097,15.663813851288864,16.20215606689453,220300
16.195669346050565,16.403224022923386,16.182698183902833,16.21512794494629,333900
16.150268249732925,16.377280303341085,15.858396669764863,16.344850540161133,576000
16.377279014888735,16.578346252441406,16.3707928153398,16.578346252441406,344500
17.188039814984357,17.544772221958233,17.09074927100206,17.51234245300293,1140000
17.4474911639231,17.609642571091747,17.077786153517312,17.168590545654297,356700
17.155607706343616,17.512340064666258,16.863734877086028,16.980484008789062,346000
16.99345670409185,16.99345670409185,16.734013634868397,16.779417037963867,527200
16.7340252036844,17.609643074868174,16.708081621096092,17.577213287353516,520400
17.739356316325377,17.99879820519315,17.60963475333324,17.979339599609375,543600
17.979340108323825,18.076631901878997,17.765300389312227,17.797731399536133,229200
17.797719708798827,18.290659606357266,17.791233511014617,18.21931266784668,357300
18.19338035113518,18.19338035113518,17.77178710301881,17.862592697143555,291200
17.771791120040916,17.83665191990029,17.59666733155567,17.726388931274414,311500
17.706930065903066,17.765304661226534,17.12318534978523,17.3566837310791,592600
17.577206370951274,17.577206370951274,17.213987697817146,17.259389877319336,435500
17.343711354462275,17.39559974627279,17.181559975414817,17.278850555419922,520500
17.25290732876017,17.44748849272549,17.23993492126465,17.23993492126465,225500
17.155604227000868,17.259380936997367,16.973994365949018,17.025882720947266,714800
17.12317616674816,17.12317616674816,16.844275746912082,16.91562271118164,451400
16.915621496872845,16.99345465568103,16.798872377218615,16.922107696533203,372100
17.025887423745584,17.317760274427748,16.798875344005715,17.2139835357666,269500
17.67449907646066,17.67449907646066,17.15561519475072,17.201017379760742,689900
17.415051891293977,17.512342435177242,17.20749840111198,17.350191116333008,176600
17.447477667767988,17.479908666385587,17.265869023973835,17.40856170654297,164100
17.18804359436035,17.285334159735285,17.11669660243096,17.18804359436035,177200
17.025887609153543,17.20749752234639,17.025887609153543,17.162094116210938,293300
17.1685863639559,17.31776656242467,17.14912899158975,17.201017379760742,133000
17.20101640994124,17.20101640994124,16.61727176665078,16.746992111206055,242300
16.993461100350487,16.993461100350487,16.701588190523836,16.766448974609375,457800
16.766445486210625,16.850763621997146,16.539433407701267,16.571863174438477,300600
16.539438777533253,16.571868554799384,16.3967460255989,16.442148208618164,394000
16.558888849642283,16.675636729883923,16.47456949283236,16.494028091430664,221300
16.53943183308776,16.636722361153275,16.344850776956733,16.53294563293457,520900
16.539472662597046,16.565569802334622,16.311116778805875,16.40898323059082,244300
16.408983910913744,16.415508507228513,15.913125790946838,15.95227336883545,403700
15.952268903012996,16.21977105483403,15.887024202570002,16.0697078704834,398000
16.148008024160973,16.311119216324215,16.148008024160973,16.28502082824707,176500
16.24587435438356,16.51337660773366,16.24587435438356,16.311119079589844,283600
16.441605321083387,16.86569408549511,16.369836012919773,16.395933151245117,592500
16.637342021695336,16.97661360864641,16.604720280212977,16.904844284057617,360100
16.898314064695402,16.996180501021353,16.65038567637371,16.943984985351562,264700
16.93746632428603,16.95051551888501,16.656916107046214,16.663440704345703,236000
16.506844740750857,16.79392065855948,16.291538113504163,16.317636489868164,347300
16.441602509524994,16.800446500101,16.382882402785043,16.683006286621094,280800
16.637337079081146,16.78739903642311,16.585141561551794,16.60471534729004,185400
16.572093155012436,17.002706506109813,16.572093155012436,16.833070755004883,209000
17.289782414069542,17.36807631595072,16.806973545047114,16.963560104370117,427600
16.943991011742067,17.002711143310204,16.833075345939992,16.976613998413086,322000
17.0288099761752,17.12667644985787,16.90484511247596,16.983139038085938,332400
16.983130494691956,17.2897789564882,16.983130494691956,17.03532600402832,187300
17.035326963407012,17.7725887298584,17.035326963407012,17.7725887298584,461500
17.909613211317264,18.4968133792667,17.876990219273466,18.268457412719727,480100
18.268457412719727,18.372848498380076,18.085772390594162,18.268457412719727,272700
18.36631899025636,18.398941973579326,17.942230162574333,18.34674644470215,414000
18.268458444742198,18.6273026664165,18.085773412296387,18.359800338745117,665500
18.359789270082725,18.398936839145712,18.216251916836118,18.26192283630371,396400
18.10534232026294,18.496809430129527,17.589910355976684,18.229307174682617,602700
18.268455481976172,18.398944947480484,18.098819674596477,18.164064407348633,247900
18.13795896815866,18.666439978090445,17.94222609040271,18.61424446105957,201400
18.659915761132773,19.234066460110085,18.659915761132773,19.00571060180664,490100
19.00571060180664,19.142724614564433,18.816502315399312,19.00571060180664,521900
19.005710683050697,19.566813438233844,18.999187332146104,19.514617919921875,524000
19.5146191251934,19.52766831668717,18.79040517500118,19.15577507019043,384700
19.31236889729912,19.31236889729912,19.188404020369536,19.25364875793457,285900
19.25363710504645,19.57333475674052,19.25363710504645,19.560285568237305,438200
19.560293669912234,19.63858758892095,19.221022094940505,19.22754669189453,444400
19.22754905396774,19.234073651723303,18.875229486245694,18.960046768188477,259500
18.953517421296226,19.04486052254674,18.562051609569206,18.842601776123047,442500
18.888272502052395,19.051383659256857,18.770832269754884,19.018760681152344,425000
18.986141294049553,19.090532348007304,18.91437197778877,19.025287628173828,424100
19.084005908009182,19.312361783146745,18.953516480947886,19.299312591552734,312600
19.377610384943925,20.499814953980298,19.253645528805134,20.395423889160156,1151600
20.160535757775495,20.584624454011642,20.09529105579166,20.291025161743164,488700
20.291025161743164,20.32364689051549,20.03004759824701,20.291025161743164,318100
20.37584779396443,20.37584779396443,20.219261214439303,20.323652267456055,267600
20.330173996385646,20.617249973911264,20.101818133454795,20.441089630126953,307800
20.441089605554026,20.61724994912657,20.264929261981486,20.271453857421875,265200
20.271461385126585,20.297559776579654,20.069203829124493,20.1279239654541,515600
20.134443234362237,20.238834283665884,19.997429204376537,20.030052185058594,343000
20.036575175112425,20.036575175112425,19.76907296054509,19.893037796020508,247900
19.899565200175136,19.899565200175136,19.52114728876906,19.736454010009766,265900
19.834321502849342,19.893041633906368,19.619014770453465,19.723405838012695,339800
19.638583786615392,19.76907196711274,19.573339074147025,19.671205520629883,278500
19.677730116320657,19.899561392049474,19.671205520629883,19.671205520629883,326800
19.50809704451412,19.664683629309014,18.920897040423373,19.645111083984375,707800
19.384126264785202,19.573335774603844,19.36455372545167,19.547237396240234,282500
19.37760742955917,19.37760742955917,19.18839787565526,19.24711799621582,379400
19.084004501159566,19.260164841374166,18.920893351577007,19.00571060180664,263300
17.681249859437553,18.67296600341797,17.64210352977604,18.67296600341797,335500
18.3989392641628,18.3989392641628,17.890031999222,18.372840881347656,513900
18.372846459721217,18.425041996759752,17.35503286524989,17.74650001525879,669300
17.74649673508755,17.74649673508755,17.452896115738564,17.62253189086914,403600
16.963557982425787,17.159290845985787,16.441602849972977,16.6503849029541,632900
16.735704973447127,17.09667065843012,16.68976402282715,16.68976402282715,645200
17.949879216782705,17.949879216782705,17.063870315429632,17.857995986938477,732300
17.9498746609554,18.31084055606181,17.58890751405124,17.785799026489258,524600
17.62829104182307,17.903938227759625,17.437962656672514,17.857995986938477,502800
17.917054901592767,18.245206099437304,17.917054901592767,18.17301368713379,560100
18.081123977921344,18.166443959589138,17.85141922373196,18.0679988861084,416100
18.048310483847835,18.369898411344384,17.982680013547153,18.330520629882812,382000
17.35919146033324,17.55608159431708,16.18441007241173,16.81446075439453,3018600
16.821025639489612,16.821025639489612,15.816884026627744,16.69632911682129,1661500
16.702894397046556,17.615154213206008,16.656952183542977,17.58890151977539,695100
17.424823479126896,17.52326981378408,17.149176496040504,17.267311096191406,299800
17.234498123729303,17.693908971335617,17.221371777621254,17.4838924407959,442000
17.392009220748665,17.982680981659943,17.359194609730274,17.818605422973633,323400
17.752979528990927,18.173013918808948,17.752979528990927,17.917055130004883,455800
17.88423703444141,17.88423703444141,17.39201032707146,17.733287811279297,327200
17.818607580103997,17.825170753461652,17.392011326235053,17.58890151977539,325400
17.7529689499734,17.818599401629207,17.451070624872127,17.674213409423828,311300
17.72016581179613,17.88424142116461,17.556090202427647,17.667661666870117,434200
17.66765433287719,17.890797169133652,17.588897522282014,17.825166702270508,223600
17.83173449356278,18.343650765554067,17.785793530396386,18.317398071289062,606200
18.212391192499787,18.442097277719636,18.179576573953003,18.396156311035156,575800
18.606170122642382,18.67180060182823,17.982682448072723,18.29114532470703,457500
18.297706606681654,18.297706606681654,17.63484242027731,17.930177688598633,327100
17.85142349179036,18.37646484375,17.818607624919554,18.37646484375,684700
18.376465621904117,18.507726591350956,18.14675955127084,18.468347549438477,436100
18.44209428372669,18.698051771870897,18.304270154250936,18.50772476196289,412100
18.50772334041049,18.50772334041049,18.048311279841126,18.428966522216797,396600
18.44209963573299,18.96714111039824,18.245208143885307,18.711183547973633,553800
18.71773779295974,19.03276252746582,18.54053591037619,19.03276252746582,297000
18.901504029333047,19.098395452599398,18.770244332285994,18.980260848999023,420700
19.52499338323317,19.52499338323317,19.032766659286114,19.21653175354004,788200
19.032763925833223,19.459360108294202,18.97369662729894,19.452796936035156,331100
19.557806252875242,19.557806252875242,19.275597341161873,19.33466339111328,499900
19.459363100340216,19.492178966681163,18.967136371401775,19.341228485107422,455600
19.229658977420097,19.37404630024931,19.118087524232717,19.360919952392578,351000
19.367472169767616,19.367472169767616,19.032757999559752,19.295278549194336,306200
19.36091502800276,19.62343565937897,19.29528455720943,19.452796936035156,283400
19.485615619815228,20.1156652263806,19.485615619815228,19.984405517578125,525900
19.925335217235553,20.338805052956555,19.85314157457113,20.082847595214844,575600
20.31255995376318,20.31255995376318,19.91877826004903,20.023786544799805,349600
19.885954635748682,20.260047912597656,19.885954635748682,20.260047912597656,425800
20.246922047080577,20.27973665462225,20.11566111331981,20.181291580200195,281500
20.082854085715603,20.20755189467373,19.945029928067672,20.17473602294922,417400
20.14191737016738,20.424127551505958,20.115664678044137,20.411001205444336,117500
20.338800121302526,20.338800121302526,20.148473180151022,20.187850952148438,336100
20.148479155238576,20.174730593756188,19.82032803708679,19.977840423583984,259800
19.951592879609585,20.168172623382745,19.754702658651258,20.023786544799805,158100
20.023781379837686,20.023781379837686,19.754697563096997,19.977840423583984,138300
19.8203245110273,20.214104781317726,19.8203245110273,20.115659713745117,295300
19.754695369941444,19.91877091080176,19.577493485381016,19.813762664794922,300600
19.820328577242012,19.925336837768555,19.695630798442785,19.925336837768555,165700
19.92533375477095,20.798215567712266,19.92533375477095,20.640703201293945,450300
20.57507262886142,20.57507262886142,20.023778723360667,20.25348472595215,270000
20.260051636702272,20.260051636702272,19.682504937781918,19.846580505371094,251400
19.75469964014752,19.885959350130854,19.570934544014094,19.72188377380371,315200
19.656259501578184,19.86627609195083,19.426553386433994,19.63656997680664,310100
19.68906889585243,19.787513989972233,19.50530380217745,19.56437110900879,201300
19.49218039720019,19.68250742875644,19.360919425797857,19.426549911499023,253000
19.426547485750795,19.656253531123316,19.360917008244755,19.492177963256836,186400
19.328103405161706,19.813766961203676,19.30185071206886,19.72844696044922,320900
19.623435483352978,20.181292602396532,19.623435483352978,20.050031661987305,224900
20.056595741992233,20.34536907288477,19.85314240176659,20.194419860839844,223600
20.095489714983323,20.168037013433473,19.924015082783438,19.98337173461914,212800
20.082299700349008,20.082299700349008,19.647018439074085,19.778921127319336,387000
19.68659408290905,19.917425417944315,19.68659408290905,19.86466407775879,69300
19.798711542024,20.088898276076662,19.785520892859005,19.910829544067383,162600
20.049322572798108,20.049322572798108,19.699779262842434,19.752540588378906,170900
19.653615768440783,19.792115060719766,19.58766504232928,19.693187713623047,201400
19.7525426054385,19.785517965542663,19.534901958134704,19.594257354736328,214600
19.68660077208887,19.68660077208887,19.04027382072263,19.488744735717773,425800
19.38981000971432,19.50192801052201,19.053456007291242,19.24471664428711,441100
19.25131582948947,19.455765898576203,19.25131582948947,19.42279052734375,298200
19.455766984006384,19.55469436115265,19.02708084441933,19.152389526367188,269400
19.08642927048238,19.112809305949,18.862193308334245,19.020477294921875,295900
19.027075388368953,19.2447160588538,18.961123403206685,19.040266036987305,203200
19.060053690679016,19.060053690679016,18.71051025390625,18.71051025390625,349700
18.730291110656193,19.007288427598077,18.697315748753592,18.783052444458008,351600
18.59838927354893,18.6907212975311,18.07077465296494,18.083965301513672,499000
18.083968923033748,18.72370041060702,18.024612250607085,18.68412971496582,578100
18.684130765495606,18.947937514485893,18.55222676203556,18.664344787597656,346000
18.631364535053713,18.68412587103049,18.275224573763353,18.62476921081543,462500
18.624767879077943,18.86219450296133,18.598387841940557,18.637958526611328,411100
18.763263261506065,19.027069867682414,18.73028664952832,18.928142547607422,320100
19.620644641979016,19.620644641979016,19.145792518624482,19.231529235839844,416300
19.323861549871147,19.323861549871147,19.06005481097187,19.178768157958984,359900
19.191956673142297,19.71297476723297,19.1589800482444,19.541500091552734,305100
19.475543138282017,19.48213846115544,18.86219194827485,18.97430992126465,612200
19.158972562491368,19.224924528588943,18.994093276211995,19.06004524230957,927700
19.158977929016324,20.51098920996973,19.145788538445697,20.181230545043945,654400
20.21420466548154,20.21420466548154,19.752543317728666,19.84487533569336,545300
19.84487976443975,20.576944521474555,19.765737118572606,20.478015899658203,486300
20.46482493919243,20.563752295500507,20.20101697846477,20.412063598632812,356100
20.609913258653076,21.269430482929973,20.563747254222378,21.203479766845703,1030400
21.76408035186035,21.76408035186035,20.926492715203747,21.16391944885254,640900
21.150721435541143,21.368363370941058,20.873724095312514,21.302410125732422,473800
21.17050971855063,21.26943834510421,20.86053696141467,21.2232723236084,264200
21.216669921898664,21.757476412000067,21.183694560709977,21.704713821411133,353600
21.56622551152091,22.126814451877138,21.440915560343452,22.08064842224121,734200
21.994900921020886,22.17297089370021,21.368361499495176,21.757476806640625,716700
21.76407022951703,21.83002095114176,21.434311589675865,21.625572204589844,420800
21.764078369804412,22.04107452326199,21.56622361506904,21.902576446533203,288900
21.830026798943038,21.889383470649193,21.61238734659343,21.863004684448242,216500
21.77725469543928,22.02787189502017,21.467280856901287,21.99489402770996,299100
22.001496940465827,22.212542269536964,21.764070316296102,22.067447662353516,348700
22.100425309605367,22.62144462033785,22.093831243077943,22.443374633789062,353500
22.489536608591152,22.786319866212153,22.199349932172055,22.423585891723633,573600
22.423587882155193,22.423587882155193,22.09382923682938,22.20594596862793,404300
22.1927499852351,22.529102577491937,22.159772119682657,22.40379524230957,257600
22.225725813305367,22.799504961085205,22.225725813305367,22.72036361694336,392400
22.726966998147937,23.02375030517578,22.621444324077924,23.02375030517578,288100
23.05012868209068,23.412862671004934,22.924818792856872,23.234792709350586,441900
23.149058351829932,23.155654934317333,22.555494236776823,22.75994300842285,250100
22.852275486580027,22.93801092429386,22.588467559829716,22.858869552612305,517100
22.858861598156086,22.858861598156086,22.555484349064027,22.72036361694336,635300
22.753345823868816,22.852274420750867,22.139994561261044,22.35103988647461,686600
22.351038916749616,22.377420210221413,21.994899002456236,22.357635498046875,258100
22.291685195326735,22.291685195326735,22.00149847655846,22.14659309387207,360200
22.14659445297981,22.44337525626678,22.00149982676193,22.192760467529297,439700
22.192752834219117,22.43017689201366,22.192752834219117,22.397201538085938,538400
22.44337404307083,23.287557940326465,22.41699526179641,23.149057388305664,546000
22.91822444362554,23.267767781144197,22.885249084288457,23.096294403076172,425300
23.102891069922045,23.47881574358191,22.951202387204813,23.346914291381836,295700
23.445843248986076,23.70965121737937,23.215013163536376,23.280963897705078,290700
23.28755196522023,23.393074610819877,22.931412092874556,23.1292667388916,462300
23.20874873989154,23.314724657699323,22.917313070921242,23.122642517089844,177000
23.182262616937386,23.182262616937386,22.837840126285812,22.923946380615234,151100
22.619263968086884,23.116026697752048,22.420556854888094,23.102779388427734,235500
23.10940728005953,23.248500271071677,23.016678619384763,23.182266235351562,154700
23.116021631411282,23.314726174394075,23.04978509930679,23.162385940551758,181000
23.169012875859263,23.44720131194405,22.857707430557817,23.3346004486084,363200
23.28161276448022,23.778375461930015,23.169011905858746,23.672399520874023,457200
23.712142487154814,23.712142487154814,23.16239299979871,23.21537971496582,251800
23.215379728832165,23.559802220955522,23.182262715999673,23.394214630126953,402900
23.44720473362207,23.778379927449127,23.40084040861958,23.553180694580078,269900
23.447195896997048,23.84460496915011,23.447195896997048,23.798240661621094,235800
23.645902616043927,23.95720549152579,23.599538304234596,23.83135986328125,481700
23.87110129924488,24.61955518989357,23.87110129924488,24.493709564208984,254200
24.4937117589495,24.805017182658563,24.367866121988616,24.52682876586914,245600
24.50033406621992,24.74540292331593,24.189028675675395,24.718908309936523,243200
24.67255044745384,24.67255044745384,24.228776927373172,24.347997665405273,271200
24.175790786743164,24.37449541116394,23.924096914921442,24.175790786743164,718800
24.043311548620487,24.043311548620487,23.679019447075497,23.725383758544922,476800
23.732011969025336,23.77837628692935,23.11602600068247,23.59291648864746,629400
23.74525202034017,23.91083955891065,23.592911788055172,23.86447525024414,228900
23.84461137194878,23.84461137194878,23.40746026452969,23.493566513061523,373600
23.380971080111244,23.42071301790175,23.21538346265059,23.281620025634766,276800
23.513436109507058,23.57304773873864,23.241872582266712,23.321353912353516,186000
22.8510814043306,22.8510814043306,20.27453958648559,21.294559478759766,2198800
21.301183174772902,21.69859229984994,21.122348310488558,21.41378402709961,844100
21.32768100081182,21.526385593262585,21.09585813406393,21.287939071655273,337400
21.18859204980843,21.51314363871141,21.095863385359955,21.327686309814453,474200
21.3541751575331,21.59261914730767,21.09585767694491,21.513137817382812,423100
21.526386650451514,22.122502983745843,21.480022327491522,21.910551071166992,378100
21.923801774085362,22.016532971707978,21.612498739686043,21.95029640197754,215500
21.990034242506894,22.04964588081287,21.705223362452365,21.738340377807617,339800
21.744965296878455,21.923797685130076,21.572752774365043,21.738340377807617,190700
21.82444274692078,22.19535729541727,21.59261862744461,22.168865203857422,531200
22.162243946441507,22.51329137924899,22.102632308920708,22.36094856262207,350500
22.387434299933293,22.453670830149225,22.023142227074146,22.23509407043457,276900
22.188741310480285,22.341081619262695,22.14899937166751,22.341081619262695,298000
22.453679741728195,22.506666460265414,22.188738569043256,22.36094856262207,307900
22.38744304338895,22.486796614182918,22.16886872497498,22.254972457885742,207800
22.321211748300563,22.619269970528098,22.321211748300563,22.592775344848633,341100
22.619256130206214,22.68549012721089,22.39405700305927,22.63912582397461,299000
22.639131012460055,22.639131012460055,22.453673757011437,22.50666046142578,261200
22.539778890734365,22.685496758739603,22.466919956731743,22.55302619934082,262500
22.586143207524074,22.665627059162805,22.493414573944655,22.55302619934082,232300
22.553033850432264,22.553033850432264,22.261600542219124,22.37419891357422,379700
22.36094546976731,22.58614467740119,22.341075768897415,22.4139347076416,429800
22.453679898195027,22.486796913344847,22.089385151548104,22.34770393371582,258300
22.354321950469476,22.447050585404895,21.824442231791508,22.036394119262695,721400
22.043020531747118,22.35432602867971,21.996656205820933,22.254972457885742,325500
22.321202039723886,22.67224683395732,22.314577122852235,22.559648513793945,311300
22.519909191157563,22.8444619353513,22.48679218297431,22.55302619934082,542600
22.539786240479717,22.738493407704965,22.43381026373733,22.519916534423828,469300
22.685491540299584,23.24848812990372,22.519904010808347,23.122642517089844,312100
23.182260895417464,23.241872524500888,22.71199278079596,22.844463348388672,264500
22.85108685443577,23.049791452184614,22.533158992704415,22.678876876831055,328300
22.652379989624023,22.764978323968577,22.387438868030326,22.652379989624023,244200
22.817960647885272,23.036534859332733,22.56626691127045,22.63912582397461,277400
22.64575380525011,23.314728962856115,22.64575380525011,23.26173973083496,317800
23.235253006495064,23.235253006495064,22.884205579962412,22.93719482421875,335300
22.851091549047762,22.877586174635038,22.40731794046041,22.599397659301758,358300
22.63249989361524,23.2882275518901,22.34769169793162,23.241863250732422,326400
22.983544038722602,23.18224852071006,22.725227959472452,22.791461944580078,262600
22.8510847781435,23.182259919855724,22.692119598388672,22.692119598388672,184700
22.54640680890354,22.579523821494092,21.585998283780945,21.910551071166992,880500
21.658861484408103,21.923800163870833,21.559507900442956,21.804576873779297,928100
21.80457152679113,22.084030787943497,21.63157076092716,21.791263580322266,459300
21.63822897026304,21.911035564703234,21.092615781382644,21.15915298461914,518000
21.165805347924405,21.318844203422277,20.719999266943006,21.272266387939453,463000
21.258958395207273,21.465225219726562,20.992804542511816,21.465225219726562,444700
21.53841557360191,21.924338368872714,21.498494276319416,21.618263244628906,816800
21.69146179365105,21.69146179365105,21.199080316943853,21.505155563354492,299100
21.49849686095188,21.49849686095188,20.82645950928359,20.839767456054688,253000
20.82645913412157,21.15915018271211,20.008039459176594,20.560306549072266,366400
20.493770205248275,21.30553726000611,20.487117500410115,21.225690841674805,155700
21.258962631225586,21.425308187748115,21.06600117648383,21.258962631225586,193800
21.25896329566193,21.72473137612867,21.25896329566193,21.392040252685547,408800
21.425304746072342,21.68480336644558,20.93957483452421,20.98615264892578,357500
20.926272789344463,21.01942590053857,20.300813103473832,20.666772842407227,450100
20.66676457329874,20.972840953366894,20.20099793457304,20.440534591674805,221900
20.420580591002203,20.420580591002203,19.262815685947437,20.09454345703125,349200
20.07458140426582,20.114503981668108,19.189623112300705,19.59550666809082,324800
19.92820269056638,20.141124848059857,19.695318604889323,19.848356246948242,390000
19.96146497284127,20.240925533225678,19.575543367464302,19.6553897857666,367000
19.282774807763587,19.429159696074876,18.650662513445127,18.73716163635254,406200
18.464353113573324,19.462426254847557,18.30466156326332,18.311315536499023,674500
18.311307025273024,19.262803180750765,18.311307025273024,18.743804931640625,539900
18.078433483035614,19.66869645207969,17.965318464163285,19.622119903564453,848800
19.495699144949626,20.16108138565256,19.262816375996323,19.901582717895508,612900
19.928198970319546,20.014698104734833,19.462430885916206,19.755199432373047,315900
19.961461484838846,20.274190591219725,19.801769945253998,20.161075592041016,430900
20.09455295496373,20.201014058453314,19.542285504692853,19.688669204711914,392900
19.82839321051116,20.407276404318118,19.76185599185049,20.354045867919922,351700
17.632623130148406,20.3540356317647,17.333200720292158,19.575538635253906,2170300
19.409195872262977,19.59550331680383,19.01662033245179,19.196273803710938,530300
18.970044635475368,19.296081726140407,18.73050666310281,18.783737182617188,397400
18.95008214657251,19.96146325613792,18.95008214657251,19.56888771057129,744300
19.58884774490776,19.968115307204116,19.548923908475643,19.86165428161621,379200
19.86831168106768,20.15442621260004,19.748542689345694,19.84169578552246,755400
19.848352871540826,20.45385062986063,19.82839094675197,20.167736053466797,288100
20.147768915578936,20.30746045516378,19.99473007966736,20.161075592041016,189800
20.061263577894024,20.626838433937948,19.98141846240266,20.294147491455078,370600
20.29415652953996,21.28557582737769,20.16107958563437,21.15250015258789,704700
21.159152371251345,21.51845935006857,20.966192203050653,21.225690841674805,657900
21.225688415161258,21.458572400462266,20.959535833009657,21.199073791503906,264600
21.199076310695602,21.658189093547414,21.1591524667918,21.52511215209961,318500
21.5118087345182,21.624922495373518,21.09926992400266,21.332155227661133,254500
21.358769109755766,21.545077864881563,21.219039447085294,21.392040252685547,305300
21.525107601175733,21.891069747341913,21.385377984401924,21.811222076416016,255600
21.811219780681856,21.811219780681856,21.385375733489862,21.405336380004883,279100
21.538420100067544,21.678152284615088,21.292229408239603,21.52511215209961,288200
21.791258294684017,21.84449006764769,21.445259385112042,21.684797286987305,293300
21.684808151923335,21.80457716286992,21.292232513427734,21.292232513427734,304300
21.27226074981507,21.518452632795046,21.092608585603053,21.405336380004883,263900
21.358758363540215,21.78460491940631,21.27225927337623,21.458566665649414,295300
21.29222982710646,21.29222982710646,20.766577294074185,20.826461791992188,255300
20.92627528289029,21.425312042236328,20.793198306084907,21.425312042236328,238000
21.325501119083583,21.39204086862719,21.15915555257243,21.292232513427734,316000
21.39203337095762,21.525107746939927,21.119225569908746,21.36541748046875,201000
21.352119199522722,21.565041343343484,21.12588910443414,21.43861961364746,278900
21.292234041323823,21.485195521499023,21.026081369630482,21.3055419921875,656100
21.33215178860765,21.4585734782823,21.199074856289858,21.318843841552734,241700
21.22568926583944,21.232343239299357,20.726652678386557,20.786537170410156,355400
20.75992378180254,20.75992378180254,20.3540402603895,20.686731338500977,402800
20.75992587321493,21.026078508693914,20.61354097186458,20.893001556396484,384300
21.225681343278332,21.225681343278332,20.527030889264335,20.62018394470215,317200
20.60023638320938,20.626852285656916,20.1677381213656,20.57362174987793,317700
20.606891381794274,21.092621472645874,20.520392232777937,20.693391799926758,491900
20.793190822779053,20.97949826943279,20.680075813938508,20.932920455932617,591000
20.593584699026014,20.83312148736457,20.493776329009126,20.693391799926758,237100
20.59309184783234,20.5997780698117,19.87099645252566,19.884368896484375,324100
20.05152137202893,20.726814514067627,20.00471909168496,20.579721450805664,512200
20.65995636581285,21.529146244472074,20.53960689990106,21.50240135192871,505300
21.502399769801013,21.696296400673635,21.194841179782255,21.315189361572266,459300
21.22827263443409,21.361994546962393,20.78030588531096,21.295133590698242,464000
21.529144913785004,22.084087371826172,21.482342629993575,22.084087371826172,520800
22.09077129365581,22.24455056558072,21.596001094413804,21.72972297668457,523200
21.76315426035106,22.465191000904397,21.76315426035106,22.01053810119629,443400
21.963736065459315,22.157632682300925,21.44891098706781,21.6695499420166,506000
21.763155928634333,22.692519190283285,21.763155928634333,22.50531005859375,860000
22.565486178372556,22.899789677311407,22.29804235900816,22.438451766967773,735600
22.438457630269674,22.679154069953093,22.124211442982112,22.37159538269043,496800
22.431761201861725,22.739319766708647,22.197749804811448,22.56548309326172,762700
22.331471696211437,22.56548309326172,22.264609475244974,22.56548309326172,1066900
22.56548394368675,23.193973541259766,22.498624270733487,23.193973541259766,332800
23.969563283107302,24.0029956782111,23.160549312054954,23.247468948364258,831800
23.25415357158191,23.56171476870989,22.873047737642455,23.08700180053711,356000
23.40124477001797,23.608513856172966,23.2340930216607,23.24077796936035,547800
23.24077601492498,23.427987691704164,23.080311778294888,23.267520904541016,419200
23.247464083000725,23.488162994384766,23.120429680007202,23.488162994384766,442600
23.48816086613426,23.521590700678956,22.532052805065195,22.846296310424805,376500
22.73263260210897,23.033506190772833,22.565480891799346,22.959959030151367,286400
23.23409311201759,23.26083800398675,22.244555063958245,22.29804229736328,398300
22.304729437164898,22.465193685334484,21.957053498753147,22.31810188293457,561700
22.431770542724152,22.431770542724152,21.8968853049244,22.017234802246094,498700
22.017226290827452,22.89978722965016,22.017226290827452,22.732635498046875,662100
22.766062933625427,22.933214647602902,22.5721663332837,22.639028549194336,398000
22.632344270500237,22.73263633336066,22.391647910594816,22.4317626953125,327400
22.418385378286832,22.766061223304444,22.298035949221788,22.712574005126953,475800
23.03351071459394,23.03351071459394,22.197751998901367,22.197751998901367,495000
22.030597560648534,22.585539953702238,22.030597560648534,22.49862289428711,430000
22.51199979109285,22.51199979109285,21.997174569515,22.331478118896484,408400
22.311411533865137,22.344841368751084,21.95036574635083,22.117517471313477,313100
22.251233515460832,22.665771568359023,22.1576289714298,22.18437385559082,316700
22.077404689935783,22.48525539099999,21.682926435688994,21.71635627746582,193300
21.75647137275085,22.117519747962287,21.66286680522192,21.723041534423828,316600
21.72972297668457,22.003851687599898,21.562571261479306,21.72972297668457,316500
21.830017292782262,22.39164721621118,21.80327240344445,22.277982711791992,203200
22.23117542903129,22.532048990057,22.15094332960192,22.44512939453125,191100
22.44512603589278,22.44512603589278,22.030590608583317,22.097450256347656,229100
22.104131997829022,22.398317942161626,22.084072068295576,22.124189376831055,278600
22.13088769813389,22.15763258665859,21.850074020223367,22.110830307006836,297700
22.197755310892088,22.505313952027926,21.977113752772745,22.46519660949707,387700
22.465188669270123,22.59891054657596,22.331469342496952,22.45850372314453,230500
22.565475500725707,22.645707588357084,22.271289479055945,22.53873062133789,215100
22.5387388343835,22.5387388343835,22.09077341879471,22.191062927246094,210100
21.796585370849105,22.197751067875625,21.716353251657036,21.997169494628906,458600
21.662872128618737,22.197757324892354,21.662872128618737,22.077407836914062,167400
22.09745070073477,22.13088052528922,21.515763591784463,21.763147354125977,332000
21.796585441398353,22.191063641958046,21.729725766944068,21.95705223083496,242400
21.957045572959824,22.398325921937904,21.910243304926716,22.17099952697754,281600
22.097458884579126,22.25792567261472,21.769842911867176,21.88350486755371,196900
21.796586052120094,22.171006870941074,21.7832161572811,22.150949478149414,199300
22.030607029547355,22.23787362242645,21.930314932614003,21.97043228149414,396400
22.097454953902385,22.358211206360693,21.95036318744514,22.351526260375977,331000
22.264610097096913,22.318099875364055,22.06402852966114,22.191062927246094,276400
22.26461687308278,22.26461687308278,21.870138565173086,21.990488052368164,152800
21.743100563087623,22.184381093588907,21.729728116644146,22.0506591796875,229200
22.16432546738316,22.532058847048493,21.903566566732966,22.46519660949707,295000
22.41170602607601,22.451823362621205,22.197751998901367,22.197751998901367,231500
22.20443599365283,22.438449954325684,22.184378601507444,22.384960174560547,278200
22.38496368055092,22.465195812231705,22.231184365440463,22.378278732299805,310000
22.49917047110954,23.0028832428508,22.49917047110954,22.90213966369629,458200
22.935725215477582,22.935725215477582,22.72752299010329,22.861846923828125,329100
22.7006428138516,22.93571018432019,22.7006428138516,22.8349666595459,60100
22.90212740008442,23.16406005322354,22.841681797362206,23.123762130737305,162200
23.12377158976512,23.20436490569088,22.969300000067694,23.117053985595703,410700
23.28495830758427,23.65434967780638,23.164069614256967,23.56032371520996,426000
23.560325179089993,23.68793148454011,23.311825048770388,23.573755264282227,301000
23.640921873770374,24.077471441245198,23.614056575521378,24.030458450317383,596500
24.03045544459667,24.077468429644114,23.84240350440688,24.043888092041016,433600
24.010301925415522,24.58789281522203,23.976721595964776,24.56102752685547,394500
24.413272277908014,24.514015833536785,24.077463841832166,24.178207397460938,324300
24.17820726542738,24.245367927469776,23.902844451829502,23.976722717285156,403600
23.94314264560262,24.37969207763672,23.94314264560262,24.37969207763672,273800
24.312522718415387,24.393115997314453,24.19163151905972,24.393115997314453,415100
24.433423716104517,24.51401702732325,23.822252435164188,23.88269805908203,374600
23.8423932389459,23.86925852226761,23.45285431682436,23.607328414916992,320400
23.63419804989985,23.674495986670713,23.177498347890804,23.358835220336914,193600
23.50659336604125,23.835686800452585,23.405849798237792,23.674497604370117,292200
23.60733626882572,23.8155358787987,23.264810197555196,23.284957885742188,314600
23.103616913759144,23.372262072933594,23.049886344715524,23.07003402709961,284200
23.070042290355243,23.17078586238921,22.761099093740434,22.828262329101562,331800
22.814822724970984,22.86855073486083,22.620053244839106,22.687213897705078,357000
22.68721695254121,22.714082242110887,22.062613061128886,22.1029109954834,365300
22.002171196709078,22.129780062942295,21.706660647039584,21.760391235351562,526800
21.99545523295647,22.163359471375987,21.914861915879403,22.029035568237305,364800
22.02902867986182,22.02902867986182,21.518601081961602,21.894704818725586,323600
21.894703078563744,21.908135719811217,21.471585127325834,21.532032012939453,319800
21.42458037625533,21.55890299719592,21.189514188349726,21.337270736694336,833900
21.36413550450277,21.612634347598487,21.303689874587803,21.491743087768555,505000
21.424580198387773,21.62606604963741,21.26339228599266,21.56562042236328,254800
21.699942159777052,21.968587372644794,21.444727029839896,21.498455047607422,218100
21.498454256166994,21.8678455735359,21.357415332452483,21.77381706237793,300600
21.827540957810204,21.982012478685313,21.270099193820258,21.3775577545166,242700
21.44472565559387,21.787249112705148,21.27682144755572,21.53875160217285,174600
21.79396527639413,21.914856503158646,21.129063529189274,21.290252685546875,438700
21.26339545867756,21.552190991854168,21.135787861946717,21.323841094970703,428000
21.32382764002851,21.370840598368236,20.981303010830043,21.223085403442383,271500
21.155924312954504,21.491732635382352,21.041749432088753,21.3775577545166,237500
21.37756165041531,21.699938672262203,21.317116038881974,21.478303909301758,285900
21.525322662212687,21.525322662212687,21.122353518383267,21.337270736694336,190200
21.505172096779788,21.505172096779788,21.008175775669017,21.122350692749023,205100
21.02160661020756,21.54546948834053,20.974593636300295,21.511886596679688,325500
21.45815673819771,21.45815673819771,21.02160480425985,21.0417537689209,154900
20.9880268087699,21.155931023240058,20.72609664411885,21.122350692749023,297200
21.223094332129232,21.223094332129232,20.813407612513267,20.840272903442383,168800
20.900708904386615,21.24994855862293,20.8469796282728,21.068613052368164,168100
21.223087032290866,21.270099994238784,20.95444062044053,21.061899185180664,253300
21.088775045989017,21.343990241532797,20.880574119840674,20.994749069213867,230800
20.954444370921532,21.06861927651914,20.088058096503094,20.15522003173828,577300
20.114924434587184,20.32984161376953,19.83956163863387,20.32984161376953,527700
20.269393197286334,20.34998648784404,19.973881476224477,20.21566390991211,592400
20.128361099881865,20.363427306913103,20.020902481983203,20.349994659423828,341500
20.31641832014159,20.37014763966528,19.913447783209904,19.920164108276367,193000
19.947021005222012,20.135072903828043,19.792548155786008,20.054479598999023,398100
20.054479598999023,20.081343606939537,19.738818858897503,20.054479598999023,203300
20.182086724325,20.397005201893894,20.148506392740117,20.309694290161133,441400
20.34998823481222,20.63206733799411,20.148503710114024,20.15522003173828,804600
20.11492480997587,20.72609603005926,20.014181259472544,20.692514419555664,731300
20.78653597422227,20.8872782162203,20.390282045490544,20.511173248291016,670100
20.578335524772655,20.692510416381683,20.417147668561185,20.679079055786133,327000
20.679080788883407,20.739525119147192,20.390285375256436,20.618635177612305,464500
20.88728622171627,21.223094677753483,20.752962326898345,21.202945709228516,320200
21.094972713074956,21.128713357148666,20.52812114019977,20.696826934814453,348200
20.5146188717991,20.919512927826744,20.345913122381145,20.7373104095459,456000
20.737315212695876,20.811546171512326,20.43364556568162,20.561861038208008,264500
20.548370028892663,20.852039742047896,20.33917387886821,20.791305541992188,384000
20.79130052165963,21.08822306277798,20.70357408005259,21.067977905273438,356300
21.067983499201752,21.209697065115076,20.750817003488443,20.980257034301758,373100
21.054482607038985,21.418886435484463,20.798049091537536,21.061229705810547,490800
21.29741610248311,21.513359282732317,21.142207102569348,21.41213607788086,235700
21.331155006173958,21.3581472563188,21.054477684795124,21.101715087890625,314700
21.18944320682937,21.472868935224685,21.142205799950617,21.25017738342285,355200
21.432377240172112,21.82377450322487,21.283916653194392,21.324405670166016,662000
21.4256378644485,21.4256378644485,21.12871527853094,21.229938507080078,404000
21.277177289536223,21.486372134219856,20.993751476332545,21.088226318359375,370900
21.121965753276754,21.331161873076294,21.07472833497464,21.317665100097656,343800
21.358153757384276,21.594342131876292,21.162455701118155,21.331161499023438,324900
21.42563356437533,21.69556383582958,21.42563356437533,21.688814163208008,226700
21.68881411812046,21.864269566474736,21.47961931658893,21.83052635192871,242500
21.864274289782685,21.89801493737181,21.479623956801422,21.520112991333008,365700
21.560605107047845,21.74955480866657,21.526863169527854,21.709064483642578,234400
21.776540420900808,21.891259105282668,21.560597247979686,21.648324966430664,176700
21.53360358522143,22.42436981201172,21.49986294731564,22.42436981201172,427300
22.28265533930951,22.377130145608806,22.100452823912843,22.3433895111084,307600
22.343400458646904,22.674062442708035,22.32990368338468,22.545846939086914,356600
22.505353672447207,22.59308141306463,22.14769818459772,22.282663345336914,401500
21.69556679050358,22.33664676758453,21.594342281361218,22.113956451416016,1080000
22.080211665151698,22.10720263151394,21.65507241043632,21.72930335998535,571500
21.729306673886683,21.736053772944803,21.445880889892578,21.445880889892578,765800
21.560599882377176,21.59434052459766,21.182697996468157,21.459375381469727,439700
21.499868252940303,21.830530189959983,21.317665674191247,21.783292770385742,529000
21.78328901646273,21.79678578747894,21.540353573785637,21.59433937072754,317500
21.594339196546102,21.594339196546102,21.250179261146396,21.344654083251953,607700
21.290669226473092,21.50661370915316,21.2164395574522,21.472871780395508,323400
21.324414635899362,21.439134638154567,21.05448559739394,21.229938507080078,223700
21.256927262488638,21.40538787841797,21.12196213009987,21.40538787841797,572700
21.459374634208775,21.76304555211066,21.405388836262098,21.69556427001953,424900
21.736054647992283,21.790041739615095,21.553853362257723,21.715810775756836,338400
21.72930369130605,21.87101592029005,21.560597921302502,21.857519149780273,397200
21.93175494662327,22.18818849448045,21.8440272060478,22.16794204711914,305700
22.167940614762436,22.248921250482542,21.965494173954493,22.080215454101562,350300
21.931755178260758,21.972245499164696,21.574098399681702,21.580846786499023,236500
21.290666240332474,21.520106175212334,20.83853475537778,21.162450790405273,943900
21.05448751765657,21.364905618468516,20.88578169231356,21.182703018188477,414600
21.223188161758554,21.52685780096677,21.05448237760188,21.37164878845215,222100
21.290670997099017,21.37839873204177,21.08147616989589,21.17595100402832,343400
21.05448237760188,21.459375229879505,21.007243676854703,21.37164878845215,325000
21.42563670968053,21.45937735500401,21.18944833104683,21.317665100097656,383100
21.358147235641933,21.37164400426264,21.088218298841305,21.243427276611328,944100
21.358157231,21.405394656156314,21.115221717749915,21.182703018188477,741800
21.18945253646786,21.22319447561114,20.811551827926742,20.865537643432617,948100
21.148953997468688,21.155702382266274,20.75755668906817,20.95325469970703,543700
20.98700177124102,21.189448216332128,20.865533389337113,21.020742416381836,527100
21.01399315561062,21.020741541782627,20.494380291596546,20.750812530517578,634200
20.78455408234376,21.14895922881494,20.750813437132628,20.926267623901367,736500
20.9195246628814,20.987007257928287,20.649595569817297,20.730573654174805,372900
20.784557310871616,21.00724895037655,20.75756504793454,20.946516036987305,446700
20.9195205078125,21.108471478989348,20.838541152415797,21.088226318359375,395300
21.42563036826717,21.607832888182365,21.10846401988063,21.526853561401367,619500
21.594335531106832,21.655069702757885,21.263672422741482,21.290664672851562,421900
21.45937265491831,22.073461532592773,21.263674638082794,22.073461532592773,566100
22.134199161536714,22.215177220051668,21.891262411745792,22.08696174621582,541200
22.08696363045397,22.25566943506261,21.729308148442456,22.134201049804688,764400
22.066715231313147,22.073462329445153,21.722554018928285,21.857519149780273,545100
21.965499468788583,22.032983348155817,21.783296855867228,22.026233673095703,439500
22.026230790846718,22.066721113168683,21.506617858947035,21.668575286865234,306600
21.804219777160196,21.905948638916016,21.63466779352651,21.905948638916016,411700
21.872038729000067,21.878819618172137,21.275220877038063,21.336257934570312,722700
21.336249684721015,21.46510851984045,21.18704560281386,21.45832633972168,717200
21.46511310626339,21.627881583186614,21.302344629340173,21.424421310424805,433500
21.465109239703168,21.84490228411101,21.465109239703168,21.655006408691406,552000
21.634659345749114,21.648223706114333,21.30234027821287,21.499019622802734,407100
21.512589040502082,21.668576643615232,21.41764107705241,21.5600643157959,430600
21.560058410000238,21.743173398124327,21.512583147710984,21.70248031616211,356100
21.702481394146005,21.94663472377213,21.702481394146005,21.783864974975586,508500
21.78387019527316,21.78387019527316,20.685182535802923,20.868297576904297,2304400
20.68518291377396,20.753003444336205,20.27826102396952,20.312171936035156,2104600
20.33251700053533,20.37321009463549,20.1629663224917,20.2714786529541,1146100
20.3121677054511,20.400333471320682,20.16974449157715,20.16974449157715,930000
20.481712235668724,20.481712235668724,20.14261104828062,20.346071243286133,695700
20.413899338974876,20.447808952909895,20.176528160723183,20.210437774658203,570900
20.31216007064359,20.373198383137048,20.034097221981515,20.122262954711914,546300
20.122271083307712,20.39355186310511,20.068014927348234,20.278257369995117,928800
20.346072246436535,20.47493106619646,20.223995605986968,20.41389274597168,385300
20.48171566169336,20.597010136433628,20.203652745008352,20.38676643371582,567200
20.305385803676323,20.597013122866272,20.251129648494622,20.59023094177246,402700
20.58344982400357,20.590232005447742,20.346078647732917,20.42746353149414,406700
20.447809518014378,20.617360179512954,20.29860540158043,20.318950653076172,598100
20.48171339144068,20.50205863594828,20.21721357072589,20.379981994628906,390900
20.366423858269563,20.549537570994733,20.29182116083824,20.535974502563477,518400
20.43424110534494,20.515625975907167,20.34607534800711,20.400331497192383,792300
20.481718063354492,20.515627674314295,20.39355100514903,20.481718063354492,819500
20.65127078632828,20.65127078632828,20.413899604983463,20.44780921936035,912600
20.45458694125161,20.508843088566525,20.291818499306867,20.38676643371582,445000
20.318945104471986,20.3528560036528,20.095138344152744,20.176523208618164,716600
20.196874705225508,20.264693933095543,19.789952870161017,20.210437774658203,1506000
20.312169468283933,20.725872196671205,20.122272264494306,20.44780921936035,794600
20.427458048906686,20.603789544853644,20.352855366612477,20.52918815612793,320500
20.427459745847116,20.52240768133195,20.251126941683427,20.488496780395508,403000
20.420680361354854,20.576666646311995,20.413898180239052,20.542757034301758,291700
20.685175794386936,20.685175794386936,20.379984158681662,20.66482925415039,649300
20.597009807481307,20.77334131326217,20.515624941024427,20.563098907470703,311800
20.685177326580593,20.72586911649923,20.529191053918602,20.59701156616211,339600
20.65126793325445,20.65126793325445,20.495280365392155,20.515626907348633,337900
20.44780038877335,20.603786617253007,20.346070296006978,20.46136474609375,807500
20.44781276339671,20.46815931169065,20.318953878006617,20.393556594848633,310600
20.393551991913558,20.400334173147428,20.257912247942535,20.366424560546875,420900
20.36642217781344,20.474934477722574,20.325729095171027,20.454587936401367,805400
20.488506665417486,20.549545022983455,20.47494359206778,20.495288848876953,764400
20.474936167132167,20.549537570994733,20.400333469700843,20.535974502563477,453600
20.522409159667447,20.67161325382993,20.366422884829124,20.651268005371094,774100
20.583448344377153,20.75978116854354,20.583448344377153,20.630922317504883,678300
20.719093763578215,21.200618394974384,20.51563345336914,21.193836212158203,1149000
21.2006195458068,21.363388061523438,21.02428666372148,21.363388061523438,576900
21.363382676125305,21.58718949051339,21.356600494650657,21.553279876708984,526000
21.55327805907822,21.770301380120795,21.458328820009214,21.749956130981445,442400
21.702484188472937,22.32642936706543,21.695702006935775,22.32642936706543,1081400
22.129752217667985,22.312867235546594,22.041585152658797,22.07549476623535,723300
22.651970712395645,22.685880329215873,22.17722831549865,22.434946060180664,555000
22.46206895763656,22.46206895763656,22.15009638852131,22.17722511291504,378100
21.980548206863457,22.116189256906573,21.89238113626476,22.102624893188477,500800
22.24503652273299,22.24503652273299,22.014447620660494,22.08905029296875,291100
22.04158717435291,22.163663864135742,21.844907775576353,22.163663864135742,237400
22.095846099673025,22.231484575437367,21.91273105282546,22.143320083618164,310800
22.136533981291645,22.36712298472751,22.05515038806069,22.312868118286133,318000
22.278958559382502,22.278958559382502,22.109407877538988,22.143320083618164,313100
22.27895450843647,22.468852996826172,22.109403857422073,22.468852996826172,340000
22.468854640368424,22.516328619154052,22.32643011687373,22.475635528564453,421000
22.38068853038536,22.536674836958767,22.28574056874397,22.482419967651367,318900
22.43470550162969,22.50285623139629,22.28477909551221,22.448335647583008,292100
22.55737901049504,22.55737901049504,22.05307650144638,22.08715057373047,291800
22.352922022521515,22.639149821547168,22.27795753706994,22.496034622192383,373300
22.489229192212033,22.591454001141496,22.22344780861729,22.414264678955078,307900
22.38700298912701,22.611896514892578,22.32566862752592,22.611896514892578,239000
22.557378311682857,22.64597297662494,22.20981862565622,22.543750762939453,325000
22.625525238716282,22.65959930419922,22.387001580966608,22.65959930419922,659000
22.652790059796626,22.877681016692595,22.45515680092572,22.76864242553711,325900
22.966276171687788,23.38198662168987,22.932202098669695,23.041240692138672,370100
23.102569463393575,23.647762298583984,23.02760496111405,23.647762298583984,449600
23.784063819949264,23.85221195709562,23.511466071994253,23.831768035888672,460700
23.78406043355161,24.254288752153403,23.586427224407675,23.61368751525879,261500
23.74999334833103,23.838588029484477,23.477398128937665,23.579620361328125,402400
23.661405075742064,23.77725747770428,23.565996603611794,23.65458869934082,161200
23.654574700676026,23.886281967163086,23.654574700676026,23.886281967163086,206400
23.886283351578385,23.886283351578385,23.456942856503964,23.647762298583984,296200
23.71591567548238,23.72273204975298,23.511468642010605,23.64095115661621,186200
23.640946039068282,24.220215541476612,23.640946039068282,24.179325103759766,339700
24.363335895427188,24.363335895427188,23.62732338136672,23.763622283935547,248100
23.784067365603725,24.254295821257276,23.668212395561874,24.227035522460938,439400
24.152071727252487,24.28837062564969,23.886290305204827,23.920364379882812,235400
23.85220733557789,23.933985604245414,23.43649702035119,23.572795867919922,472000
23.57280455353616,23.57280455353616,21.398845062836642,21.773666381835938,1921300
21.760037168480984,22.08715297744085,21.398845983686126,21.944040298461914,837100
21.916771168775355,22.134848286897753,21.85543681682316,21.862253189086914,534300
21.978113174022837,22.046261322285257,21.65099738292984,21.903148651123047,442700
21.80773902591261,22.277967462772224,21.76003480476823,22.1621150970459,705800
22.28478118663663,22.28478118663663,21.821366579476653,22.05307388305664,527600
22.080340296706595,22.727755571711004,22.080340296706595,22.557382583618164,389800
22.421085800975586,22.79590584695357,22.421085800975586,22.58464241027832,473200
22.584640517008317,22.584640517008317,22.080337980967556,22.168930053710938,461800
22.06670664655034,22.10078071882864,21.63736605672554,21.74640464782715,594300
21.75321972594478,22.100780722581117,21.678255207108744,22.08715057373047,665500
22.046256309245354,22.20300169404039,21.923587590518146,21.971294403076172,337400
21.807740099188155,21.90314854617247,21.50788330886839,21.569217681884766,264500
21.603288634395724,21.61010240792073,21.466989766733498,21.528324127197266,356000
21.52832017091623,21.80773162841797,21.460170749609006,21.80773162841797,244600
21.705512291806695,21.787290573120117,21.405655560692004,21.787290573120117,326300
21.787295232653527,21.869074831299066,21.56240296118158,21.623737335205078,391800
21.5692162565801,21.773664586405502,21.426103595560583,21.691884994506836,259600
21.69187668661056,21.94402914020249,21.487429734929986,21.50105857849121,270800
21.603291861855116,21.603291861855116,21.344324234576458,21.412473678588867,217900
21.296619768208874,21.466992726354544,21.13306188437013,21.276174545288086,386500
21.36476508580654,21.576027149155646,21.282985509757903,21.562397003173828,526400
21.63736523104024,21.92359054687765,21.603291160062213,21.719144821166992,198600
21.80773478899654,22.203001229895698,21.671435926628398,22.15529441833496,353400
22.11441087590152,22.3256716839166,22.046260131634497,22.1621150970459,264900
22.16212202605951,22.277974428007223,22.06671355394118,22.128047943115234,108700
22.23026114097452,22.673231837953786,22.216630993409098,22.591453552246094,308000
22.693676277144462,23.307019933155754,22.461968962616297,23.17072105407715,661800
23.123022333219883,23.259321244699837,22.870871036777547,22.959463119506836,280900
22.877681484223174,23.123018969258027,22.864051335089556,23.007164001464844,255700
22.96626871641954,23.00034277837657,22.714117538316344,22.802709579467773,308400
22.829980850219727,22.836794626014875,22.618717404972692,22.829980850219727,223300
22.829975138071383,23.00716186095327,22.707306406966655,22.904939651489258,229500
22.904939611373877,22.904939611373877,22.54374979246748,22.60508155822754,273200
22.65959958612462,22.939011086056368,22.598265227618406,22.91175079345703,195700
23.00034808686296,23.00034808686296,22.761826998428706,22.904939651489258,256800
23.041235395258543,23.129827444802398,22.75500752839933,22.864046096801758,230800
22.864046849083717,23.048049926757812,22.536931133113534,23.048049926757812,272300
23.170719130667734,23.170719130667734,22.986716049138504,23.095754623413086,299800
23.0276180959542,23.259325508035456,22.993544011759955,23.232065200805664,396000
23.232053502346353,23.33476035301858,23.054028642773652,23.197818756103516,282600
23.33476424787932,23.49909210205078,23.279986555192735,23.49909210205078,186300
23.54017635452585,23.622340285042476,23.30052785693133,23.437469482421875,166200
23.26630267056324,23.505951266700386,23.21152756501025,23.41693878173828,54000
23.519630359560157,23.519630359560157,23.27998450502133,23.44431495666504,56300
23.553862629312714,23.950990332701895,23.533319694832628,23.93729591369629,199600
23.896227125016605,23.937307790472723,23.800366144414802,23.930461883544922,201900
23.930455048179937,24.09478288695601,23.84144261187562,23.909912109375,316500
23.861978039389143,24.122166777963795,23.512779494729592,23.547014236450195,300900
23.54701138865131,24.505599712555806,23.54701138865131,24.471364974975586,658000
24.19748883962029,24.375511093623,23.992077742865227,24.300195693969727,424500
24.135862057720143,24.382356386007814,23.83459266311491,24.348121643066406,600700
24.546696220054198,24.567239165435897,24.081096174555082,24.416603088378906,264000
24.307043416344882,24.478219778431818,24.07424345942889,24.320737838745117,351600
24.204327581995535,24.300188503262426,24.060540118009747,24.142704010009766,316200
24.156409474436625,24.252267827598004,23.964692768113867,24.0537052154541,221500
23.66340598189096,24.108462669269393,23.66340598189096,23.793498992919922,575100
23.86197645115575,23.896213802540913,23.670259820726173,23.6839542388916,564300
23.855143605949998,24.101638043968197,23.827754754626948,23.89622688293457,280900
24.033158000882867,24.443982799598874,23.909910822462443,24.183794021606445,403800
24.183799216501225,24.252268725023203,23.86198678017041,24.012622833251953,387300
23.964692441941576,24.122174393126745,23.738738373755773,23.814056396484375,242900
23.930452742562338,24.204333318116305,23.69080430051601,23.69765281677246,211700
23.82774733912045,24.56723042303825,23.82774733912045,24.49875831604004,322900
24.307041476871234,24.587770583816503,24.238571982277286,24.44398307800293,223900
24.61516303178892,25.4710448992924,24.443986658288225,24.608314514160156,724600
24.61515671524585,25.532661946244552,24.580921971719587,25.032827377319336,463700
25.060225543662153,25.38203803239613,24.92328650431937,25.101308822631836,487900
24.95751082051433,25.402567736030758,24.95751082051433,25.162921905517578,379000
25.162928677245272,25.51897587264234,24.923282782239728,25.505281448364258,394600
25.50528379353012,26.121519882983854,25.423119852251155,25.799707412719727,578000
25.84763252575225,25.95033939513556,25.539514529546494,25.76546859741211,419800
25.64905293023854,26.16258176547155,25.580583463651227,25.991405487060547,328200
25.8681688695915,25.8681688695915,25.320405078472294,25.361488342285156,546200
25.38888647955275,25.676461595691013,25.16293236377719,25.62853240966797,477500
25.676460772879516,25.676460772879516,25.231401074705076,25.546367645263672,514400
25.53951912636856,25.731238476261762,25.416271905703166,25.546367645263672,307300
25.505279591997184,25.655915636147892,25.34094912456512,25.38203239440918,234500
25.744917675624425,25.87501335144043,25.607978708155716,25.87501335144043,292400
25.875018943053053,25.916099597393877,25.436807883791303,25.47104263305664,276900
25.607988632623957,25.662763718451046,25.334105367655333,25.416269302368164,322700
25.560057244130743,25.607986419566526,25.053374031309968,25.279325485229492,298300
25.334106607047204,25.34780103216003,25.060223328679697,25.190319061279297,243500
25.128689101016075,25.30671135858484,24.936969809852954,25.039676666259766,346500
24.9232746308692,25.183460771223583,24.86165104774453,25.032827377319336,213400
24.99176115574797,25.11500840601961,24.800044371745546,25.05338478088379,230700
25.128702835154822,25.183477939750393,24.95067786834233,25.05338478088379,346400
24.99175108819633,25.63537332660612,24.99175108819633,25.532669067382812,371600
25.573745440902048,25.847628643491397,25.477887103578915,25.662757873535156,372200
25.662753999795974,26.155742645263672,25.464188838488884,26.155742645263672,400200
26.03250766999294,26.231072924250554,25.895566025265456,26.135211944580078,325800
26.018814086914062,26.11467245774417,25.813402919143154,26.018814086914062,432700
25.91609863008687,26.217370681042436,25.902406820446934,26.080429077148438,210700
26.20368368083221,26.20368368083221,25.88187121232958,26.046201705932617,237500
25.950340539661898,26.10782249756957,25.731234979795204,25.758621215820312,389300
25.84763693422197,26.29269662819835,25.416271665961983,25.81340217590332,684500
25.84762729802578,25.991414796525806,25.334098278859706,25.38887596130371,392500
25.395732458719362,25.395732458719362,24.895897651672914,25.101308822631836,311000
25.101305802782832,25.813400214252635,25.0807654717415,25.409423828125,450000
25.44365157118473,25.464191896564834,25.279321132312727,25.33409881591797,287800
25.1971600428364,25.546361285097458,25.0602184304192,25.39572525024414,289100
25.37508774179652,25.49199067606623,25.203169810275565,25.340702056884766,167200
23.380840301513672,24.054758324824967,23.098894979278743,23.380840301513672,1437700
23.38771706470325,23.827829225904498,23.346458435058594,23.346458435058594,941800
23.346462192164633,23.353337757125292,22.53500911727687,22.86509132385254,1396200
23.043876310607043,23.958480883058208,23.00261768964542,23.848453521728516,813900
23.848463105709257,23.848463105709257,23.078271266884467,23.614654541015625,527100
23.62152856159029,24.109777601082666,23.62152856159029,24.08914566040039,534600
24.089140342667417,24.12352602846046,23.587140284551317,23.89659309387207,363800
24.06852507255447,24.446744227613827,23.999758907365877,24.41236114501953,491000
24.515501655442936,24.82495187865169,24.322951760273686,24.659912109375,564700
24.591148376464844,24.8868475320248,24.54301154865372,24.591148376464844,296100
24.419225672543345,24.763061589563588,24.13728032551714,24.687419891357422,414300
24.54988499989735,24.756186025457524,24.54988499989735,24.687419891357422,330900
24.687423942141333,24.687423942141333,24.171669981984568,24.23356056213379,414100
24.40547874539384,24.65303844472408,24.247311887869632,24.33670997619629,216100
24.24042735521172,24.38483778221372,24.102892490955814,24.157907485961914,377600
24.240427698390995,24.316072005965633,23.89659184451311,24.04100227355957,393800
24.04100286650465,24.391716915135326,24.01349536793372,24.32982635498047,542400
24.481122544635785,24.501754488784925,24.233562824190976,24.474246978759766,393400
24.65304186535323,24.86622114455396,24.446740775656767,24.776823043823242,320200
24.653036772540652,24.996872725425515,24.467367666451747,24.95561408996582,291100
24.955611486911632,24.962487051017696,24.659912388413435,24.687419891357422,488400
24.859339408499164,24.88684428990779,24.618652677538492,24.769941329956055,193700
24.6324092439321,25.148163210720057,24.625533678609468,25.065643310546875,221200
24.962475552271847,25.12063968645305,24.666776589984785,25.0312442779541,165400
24.962492824275664,25.051890917889438,24.824957901006886,25.010629653930664,213500
24.928123026442062,25.38886224804095,24.89373993312693,25.134424209594727,310200
25.216928087951786,25.216928087951786,24.481119342224524,24.618654251098633,259900
24.687429958741866,25.61578626397066,24.618661173338406,25.402606964111328,783300
25.375103798833003,25.615788005960397,24.900608328694542,24.928115844726562,474100
24.928104946991645,25.244433373288317,24.886843690981657,25.18254280090332,252100
25.05875898023409,25.196293862320758,24.81807490402719,25.024375915527344,400300
24.89372812068644,25.09315363985048,24.763068755522113,24.879974365234375,299500
24.859344074195295,24.893727149854243,24.44673929650635,24.818082809448242,341900
24.646161175409127,24.77681789296045,24.13728281157215,24.240434646606445,493600
24.212929651404448,24.48112130238954,24.027257903046984,24.061643600463867,529900
24.02726213676797,24.22668767457986,23.93786665286129,24.068523406982422,428200
23.999761053134552,24.06852722447138,23.83471856936035,23.944746017456055,434700
23.79344930393397,24.068519143448977,23.72468315568542,23.90347671508789,463300
23.903468657074967,24.12352602846046,23.655909032877886,23.89659309387207,837500
23.79345552318455,23.93099047889162,23.635291242262806,23.834716796875,518000
23.800318901335814,24.047881142882844,23.800318901335814,23.87596321105957,423200
23.979112479576237,24.41234640378995,23.972236916513562,23.999744415283203,365100
23.965362473057574,24.219802941525597,23.951611344784595,24.075389862060547,175200
24.19916719313699,24.64615486617996,24.151030381979684,24.309194564819336,287400
24.343588848765673,24.474245579021808,24.240437003701086,24.405479431152344,193900
24.44673929650635,24.92811022551319,24.185423199629405,24.818082809448242,306800
24.81807856758211,24.92810596484135,24.563640703281376,24.811203002929688,207700
24.811204276145297,25.519505518395206,24.811204276145297,25.223806381225586,315600
25.23755813341991,25.23755813341991,24.687421162512933,24.742433547973633,313600
24.749308422788523,24.962484994895732,24.618649106196727,24.87308692932129,185200
24.962497755797294,25.457622528076172,24.928114674002593,25.457622528076172,279900
25.443859064083675,25.443859064083675,25.065640062107402,25.08626937866211,281500
25.134418751547773,25.402610493733434,25.03126949400168,25.16192626953125,137700
25.182556660672443,25.553900299359505,25.182556660672443,25.48513412475586,174800
25.54700478766601,25.677661466718984,25.38883798768166,25.670785903930664,281000
25.78082452510341,26.042137997276892,25.670797109646017,25.767070770263672,316300
25.767069758408393,25.787699078227647,25.540136747354996,25.581398010253906,184200
25.4438533782959,25.71204492661589,25.333826009157967,25.4438533782959,215000
25.54700908212468,25.718927036585118,25.375091127664245,25.567638397216797,362100
25.65016622596457,25.67079817070722,25.471372652178857,25.560768127441406,128200
25.512620237462283,25.718923855908944,25.237553118299196,25.712045669555664,228000
25.88397686978989,25.88397686978989,25.43699158832177,25.450742721557617,357000
25.478249001671635,25.567647102943663,25.450741490009367,25.51951026916504,168500
25.51605025735257,25.65423681236207,25.433139378622595,25.550596237182617,397100
25.61969134193722,25.81315094138355,25.516050764697045,25.77169418334961,261700
25.771693670922087,25.771693670922087,25.391682621412954,25.550596237182617,256400
25.63350144929388,25.86841775017193,25.42622298044589,25.51604461669922,439700
25.688785998582954,25.95824836485577,25.536780505530743,25.626602172851562,210700
25.716414486162837,25.902965895501374,25.598955019976934,25.875328063964844,295400
25.771693293236424,25.861514948029654,25.509139106135056,25.840787887573242,295800
25.688785998582954,25.86842669753495,25.39168579072071,25.626602172851562,339300
25.59896198653624,25.7371485461366,25.3364077868645,25.688783645629883,121400
25.688784698456566,25.757876663243703,25.467687248310316,25.495325088500977,223900
25.391683126284583,25.90988074110672,25.36404528759529,25.77169418334961,263300
25.668057827727168,25.875336359325072,25.502233421035125,25.536779403686523,290500
25.40550238450938,25.744056688056386,25.073856222882156,25.688783645629883,457600
25.68877494658935,25.7302316911377,25.516042464503993,25.564407348632812,291400
25.5644117693288,25.633503719835183,25.481500901583345,25.4884090423584,166400
25.529861379353445,25.592045178331713,25.364037036848558,25.564407348632812,280200
25.633503188503948,25.633503188503948,25.502227430987315,25.529865264892578,169100
25.564427774330095,25.68879547165506,25.440060077005132,25.605884552001953,182400
25.702593719373155,25.833869456184566,25.571315346873252,25.633499145507812,83500
25.70260004531365,25.76478385925293,25.522956744738327,25.76478385925293,178200
25.806241118969215,25.854606020620807,25.509140931286872,25.55750846862793,238000
25.426237566091032,25.56442416982272,25.115318366617302,25.36405372619629,233200
25.41240915141948,25.46768482654454,24.908030476504987,25.27422523498535,205000
25.281132523212364,25.281132523212364,24.873483657836914,24.873483657836914,196800
24.942572743493375,25.129124165742734,24.85275373831651,24.977121353149414,326600
24.91494248834942,24.91494248834942,24.348379968689017,24.804393768310547,358600
24.873488698711515,25.2949565678167,24.873488698711515,25.267318725585938,409300
25.315685450192213,25.343323294408336,25.07386090252587,25.246593475341797,196700
25.281130146678564,25.813146591186523,25.26731122966277,25.813146591186523,286600
25.66805684568718,25.75096772801633,25.460775686330162,25.640419006347656,354800
25.640421102173548,25.95134023093391,25.35713981501181,25.681875228881836,307100
25.612778585696113,25.612778585696113,25.17058374358677,25.22585678100586,385500
25.1498598006753,25.24658960491267,24.873486672263247,24.963308334350586,284500
25.08076330042897,25.108401138314033,24.880392929296203,25.018579483032227,193100
24.990930417931484,25.343306103437463,24.94256554120527,25.301849365234375,268900
25.281126043704298,25.640409920738595,24.99784488007763,25.633499145507812,202400
25.52987179042849,25.550598853310902,25.274228350683615,25.44005012512207,179500
25.52986658051265,25.66805312147116,25.294950251589892,25.398588180541992,234300
25.536786339190883,26.310630266335025,25.536786339190883,26.179351806640625,535100
26.11715056477908,26.42806955729674,26.02732893678765,26.172426223754883,496200
26.172435902357712,26.51790099164447,26.075706099067734,26.421171188354492,372900
26.255343425731997,26.524805739180565,26.255343425731997,26.358983993530273,201700
26.358996224241167,26.79428048531418,26.317539450747873,26.607728958129883,277700
26.704451306274688,26.877183843480374,26.559353971898005,26.593902587890625,212000
26.517897597982273,26.732084239087992,26.317527239273137,26.358983993530273,326000
26.38661603146938,26.635351255822016,26.33825114181068,26.600805282592773,398500
26.462624350399143,26.766635304762953,26.434986511695275,26.5800838470459,211300
26.669899318480198,26.780448022887896,26.476439744688985,26.58698844909668,213900
26.600824532153066,26.683735455039102,26.25535927848874,26.282997131347656,217000
26.282989509846587,26.621543884277344,26.24844352163589,26.621543884277344,420200
26.4971793083633,26.89100941841302,26.31753856730336,26.448814392089844,293100
26.566264928696334,27.001551663385893,26.434986512692692,26.953184127807617,274700
26.821903329046624,27.119003450312807,26.80117627174071,26.84263038635254,225200
27.01536941548388,27.61648057938726,27.01536941548388,27.505931854248047,536800
27.333203805351744,27.367749793452003,26.884098052978516,26.884098052978516,377900
27.0222814352243,27.049919276701612,26.780454275832255,26.80809211730957,167500
26.704451239039646,26.759724280247838,26.414259206706262,26.6837215423584,172100
26.787359769173694,26.863362500396928,26.656084001590276,26.74590301513672,183500
26.683721609541248,26.738997286577955,26.538626910853917,26.593902587890625,213400
26.669900685218195,26.732084499364788,26.303708577293342,26.310619354248047,197500
26.448810770305748,26.794275916775533,26.448810770305748,26.718273162841797,185200
26.8080903766033,26.946276939327486,26.676814591644526,26.738998413085938,176000
26.58697756072254,26.58697756072254,25.79240989685059,25.792409896850586,464900
25.788950535009747,26.108274711277986,25.469623710638274,26.08745002746582,518200
26.03191526135637,26.06662395208417,25.68482305787162,25.893077850341797,455100
25.893083175972748,25.976384580473393,25.670944331901758,25.83060646057129,342300
25.90001563883469,26.19157175632529,25.761178257509403,26.052734375,254300
26.03191483470086,26.25405362944204,25.865309414593316,26.059682846069336,328000
26.205457851078698,26.379003929562664,26.024971094620696,26.212398529052734,268500
26.219348074178647,26.30959279786458,26.12910335049272,26.247116088867188,282300
26.24710610444636,26.517837524414062,26.240162779363658,26.517837524414062,480400
26.517852958398308,26.913537979125977,26.510909629274433,26.913537979125977,328800
26.89964485168457,26.962121552102936,26.726098755867252,26.89964485168457,364600
26.816346198332955,27.017657677425586,26.816346198332955,26.87187957763672,267300
26.878820167579537,26.976005557540713,26.788575456285617,26.89964485168457,121300
26.90658730070347,26.90658730070347,26.615031111636647,26.663623809814453,199900
26.517838114150198,26.774685537767205,26.365116736165806,26.587255477905273,256400
26.594214195798433,26.767760353736836,26.5525621645757,26.67057228088379,181300
26.621968645638812,26.705272673905025,26.48313389473472,26.6289119720459,413200
26.656675698833116,26.656675698833116,26.267931573688756,26.33734893798828,400400
26.240173740331358,26.462312569921806,26.21240572460662,26.302650451660156,248100
26.483136306481402,26.885761887354917,26.392891591692898,26.43454360961914,225500
26.344306268270692,26.469259708918944,26.07357469623419,26.37901496887207,175000
26.309577456188425,26.413703478396883,25.85141607340577,25.91389274597168,309100
25.976383428495424,26.142988878212144,25.712595217924314,26.108280181884766,179300
26.018035595383477,26.309594471957897,25.844489464692735,26.19158172607422,124200
26.261003607316276,26.52479183781506,26.170758871564598,26.420665740966797,266600
26.30959052771284,26.51784532370011,26.018031694847934,26.44842529296875,225200
26.55255776779117,27.11484817972058,26.344302942370426,27.09402084350586,1637800
27.03847623006593,27.30920765548821,26.83022149113361,27.253671646118164,371800
27.177318069067525,27.184258747327398,25.073937710508783,26.24016761779785,923000
26.27488064850822,27.142611220098367,26.240171955265325,27.10790252685547,582100
27.03847714739968,27.03847714739968,26.08744546354477,26.712209701538086,553400
26.712218256424915,27.052369814037405,26.615032853708094,26.65668487548828,456300
26.79551789799657,26.996832017935155,26.49701838170238,26.663623809814453,271900
26.587263377265458,27.073193012233943,26.531729999382375,27.059309005737305,290500
27.212038396976663,27.47582930144573,27.212038396976663,27.350875854492188,667200
27.17731557545537,27.21202425977632,27.01765086099383,27.07318687438965,367100
27.066259775379,27.336991356247168,27.00378305301679,27.316164016723633,396600
27.316154220075045,27.649365051907097,27.16343545759721,27.56606101989746,469900
27.51052876507752,28.04505107573861,27.51052876507752,28.010339736938477,847300
28.065883151657605,28.530985555306028,27.913161694648725,28.49627685546875,571900
28.35049015540876,28.51709557159957,28.176944060590664,28.3643741607666,424100
28.3921388397455,28.489324217742688,27.996454001840984,28.170000076293945,322000
28.17001003445796,28.530983666594548,28.114473999911482,28.41991424560547,346900
28.517101867081728,28.551810564087045,28.218602306249082,28.51015853881836,292600
28.11446845713216,28.163061153728318,27.62853884306723,28.010339736938477,788800
27.864571232942723,28.024233383556535,27.767385806317296,27.98258399963379,300700
28.11446813020631,28.128352135944244,27.795143942543827,27.996458053588867,323800
27.975633848667023,28.170007302626136,27.809031057391927,28.10753059387207,447400
28.107519544425433,28.190820907316088,27.94091417054154,28.017274856567383,97200
28.14917821144093,28.294956306737603,27.850678693583863,28.19083023071289,478600
28.0797513112096,28.28800604078505,27.85761257991544,28.114459991455078,372100
28.274135259343545,28.62122752029513,28.135297825342153,28.60040283203125,657500
28.42684845560843,28.600394535742666,28.412964451425328,28.55874252319336,586200
28.58651186275832,28.614279872417608,28.419906452905746,28.56568717956543,344500
28.56567994143241,28.593445295953202,28.288005211404624,28.475435256958008,311800
28.530984321722002,28.565695668162533,28.39909020880139,28.461566925048828,635600
28.468496414805003,28.607333801679765,28.39907904541907,28.517091751098633,331800
28.530986858090966,28.780893745297117,28.447685445056976,28.767009735107422,630300
28.71840245010293,28.878064514106306,28.503207021625816,28.73228645324707,373700
28.732293504337616,28.808654216318388,28.419909977190574,28.73923683166504,213700
28.80864523777781,29.287631398052824,28.70451654514719,29.21821403503418,314500
29.086330308898184,29.204340397532604,28.662877359132622,29.19045639038086,385600
29.03774586232727,29.572265725044755,29.030802532725858,29.54450035095215,497400
29.363994442536633,29.502831827817527,29.26680906727087,29.433414459228516,406300
29.495890834984383,29.74579494809588,29.47506350614796,29.63472557067871,391500
29.645188207981093,29.645188207981093,29.22696417317393,29.59639549255371,196700
29.72882507433812,29.81943856715739,29.436066221914423,29.491830825805664,335200
29.624275462478373,29.742771288006676,29.115435285379736,29.721860885620117,223800
29.72186411100059,29.903096481362393,29.46395937056656,29.638219833374023,180000
29.554579989507396,30.02856873217149,29.554579989507396,29.903100967407227,171000
29.76368249593535,29.889150220448208,29.505777799549218,29.812475204467773,174700
29.986736159220733,30.112203885916475,29.721859551862696,30.007646560668945,207400
29.972795572030506,30.04947059079483,29.69397780543356,29.861268997192383,148700
29.83338684156906,29.903092613077042,29.26181281022009,29.345457077026367,277100
29.484873144830413,29.624282062809126,28.43931024849597,28.509016036987305,527900
28.57872041321624,28.718129337276643,28.327784881708325,28.474163055419922,368800
28.36959532516619,28.84358385384437,28.125629155374362,28.634471893310547,456900
28.599621331932905,29.003906811667353,28.52991822253195,28.857528686523438,213100
28.78783026034226,29.303642442076015,28.57871821980301,29.219995498657227,330900
29.06665225664886,29.080593415885172,28.746013571226424,28.885419845581055,279900
28.983000792457,28.983000792457,28.68327259051261,28.850561141967773,348300
28.75296536372304,28.97601845806686,28.474147666291948,28.55779457092285,231300
28.557794267364386,28.962076999439212,28.48111926843573,28.913284301757812,195100
28.745996851360577,29.275747299194336,28.50900260019747,29.275747299194336,235200
29.122408400596218,29.429108524346386,29.059674526102203,29.087556838989258,181200
28.85753615520955,29.24787792328525,28.752978805044208,29.108469009399414,179200
29.017865933066634,29.052717509347033,28.74601991547275,28.82966423034668,149100
28.766923139137532,28.892390909590123,28.376578668951232,28.52295684814453,253700
28.522942199747735,28.745997967446296,28.3486817923915,28.467180252075195,298400
28.467194348304314,28.75298145152292,28.06290872672456,28.62054443359375,584600
28.620538335829888,29.345459814103904,28.620538335829888,29.296667098999023,270900
29.380311570787278,29.48486624053541,28.85753024503664,29.30363655090332,325500
29.345466435576128,29.450023796680796,29.03179967027042,29.429113388061523,254200
29.49880463187313,29.6939754576577,29.073608767982687,29.554569244384766,293100
29.554574481155836,29.617308351845693,29.394252521279,29.589426040649414,241600
29.624274845051705,29.756711822411926,29.24787165591849,29.345457077026367,278800
29.373344803127026,29.498812555978844,29.22696664446783,29.45001983642578,222300
29.345448224457957,29.624265908373058,29.338478978911205,29.38030242919922,173900
29.401215000339672,29.422125397529662,29.171189995238993,29.275747299194336,318400
29.15725774265776,29.282722811649453,28.808736866894716,28.83661651611328,248700
28.780844899059986,29.18512759657545,28.780844899059986,29.171186447143555,183500
29.310603694800403,29.42910216948018,28.948141682549217,29.233928680419922,200200
29.206057110422208,29.24787792328525,29.03876588195843,29.108469009399414,154900
29.20606231689453,29.28970661653549,29.059681468767426,29.20606231689453,222600
29.101502677134217,29.240911604993173,28.794805163047826,29.129384994506836,242000
29.066653378156705,29.296675866920427,28.899362119870446,29.20606231689453,339200
29.275744735025295,29.401212425181313,28.93419320982225,28.989957809448242,276300
28.683282047735442,28.913304546578374,28.320819854736328,28.320819854736328,267700
28.495066236070347,28.599620898587553,28.299892746499243,28.488094329833984,321700
28.543867091228368,28.78086144985239,28.376575860845097,28.773889541625977,302300
28.752986427810573,28.969070434570312,28.56478474302072,28.969070434570312,259700
28.892383669859846,28.941176384031344,28.59962472582737,28.78085708618164,321000
28.78781931843826,29.261807848305278,28.78781931843826,29.06663703918457,255300
29.01785688688507,29.1084704251648,28.620543191338577,28.822683334350586,339400
28.836616008082395,29.150285322543695,28.627504018109263,29.073610305786133,268400
29.247877813130156,29.247877813130156,29.038765772590907,29.219995498657227,251400
29.345460300775304,29.380314519859862,29.164230592952137,29.261816024780273,175600
29.296664024061272,29.43607290644457,29.073610875849308,29.359397888183594,191800
29.185139796216763,29.185139796216763,28.557803763563825,28.571744918823242,307700
28.578717314989742,28.585686563885393,28.327781810685813,28.536893844604492,263300
28.536888291350785,28.92026338110165,28.20230857038906,28.31383514404297,261700
28.32080800689237,28.676298141479492,28.306866852339475,28.676298141479492,237700
28.892376071464863,28.92722762113555,28.40444639906684,28.467180252075195,225000
28.369590824371304,28.369590824371304,27.881661221199824,27.944395065307617,284900
27.784089972676437,28.055935882494786,27.484361749286002,27.98623275756836,314100
27.99673313447732,28.15775427813258,27.618682099472412,28.010732650756836,605600
27.98973185852145,28.094746929451706,27.814708520733813,27.947725296020508,203900
27.87770744628346,28.15774575873901,27.75169047274279,27.80769920349121,241100
27.82171270413876,28.04574237698187,27.82171270413876,28.031740188598633,307300
28.003725974339613,28.09473883153637,27.91271311714285,27.933717727661133,189500
28.108745368608314,28.192755811763085,27.65368368278595,27.723691940307617,273300
27.58367299020756,27.84970648181983,27.275630274760683,27.303634643554688,297100
27.26863113700741,27.891713668281113,27.177618271682277,27.8147029876709,451400
27.68867919721627,27.947712874230103,27.63267314275196,27.653675079345703,360200
27.82871532382617,28.10875377899045,27.75870704535742,27.898723602294922,470100
27.72369564954674,28.269770279723364,27.63968519515195,28.150753021240234,341000
28.15075892997464,28.262773782893905,28.003739936263994,28.22076988220215,210300
28.255759105738985,28.451784327197586,28.01772733512068,28.094738006591797,238300
27.93372457477082,28.21376030077047,27.83570926649466,28.12274742126465,186600
28.283768293777815,28.49379573409599,28.087740368256227,28.164751052856445,382800
28.164764362635395,28.199768507456312,27.99674339923697,28.07375144958496,202200
27.968730557903804,28.90685577691627,27.779705028254547,28.640819549560547,531600
28.6408141148656,28.6408141148656,28.101742003855414,28.1717529296875,313300
27.933712116484536,28.13673705932692,27.506654953857897,27.513654708862305,491300
27.38764617560509,27.60467603648083,26.967591309454825,27.037599563598633,345000
27.128622319461527,27.317647879326103,26.95359894965855,27.226634979248047,235500
27.26862769428644,27.44365097516037,27.093604413412514,27.373640060424805,259400
27.0936038268168,27.282629286545305,26.708553151359446,26.953584671020508,625100
27.128620735069422,27.63268886526922,27.002603702519476,27.61868667602539,442800
27.618678707740287,27.751695461213128,27.3386403449468,27.632680892944336,434900
27.625686435325044,27.639688624568873,27.163624872856737,27.61868667602539,421000
27.625686435325044,27.842716362637628,27.49266964347544,27.61868667602539,498200
26.95359113296196,26.96059089064045,25.210357700188375,25.41338539123535,1799200
25.203353341436824,25.798431449296714,25.09833830092347,25.57440185546875,758300
25.63741752157912,26.645553646626386,25.63741752157912,26.533538818359375,794700
26.533539431039753,26.771571280434014,26.26750320627105,26.414522171020508,422600
26.358503899306104,26.603535393887345,26.204482576630472,26.239486694335938,511500
26.2465006540099,26.624549030258457,26.183492146194446,26.533538818359375,445800
26.428524288361096,26.512534743616563,26.19049243960042,26.323509216308594,430400
26.498531771213326,26.561540278449986,26.092479023966952,26.1204833984375,230200
26.008464358814198,26.407517283133558,25.945455861782527,26.358510971069336,429700
26.078477316866813,26.295507217043117,25.9384581125803,26.02246856689453,326700
26.16249393516904,26.393526077270508,26.043479319403907,26.393526077270508,371800
26.344506093053617,26.93258444835211,25.756427737755125,25.86844253540039,368700
25.98046463997265,26.029470960810116,25.469396815064645,25.679424285888672,394400
25.728427874587112,26.14148301395726,25.658419615294775,26.04347038269043,355800
25.938454520662347,26.162484148239805,25.742429264193024,26.09247589111328,452500
26.183484654738972,26.799564698616468,25.938450451944682,26.78556251525879,707800
26.778557160137726,26.862567572075807,26.449512596636204,26.65254020690918,223900
26.75056893450566,26.953596667239538,26.36551808767399,26.60354995727539,192700
26.603542793212753,26.72255736064182,26.46352361280394,26.568538665771484,118800
26.652549226737417,26.841574720550756,26.218492169079234,26.232494354248047,606900
26.225482056691604,26.32349464534366,26.02245445411649,26.134471893310547,259700
26.253499493472475,26.253499493472475,25.97346109728447,26.08547592163086,374800
26.085475241240637,26.25349880869968,25.987462606324534,26.113479614257812,304100
26.113474382514156,26.26049330543358,25.966455459594727,25.966455459594727,498500
25.966466126990284,26.323512610852045,25.966466126990284,26.309513092041016,736900
26.295501312825763,26.34450762272586,26.06446927703079,26.106475830078125,239200
26.085480492015662,26.232502144627976,25.798442287421405,25.805444717407227,265200
25.69342519318246,25.791437829973894,25.203359338581237,25.7634334564209,377400
25.83344786333081,26.25350284052139,25.72843278371096,26.183494567871094,452200
26.428512810057516,26.547527347425927,26.148474519971867,26.211483001708984,401200
26.21849044861686,26.21849044861686,25.7774309919948,25.924449920654297,264800
25.8824384217459,26.176476192534114,25.847431636101103,26.14847183227539,170100
26.113480106740315,26.323507567042085,25.98046333836614,26.281503677368164,186300
26.18349742649356,26.302512037121534,26.022473574657923,26.25350570678711,186000
25.938464223786,26.393526077270508,25.63742379836914,26.393526077270508,554500
26.456522019833155,26.456522019833155,26.246494599114982,26.344507217407227,306200
26.603547069975807,26.603547069975807,26.183492131865435,26.33051109313965,321300
26.190485676051317,26.274496109611555,25.966456072795005,26.1624813079834,299600
26.081567724326757,26.12378325963632,25.82124529974286,25.884567260742188,461000
25.814216349783678,25.96196942899224,25.59610939025879,25.59610939025879,441600
25.567954862778514,25.64534866103216,25.335773468017578,25.335773468017578,629900
25.3287494084754,25.39910597214882,25.040283203125,25.040283203125,751800
25.082499466585084,25.082499466585084,24.55481717220193,24.75181770324707,773000
24.836247111473895,25.56796723307317,24.81514067771291,25.539823532104492,472000
25.518709485550506,25.78606919713154,25.43428109176238,25.708675384521484,442100
25.70868382796427,25.835327802204972,25.392073892362518,25.483539581298828,676100
25.55389538258883,25.6453610687715,25.356894843670197,25.539823532104492,311400
25.39910488602019,25.490570562029028,25.237282649346554,25.244319915771484,415100
25.06843143795228,25.37096954756362,25.06843143795228,25.18100357055664,671000
24.941774732880933,25.370956608279208,24.899559198210127,25.3287410736084,414600
25.32874145685141,25.919745531535142,25.32874145685141,25.884567260742188,409000
25.743862190153106,26.15897239941933,25.743862190153106,26.00418472290039,239200
25.954934015673196,26.04639970287092,25.77200532520882,25.961971282958984,149200
25.926784416102976,26.03232192993164,25.680533795743376,26.03232192993164,192400
26.27857662809647,26.37004230867923,25.70868147999291,25.793109893798828,306900
25.793115549331954,26.081581820022773,25.659436974500615,25.990116119384766,222600
25.884575660398696,26.20822015100596,25.743859847633964,25.85643196105957,334000
25.856429193971113,25.990107725629688,25.687569699938162,25.821250915527344,509000
25.91975589684391,26.355972533765616,25.779040073469815,26.116756439208984,413300
26.08158344234051,26.32079958539777,26.06751158875695,26.20119285583496,207000
26.243393891879382,26.447431650883622,26.144893645168487,26.313753128051758,196200
26.278570364084366,26.447429835376127,26.20821381667211,26.377073287963867,235600
26.370044627897478,26.45447304912879,26.13786579852859,26.30672264099121,611300
26.52484078397798,27.158058171562356,26.454481507180617,27.12991714477539,937500
27.228387959321726,27.33392273432295,26.700706032528394,26.749956130981445,764700
26.6022200698818,26.93993636166256,26.552969945076097,26.679611206054688,331300
26.545941740757943,26.7218358705143,26.320797469384317,26.531869888305664,411000
26.54593009894187,26.806252545315107,26.45446444008037,26.574073791503906,264700
26.48964994762881,26.764044287413228,26.48964994762881,26.714794158935547,306100
26.6655483283125,26.728870315694195,26.503723384168396,26.693689346313477,210000
26.560001196817222,26.714788817616594,26.482607386417538,26.63035774230957,232200
26.637399114210503,26.73589936665877,26.36300478698158,26.4544677734375,224100
26.52482605556434,26.785148525335632,26.454466817835286,26.721826553344727,274500
26.73590764903608,26.8062642271715,26.370047538082762,26.468547821044922,403200
26.52482443436331,26.595180983861678,26.355964958064774,26.545930862426758,240300
26.489643328674045,26.517784335107777,26.10971156055328,26.14488983154297,289500
26.088608940161016,26.32078770970378,25.933821304512225,26.313753128051758,205800
26.257463413753136,26.257463413753136,25.88456888881959,25.891603469848633,164200
25.800146507600047,26.116756439208984,25.715718087148026,26.116756439208984,235700
25.968997192518565,26.306713443298214,25.687565641570437,25.997140884399414,583900
26.166001988313432,26.222289381369215,25.877535808729096,25.947895050048828,220200
25.891596714810014,26.137849929462778,25.800131081714444,25.926774978637695,230400
25.926788462937747,26.004182293968213,25.48353727710472,25.59610939025879,775600
25.603142475621063,25.856430386386005,25.307641702349116,25.31467628479004,268100
25.377995873977437,25.539818094195745,25.307639320467032,25.363924026489258,209700
25.279499168391375,25.41317771236827,25.166927056639555,25.173961639404297,182700
25.18100302711548,25.567969556845974,25.019180757734773,25.42725372314453,544300
25.455384993690842,25.539813379102473,25.223203578896374,25.3287410736084,404400
25.39910125732422,25.546854307900443,25.202100768463072,25.39910125732422,313400
25.33577773930954,25.645352984514595,25.166920954588782,25.258386611938477,379000
25.32172702313141,25.420227333294044,25.08954542009192,25.11768913269043,270100
25.2583875752175,25.39206609188038,25.17395649570697,25.356887817382812,192000
25.32170534552633,25.434277415616634,25.103595785507046,25.300596237182617,406700
25.258392844801982,25.321714825680406,25.00510492128829,25.040283203125,437700
25.152855207179222,25.2583927361663,24.899567284754912,25.173961639404297,606900
25.03324451567055,25.14581660944828,24.948813432389432,25.01917266845703,519200
24.878467765908255,25.26543433984206,24.878467765908255,25.096574783325195,368300
25.096569498602978,25.293572720377206,24.667390138863308,24.786996841430664,385900
24.794026668358043,24.906598753906298,24.597023505700925,24.744773864746094,519200
24.941776785674307,25.356886850347284,24.81513285516864,25.258386611938477,823600
25.279499678632693,25.279499678632693,24.85031765518788,24.927711486816406,553700
24.966610372259108,25.284882155781794,24.648338588736422,24.789793014526367,1132300
24.73320764692559,24.78271628080816,24.322990168449213,24.521024703979492,1003000
24.5422537423645,24.803942718475938,24.429090723125565,24.68370819091797,392700
24.683709555482668,24.75443543465967,24.471526521912963,24.627126693725586,392100
24.80393324879558,24.93831343970696,24.39371847242401,24.591753005981445,365800
24.64833305094006,24.910024624163192,24.64833305094006,24.79686164855957,517300
24.867587304171263,24.90295022789541,24.478589747169355,24.563461303710938,429900
24.577614385132204,24.704923107141312,24.287634006782337,24.422014236450195,367900
24.38664660437891,25.25658757184679,24.38664660437891,25.20707893371582,431900
25.20707665403301,25.263659491361683,24.542244503530192,24.61297035217285,565600
24.68369793052338,24.83929533103698,24.492734909057617,24.492734909057617,390700
24.42200986520305,24.464446997616665,23.919849272725052,24.011795043945312,326300
23.990574316582897,24.301774547710824,23.948139883624272,24.02593994140625,487600
24.188609566412573,24.5776071251933,24.047155172851,24.471515655517578,347600
24.570543170139036,24.719069114912475,24.29470580382111,24.337142944335938,476400
24.330063194505755,24.379571825991952,23.976428570736882,24.05422592163086,315800
23.976430869242222,24.17446541417163,23.728884990062138,23.750104904174805,404800
23.856201395391608,24.16739902346514,23.856201395391608,24.11081886291504,217200
24.124961172838297,24.188615530735714,23.955215319105584,24.047161102294922,373500
23.983507557903227,24.117887785569724,23.799618683305972,24.033016204833984,280700
24.061297915750078,24.13909795751872,23.863263407988306,23.89862632751465,262100
23.90570000450635,23.962282839304393,23.721811187448836,23.941062927246094,306400
23.94814781567052,23.96936503917735,23.64402168798271,23.728893280029297,632500
23.870340162678982,23.91984880050825,23.361105375842605,23.410614013671875,720900
23.51671595483722,23.990585327148438,23.51671595483722,23.990585327148438,391200
23.87033894163582,24.146173537722905,23.51670429064862,23.60157585144043,496100
23.60865085827187,24.04008557883211,23.00039880620454,23.474267959594727,610500
23.39646873647909,23.39646873647909,22.788216732860572,22.8023624420166,439300
22.873090081599205,23.13477897644043,22.759927097504214,23.13477897644043,961900
23.134785498175564,23.382331450554602,22.993331053675988,23.332822799682617,507600
23.276240809536663,23.283312317916398,22.993331910001324,23.09235191345215,682900
23.12062694609002,23.177209771679625,22.802357995210162,22.950883865356445,764900
22.809436387967747,22.844799315632226,22.208257174607066,22.75992774963379,1207200
22.774071979785468,22.950889304631602,22.759926270035585,22.922597885131836,375000
23.035764845186627,23.09234769396243,22.90138462637219,23.04283905029297,278700
22.915527602636022,22.979181950899616,22.682127426330045,22.957962036132812,358300
22.880168348048976,23.205514384217043,22.802370965637053,23.035768508911133,276000
23.014544774971238,23.431833789935418,22.943816222763008,23.276233673095703,357600
23.247942093799203,23.29037922483497,22.724564301116605,22.91552734375,1357800
22.95089215748258,23.056980946766394,22.738711880896357,22.929672241210938,442800
23.014548019227448,23.233799816933903,22.759930591422346,22.880165100097656,426000
22.950886923576817,22.950886923576817,22.55481518572563,22.646760940551758,272200
22.73871421813965,22.767002946045217,22.4062967085746,22.73871421813965,569400
22.98625632799892,23.552071328776684,22.823584683901483,23.064056396484375,361600
23.056975261670825,23.099412385731902,22.059727128396887,22.597251892089844,2319700
22.950897463684477,23.12771485138926,22.823588728695498,23.09235191345215,1009700
23.056978287619888,23.552067341235173,22.96503522044804,23.38232421875,681400
23.445980605615457,23.488415040922348,23.26916326378734,23.40354347229004,123200
23.38231513808907,23.45304096198805,23.219643584707622,23.226715087890625,331200
23.297453765419156,23.44598239438055,23.148927834476492,23.2691650390625,337800
23.177228593411527,23.453063347116306,23.0074826768133,23.014556884765625,495500
23.170140988323777,23.460121292244782,23.0145435775977,23.354032516479492,439500
23.361101772985993,24.04715378855463,23.28330172610485,23.644010543823242,635800
23.50256184794821,23.552070490127175,23.33989020964324,23.530853271484375,391400
23.587429482455473,23.757175297313584,23.516703633441875,23.62279510498047,425600
23.644015731259003,23.72181579520928,23.502561314805646,23.686452865600586,422800
23.693529525666197,23.820838258362055,23.59451222201812,23.743038177490234,510000
23.778397713958967,23.905706428446894,23.552071709984606,23.56621742248535,486800
23.537918795612423,23.76424473033808,23.488410166017307,23.615718841552734,358600
23.615724033765215,23.990575939692107,23.615724033765215,23.88448715209961,480400
23.735959029483503,23.969356498957517,23.60865033776375,23.629867553710938,272000
23.76425615041903,23.8279105187763,23.346967001858978,23.48134994506836,373800
23.693525314331055,23.834979736408414,23.65816238331639,23.693525314331055,507500
23.735960780227327,23.735960780227327,23.276234615328285,23.283306121826172,553200
23.237069603652543,23.564254176195742,23.15171840411618,23.493125915527344,690800
23.500244906153874,23.77052421219322,23.464682125176726,23.72784996032715,567000
23.749191404033535,24.06926191755153,23.69229148677854,23.948345184326172,356600
23.926994691592363,24.040797175811882,23.82741785705844,23.991008758544922,123600
24.04080443542473,24.161721137632945,23.96967887878418,23.96967887878418,375100
23.969678441247215,24.247071905654376,23.92700148008226,24.140380859375,316400
24.140380349723987,24.247071393750904,23.969677935200068,24.062143325805664,283400
23.91277429931658,24.033690991596,23.763409014676572,23.827423095703125,367000
23.962570144439812,24.083486874145454,23.493134309366965,24.005247116088867,398200
24.019472835908232,24.147501037922392,23.912781763140867,24.10482406616211,298200
24.104822130927918,24.22573885124102,23.855879932145758,23.962568283081055,280400
24.1119384765625,24.19017552228684,23.9839102733529,24.1119384765625,241000
23.969679355883397,24.346649697460553,23.898551084561024,24.275524139404297,297000
24.04080785323541,24.432003896905755,23.941230974475666,24.42489242553711,406500
24.467564628178387,24.574252957527868,24.33953646234627,24.517353057861328,543900
24.396447058376847,24.517363807240034,24.18306759285799,24.289758682250977,380300
24.247076174062656,24.467569775664494,24.23996470258295,24.446229934692383,445200
24.2684093937656,24.432000344120347,24.211509491291196,24.389326095581055,433300
24.396436545730744,24.510239059186738,24.062143188665857,24.154605865478516,429800
24.190175962854983,24.403558114268385,24.07637341495899,24.232852935791016,363100
24.318202547615776,24.38221664611998,23.96256926998501,24.012357711791992,366200
24.11193485513873,24.531582188572067,24.097709199889056,24.26841163635254,306100
24.261303519449818,24.268414991424653,23.82031899880967,24.005247116088867,618500
23.934117928455432,23.962566525324803,23.3366539819383,23.68517303466797,1624000
23.75630320704431,23.9696826235683,23.685174926025326,23.870105743408203,843300
23.870095724323164,24.005235331636854,23.521574076782645,23.898544311523438,1567400
23.855878294166207,23.855878294166207,23.379328343589798,23.450456619262695,1006900
23.40066605325995,23.54291716512708,23.24418657428686,23.443340301513672,765100
23.329538094434167,23.57848297004566,23.25129835390673,23.550031661987305,694800
23.436231381699358,23.628273659538433,23.329540322922206,23.61404800415039,792100
23.507357519208085,23.742076768940986,23.329540892416393,23.500246047973633,703200
23.443337747978145,23.57848008810417,23.33664942569869,23.457563400268555,543000
23.350872201277333,23.578477183352597,23.293969599125813,23.365095138549805,632900
23.500240972487124,23.55002940017438,23.22284752872502,23.48601531982422,513900
23.557139604499035,23.79897026024683,23.47178840637207,23.47178840637207,465200
23.386442340835252,23.685172956474464,23.13749744786965,23.585596084594727,694100
23.57849154200066,23.585603014967585,23.30109525748346,23.35799789428711,1239900
23.329551656054896,23.855890308034255,23.3224401815394,23.71363639831543,407300
23.74207384161514,24.012353127462085,23.628271323030624,23.96967887878418,385700
24.012357799395804,24.254188537597653,23.891443786928175,24.254188537597656,373900
24.38932914001317,24.83742508520626,24.32531504594753,24.63827133178711,708700
24.63827371706842,24.65961084606719,24.417782815370014,24.467571258544922,376700
24.432005264436647,24.64538740316996,24.28263993793661,24.49601936340332,493500
24.353768133283513,24.72362435567059,24.197288622319796,24.58137321472168,509500
24.488900491907703,24.567140224032933,24.31108390553792,24.50312614440918,336100
24.488904040029265,24.659606468247965,24.42488995113071,24.538692474365234,361400
24.460446104103205,24.680939620188155,24.325306492269785,24.63115119934082,513000
24.631157652010746,24.752071644811643,24.510240945943696,24.716508865356445,721000
24.680948064707234,24.90855312738821,24.57425700452149,24.81608772277832,551100
24.816091142037163,25.626934628717642,24.816091142037163,25.370878219604492,991500
25.328197693560384,25.35664900159281,25.01523873173585,25.150381088256836,559700
25.072136074794177,25.107698845722346,24.858756735959666,24.936996459960938,457700
24.936998329836086,25.065026485389954,24.680942018728356,24.75206756591797,791900
24.67383277567271,24.99390322863446,24.360876506813582,24.70939826965332,345800
24.680956193501935,24.95123831192923,24.666730533240788,24.887224197387695,277100
24.87299034508175,25.022355658728696,24.744962158165407,24.81608772277832,302600
24.737848916995553,25.00813095670992,24.631160566008166,24.908554077148438,330600
24.808975337200813,25.04369186238522,24.79474968214929,24.865875244140625,556800
24.773418146368325,25.001023252019582,24.517361724193943,24.66672706604004,495400
24.834761248619184,24.96347603879022,24.684594902692098,24.90627098083496,463000
24.870523509172486,25.313875821588283,24.813318431072002,25.156557083129883,427000
25.09934906690066,25.120803357849606,24.57734011744796,24.67030143737793,513200
24.698896849135252,24.98492759454627,24.684594902692098,24.90627098083496,341000
24.863369987158904,25.042140260813067,24.670297764274263,24.91342544555664,410700
24.884824146810537,25.027840926238394,24.641696440128637,24.856220245361328,439500
24.813307481602234,24.84191137193948,24.67744036640886,24.756099700927734,221600
24.763261805073842,24.87767468373488,24.448624342892337,24.57733917236328,490700
24.555887463599195,24.913428048259746,24.420023023442734,24.856220245361328,442300
24.813309614132955,24.96347595958358,24.677442487262752,24.763254165649414,258100
24.734660090870662,24.770413607148196,24.527285877515144,24.541587829589844,326300
24.49152651777093,24.884820558624128,24.405717553614434,24.484376907348633,666500
24.512975808407983,24.520128145986185,24.327055948637764,24.42001724243164,286100
24.36996667726962,24.455775650691532,24.277005364835333,24.384265899658203,947800
24.384266161527723,24.470077863689273,24.269853286463768,24.348512649536133,771300
24.348503916322574,24.35565625284639,24.09107435780784,24.155431747436523,1105100
24.155440633736614,24.234099997532994,24.048180096774573,24.169742584228516,303100
24.226953755445287,24.377120164766712,23.92661820898392,24.04818344116211,469900
24.069628629602192,24.169739542629067,24.03387512178085,24.06247901916504,336500
24.062475314544248,24.226943607455375,24.062475314544248,24.162586212158203,240300
24.162590636084296,24.34851051886207,24.105382839649366,24.191194534301758,280600
24.23409539793767,24.56303201336527,24.162588386868233,24.505826950073242,486000
24.491523279352226,24.748952865600586,24.441467829561425,24.748952865600586,311400
24.748955678257797,24.92057360338237,24.491526062753202,24.69890022277832,232000
24.920571727482194,25.564145717798542,24.870516275770647,25.45688247680664,931500
25.456882259764278,25.685707959299698,25.4068268084795,25.678558349609375,588900
25.742915419500232,25.993192672729492,25.642804518208525,25.993192672729492,967300
25.95744546664682,26.02895521907382,25.05644440861173,25.542699813842773,1469900
26.815534550522703,27.773743094240736,25.893079507308585,25.9288330078125,1669600
25.850187026567077,25.92884366888979,25.25666830846143,25.26382064819336,882900
25.34962369144708,25.67856031877665,25.299568236323786,25.442584991455078,404200
25.406827025095094,25.614201169510086,25.392525077775005,25.45688247680664,259400
25.421128972415183,25.49263870901563,25.278112227031826,25.45688247680664,544300
25.506942749023438,25.814427854972507,25.449737676749542,25.506942749023438,344900
25.514096753894144,25.921692808800163,25.4568889500668,25.87163734436035,623000
25.885941131972817,26.028957923870255,25.7357747279988,25.771528244018555,286300
25.800121985181047,25.871628989053637,25.556994353069967,25.7429141998291,403800
25.742919531843228,25.850182787686407,25.671412513159716,25.721467971801758,389200
25.707167406790063,25.87163574087282,25.707167406790063,25.79297637939453,471500
25.792978567107024,25.792978567107024,25.549850850924347,25.57130241394043,381300
25.564142738608687,25.714309076243268,25.38537250966737,25.685705184936523,351200
25.63566261497847,25.69287042632549,25.499798154757176,25.56415557861328,400200
25.492637812457318,25.61420026867651,25.313867568969727,25.313867568969727,507400
25.278122229868476,25.54985388084237,25.206615192789428,25.385385513305664,335900
25.392524292434796,25.514089476987017,25.21375404818899,25.413978576660156,401100
25.38537457523779,25.514089368774247,25.22805588806713,25.313867568969727,647400
25.385370956725673,25.535537285173874,25.04928207397461,25.04928207397461,562000
25.027838206109944,25.449736159268515,24.81331442419258,25.37822914123535,730200
25.42828612065869,25.471189242918093,25.07789516457129,25.170856475830078,488600
25.249517981567678,25.564152725404224,25.249517981567678,25.47119140625,264300
25.34961752737588,25.492634247730898,25.199451198520784,25.235204696655273,317500
25.228050071903418,25.564138925078556,25.135091530749413,25.449726104736328,629100
25.42113205443854,25.55699920654297,25.24236178298986,25.55699920654297,352500
25.456888072694767,25.621359139120766,25.28527012276401,25.399682998657227,351100
25.39968323129377,25.40683284268215,25.00638913729728,25.034990310668945,262000
25.027834331811555,25.027834331811555,24.427166198735378,24.62738800048828,656800
24.670300341577846,24.963483511886768,24.48438043779436,24.856220245361328,590600
24.863375981023477,25.12080567359543,24.39142245391441,25.020694732666016,762600
24.992080327011752,25.127944728644845,24.791855801457704,24.927722930908203,485600
25.006387314601007,25.170855642727272,24.734655728740325,24.799013137817383,390400
24.799009680583495,25.077890838432555,24.555882027722184,24.863367080688477,568500
24.85622263634318,25.034992945869817,24.61309490627422,24.827621459960938,491000
24.827608816724556,25.263808586289688,24.77755337377286,25.235204696655273,281000
25.170857705666247,25.30672214582271,24.8133171210057,24.856220245361328,404300
24.863366033540604,24.870515643110007,24.3413572448152,24.62738800048828,465500
24.59504870688117,24.76759629909386,24.48720886148031,24.51596450805664,264000
24.48001235234073,25.220525620736804,24.336223181799237,25.076736450195312,407000
25.033595465221264,25.155817203420362,24.918564692972083,25.02640724182129,240300
24.9473205454336,25.26365445144847,24.889803793858352,24.99764633178711,215600
24.99765627406456,25.270855467606733,24.98327708045173,25.155824661254883,157700
25.16301107923574,25.256474459729915,24.947328675638115,25.09111785888672,237800
25.141438100468132,25.263657096537287,24.81791319535867,24.961702346801758,348400
25.019212430304894,25.594366203147054,25.004833243165148,25.551231384277344,226200
25.5656253013576,25.61595111406776,25.33556365966797,25.33556365966797,308100
25.40025520324707,25.457769211906022,25.32117104161007,25.40025520324707,95600
25.306793955040195,25.313982178263288,25.076732416203,25.184572219848633,184500
25.19176389209072,25.23489871773868,24.83948060818265,24.961702346801758,464700
24.968894792595446,25.127063160184925,24.774779816703926,24.911380767822266,220900
24.91137986396521,25.177388046809263,24.81791649173069,25.076736450195312,163000
25.019218972954587,25.14862894850411,24.861053358155353,25.112682342529297,145700
25.119856485330494,25.24926638833704,24.82509009349307,24.89698600769043,221900
24.911378768721804,25.191766130547645,24.810724433982863,24.976083755493164,386900
24.96169931577432,24.997645913632713,24.69568845801306,24.861047744750977,333900
24.796342771586023,25.004834136184545,24.774772618831292,24.861047744750977,249100
24.868242384090472,25.06954557807971,24.84667496832029,25.01203155517578,223900
25.069552658141568,25.40026866780262,24.87543763373761,25.33556365966797,420100
25.30679082019354,25.472147359340074,24.84666779951631,24.875423431396484,261100
24.968894843164048,24.968894843164048,24.674128266409667,24.825105667114258,282300
24.91138385493836,25.21333869315543,24.85386708048706,25.155824661254883,215700
25.184572673318513,25.393066803690672,24.9832695088488,25.342741012573242,278700
25.34275048755668,26.960372859102847,25.34275048755668,26.608089447021484,1201300
26.615271451254877,26.71592303721999,26.061684985896722,26.4283447265625,379400
26.428338598863956,26.902840781645292,26.428338598863956,26.564939498901367,461800
26.56495022595167,26.73749504797416,26.449919430419843,26.60089683532715,497600
26.457101821899414,26.58651178115867,26.370829429909875,26.457101821899414,317800
26.449922400939307,26.96037144202954,26.385217399776405,26.70155143737793,338300
26.701541424018178,26.888468131745213,26.493047304841784,26.816572189331055,352400
26.960364049769264,27.082583050370857,26.644030098903325,26.902847290039062,337100
26.910033352546158,27.283883995016623,26.79500259659752,27.262313842773438,496800
27.319841015611402,27.521144229689188,27.154484412254565,27.183242797851562,570200
27.355782360066335,27.370161550096697,26.99631083695758,27.068206787109375,313700
27.075389952778238,27.607408914312455,27.032252390745878,27.557083129882812,578000
27.463622795323953,27.679305144040267,27.398917816454073,27.657737731933594,561700
28.017215117777035,28.017215117777035,26.924421212970586,26.989126205444336,801200
27.140090856207824,27.679297959311292,27.125711671019168,27.542699813842773,695200
27.62898333390105,27.837477489464245,27.4636267513148,27.715255737304688,367600
27.549896292731702,27.880609423548478,27.499570500761756,27.758390426635742,430600
27.794327036055385,27.988441910669657,27.60740312487997,27.873411178588867,373600
27.72963133915442,27.945313691022132,27.578653967102014,27.794336318969727,524900
27.73682120447365,27.959691770789096,27.6145994729831,27.88060760498047,375600
27.823097595144365,27.830285819183686,27.50676088641046,27.56427764892578,373600
27.521144459587646,27.851860411614567,27.499577041485033,27.779964447021484,403200
27.67930886908179,27.86623286511193,27.571466308935406,27.72244644165039,413600
27.657737038665022,28.11786010240635,27.535515307174474,27.88060760498047,669400
27.823093886303838,28.25445857746676,27.650546364308774,28.16818618774414,550100
28.254454862960724,28.412623175449927,28.24007567613903,28.290401458740234,517800
28.283225195925983,28.664264208896938,28.276036970750383,28.592370986938477,709000
28.592358801769088,28.728956962296543,28.319159738164718,28.441381454467773,423200
28.391059428673422,28.506090195535428,28.182565306689224,28.419815063476562,386500
28.41264373461788,28.419831961955342,27.952520393579768,28.074739456176758,622500
28.10348723586417,28.11786642765948,27.70087809324669,27.787153244018555,420400
27.79433567325386,28.15380716553213,27.729630694941775,28.038776397705078,335400
28.03877217422272,28.07471876952594,27.607407545485216,27.815898895263672,361000
27.859044965754975,28.2185165137002,27.729634989090673,28.132244110107422,861200
28.074712377062525,28.39104892582133,28.010007423229933,28.211313247680664,414500
28.182568390844665,28.455767520495613,28.096295991894408,28.268840789794922,415400
28.470141310667263,28.64987705819054,28.268838151057146,28.577983856201172,380100
28.50608786150398,28.621118618947452,28.218509596620493,28.283214569091797,394300
28.250714469872992,28.54687372431354,28.07012949142124,28.481863021850586,412100
28.496310150787696,28.749128018416908,28.22904515422137,28.481863021850586,350100
28.510748093309413,28.633544516446623,28.192916870117188,28.192916870117188,271000
28.23626295302573,28.38795365003055,28.135135821689182,28.164030075073242,220000
28.236270172685156,28.481865878230074,28.077354493947745,28.294055938720703,332600
28.1712521247144,28.843028357359742,28.1712521247144,28.7130069732666,557200
28.73467536729501,28.857474561907054,28.503526859739175,28.532421112060547,329000
28.568546527723036,28.756356471325947,28.47464155592158,28.619110107421875,364200
28.676893621106974,28.749126506485673,28.489083710309643,28.56131935119629,460600
28.575772596974794,28.763579792470598,28.3085048017385,28.640783309936523,425200
28.619104893002266,28.92248907142693,28.51797775203002,28.915264129638672,397700
28.929720732810893,28.95139280976582,28.640786343330547,28.893604278564453,290900
28.74911956572115,28.929704491078073,28.61909819902358,28.90081024169922,219100
28.879138769309343,29.01638231031815,28.676884549821192,28.850244522094727,295100
28.785246786959547,28.99472604019766,28.676897444445856,28.951387405395508,219400
28.93693355933728,29.14641000844982,28.792465047340315,29.13196563720703,371400
29.1391933761073,29.2186512106239,28.778023405037803,28.908044815063477,334300
29.001938270170758,29.637595183037813,29.001938270170758,29.45701026916504,360800
29.435344638246477,29.7965145111084,29.363111765877075,29.7965145111084,287800
29.0525219645434,29.608724215486458,28.958616972693527,29.529266357421875,530900
29.52925249468385,29.782070328466563,29.218646152889246,29.442569732666016,418600
29.464241689753777,29.652048829068363,29.413678123188014,29.594263076782227,251700
29.601480833737796,29.745949326100355,29.32699097379967,29.659269332885742,281600
29.695382716233286,29.717052023433837,29.254755099775302,29.63759422302246,248900
29.637600365177665,30.11434451094031,29.601483927189566,30.099897384643555,358000
30.424956893859456,30.526084042559262,30.16491407976959,30.3310546875,940000
30.41049870737926,30.46828720305752,30.164903111760925,30.424945831298828,378300
30.518855302292973,30.518855302292973,30.099896912777638,30.367164611816406,299900
30.22991990520631,30.4610684236515,30.056559894126263,30.121570587158203,431600
30.049345034956318,30.591100073486842,30.049345034956318,30.461078643798828,263800
30.374389303869005,30.771675659312844,30.309378608941266,30.684995651245117,510200
30.677773675932684,30.843911507331065,30.489963775737788,30.54052734375,250700
31.24118183228804,33.010914070998695,30.916128522238104,32.88811492919922,1068700
32.75810684918228,33.38654442118969,32.50528903665573,32.69309616088867,1396800
32.79424505100386,33.227648053850444,32.65699865421214,32.866477966308594,1090900
32.79424505100386,33.22042586452361,32.72200938019004,32.866477966308594,719600
32.81589849357874,33.487674751748145,32.77978205340455,33.31431198120117,616200
33.227623850934435,33.364867392249224,33.025369630995364,33.21317672729492,954500
32.93869737616383,33.2709758146492,32.93869737616383,33.22763442993164,649900
33.1554088848752,33.71883323340622,33.06872609624845,33.567142486572266,688200
33.58157097601453,33.94996297889433,32.99647487737445,33.2854118347168,925300
33.27819050404459,33.84161460090387,33.27819050404459,33.44432830810547,880000
33.59602290551951,34.0222034979928,33.5599064665996,33.83439636230469,754600
33.91386071811347,34.022210055757476,33.54546580580256,33.79828643798828,642000
33.87773403280377,34.05109402284,33.51656417213639,33.66825485229492,714900
33.704379405402065,33.928305764934095,33.54546374666914,33.76939010620117,696000
33.84161743467837,34.35448077029819,33.81272593779742,34.18111801147461,603100
34.188344279926916,34.498947860888414,34.137777958529625,34.441162109375,243700
34.441152644122035,34.52783262532426,33.79104589633803,33.91384506225586,594100
33.8055017357689,34.108885881463756,33.78383242375771,33.94997024536133,681000
34.02219832251603,34.32558242540914,33.89217695777717,34.30391311645508,739400
34.303924146308745,34.303924146308745,33.884965668439456,34.02943420410156,720500
33.892192667421284,34.31115120477632,33.892192667421284,34.23891830444336,859800
34.34726674316571,34.69398961547522,34.282256032388396,34.46284103393555,1019900
34.477281880811866,35.30074889689852,34.441165438186786,35.11294174194336,861600
35.08406063881008,35.1490713621112,34.62898557570224,34.650657653808594,673000
34.6723054409752,35.047922413913305,34.45560408307056,34.91067886352539,506500
34.83122915128934,35.214068397748484,34.82400420955922,35.01181411743164,510000
35.01180239410826,35.01180239410826,34.4339284915414,34.6145133972168,782500
34.62175599676093,34.7662245460947,34.36171315906183,34.70121383666992,650400
34.77343795753716,35.06959716894859,34.77343795753716,35.04792785644531,527300
35.04070768575663,35.3296447508391,34.961252610591615,35.250186920166016,371100
35.39463606994427,35.39463606994427,35.19960407114297,35.37296676635742,679600
35.28630336442431,35.38743326605882,35.084049072171425,35.250186920166016,446300
35.148621553649036,35.554878353401975,34.996275253741686,35.53311538696289,528700
35.43882133569081,35.59842387812001,35.41705835896618,35.54764175415039,420200
35.65645161162092,35.75075966110696,35.19940986384616,35.40253829956055,505900
35.475086826469294,35.53312233746458,35.29372135755568,35.467830657958984,356900
35.47507509473074,35.7434951250785,35.24292759268675,35.69996643066406,334700
35.70722062156095,36.18602516396774,35.68545489184948,36.127986907958984,453600
36.12799346742349,36.135249634450204,35.765262603759766,35.765262603759766,448000
35.72899177302644,35.89584764617084,35.62742756914872,35.663700103759766,269200
36.193284627710355,36.22955716008637,35.28645748122566,35.489585876464844,1291900
35.438814364480336,35.50410604922884,34.909227484816995,35.1051025390625,665800
35.105086167578726,35.50408949166729,34.959993294978425,35.38801574707031,718700
35.36624311188497,35.48231682473505,35.2429160027261,35.35898971557617,513700
35.35174975762543,35.8087914222317,35.25743895788388,35.743499755859375,476600
35.60564760953741,36.01190423116765,35.496827290220345,35.97563171386719,361900
36.091714381661696,36.46895474346953,36.01916932906711,36.127986907958984,512300
36.033685836359474,36.38190993142209,36.01917903586421,36.22956085205078,344700
36.265828606731745,36.556011602325576,36.16426165248654,36.302101135253906,238200
36.1787848286462,36.403679017960286,35.95389340674969,36.38191604614258,320300
36.49072323531772,36.563271066322066,36.02642818655704,36.1207389831543,320300
36.258582037945445,36.468966633444325,36.171527392966254,36.425437927246094,383400
36.2731050502363,36.4181980239209,35.910373999733935,36.113502502441406,310700
36.004665826502105,36.83169174194336,35.99740965957125,36.83169174194336,518700
36.77365757355478,36.933260054815015,36.527000451342204,36.6938591003418,401900
36.76640449056049,36.99855204671513,36.20054516836069,36.29485321044922,359000
36.30211301237609,36.45445934246292,36.14976668228927,36.41093063354492,428900
36.52699653637799,36.91149313025665,36.43994190475617,36.71561813354492,719200
36.28035592584436,36.28035592584436,34.29259145733789,34.90923309326172,2711500
34.90922058072405,35.221169372003295,34.6408004931409,35.170387268066406,1146900
35.257443445675584,35.721741336431386,35.170388801903904,35.71448516845703,803500
35.874083008978566,35.874083008978566,35.554878077459314,35.67095184326172,613000
35.67822219358178,35.69998516850347,35.3735267075883,35.496856689453125,532400
35.62016233312798,35.79427432931707,35.43154354072141,35.72172927856445,636300
35.79428307437607,35.8160460414356,35.32273182702842,35.36626052856445,467100
35.366257283924575,35.366257283924575,34.73510639034968,34.996273040771484,848600
35.0978490065433,35.56939760137554,35.0978490065433,35.293724060058594,646800
35.25744202865285,35.44606364456406,35.134114852217685,35.148624420166016,453000
35.27920408171719,35.54762414219994,35.22116581598209,35.489585876464844,478400
35.54037825155369,35.88134344882657,35.163137746823814,35.24293899536133,729700
35.308228159741425,35.53312233746458,35.14862842894131,35.467830657958984,445300
35.37352752685547,35.504110914245906,35.22118116403931,35.37352752685547,374400
35.38078580861905,35.62018685484464,35.163147739118095,35.54764175415039,317500
35.54037321490401,35.62017168471536,35.409789875333395,35.52586364746094,403500
35.54762682418618,35.65644719694132,35.19214933828083,35.31547927856445,347200
35.32999692702964,35.32999692702964,34.91648384384561,34.98902893066406,399800
35.04706721405295,35.38077904128608,34.92373724556039,34.98902893066406,376500
34.82216620056167,34.82216620056167,33.58162719384677,33.9733772277832,584700
33.95159912109375,34.21276571522323,33.58886835533972,33.95159912109375,478300
33.53809685066157,34.22728607651386,33.16085640316961,33.980628967285156,641900
33.98787217065997,34.03140085949452,33.38574052923761,33.39299392700195,470500
33.32045280122332,33.70494657855686,33.21163245003782,33.37123489379883,446300
33.55261047943506,34.038668589371426,33.52359134132674,33.842796325683594,441200
33.6976927808995,34.0531674247186,33.61789155996398,33.625144958496094,419500
33.65416925107036,34.08944795002693,33.65416925107036,33.85004425048828,420500
33.91532909356525,34.02414943826514,33.76298282491845,33.8935661315918,430600
33.7485011463532,34.11848564268888,33.7485011463532,34.02417755126953,355500
33.9661254840202,34.06768970588009,33.516339886890336,33.53084945678711,593700
33.53809422542523,33.84278957999475,33.204382505948395,33.697696685791016,618300
33.61064167031778,34.15473794177188,33.61064167031778,33.857295989990234,527200
33.900833803193485,33.98063505391697,33.472811177200036,33.53084945678711,606600
33.284178825202105,33.62514389374374,33.284178825202105,33.42927169799805,999500
33.618761431318504,34.17992468933229,33.45842827757554,34.11433410644531,1028200
34.18721241525172,34.76295168609435,34.01230326179936,34.65363311767578,601200
34.66091601700347,34.95242751140907,34.60990143598034,34.91598892211914,595900
34.95242315903554,35.17105744763633,34.741075475350925,34.92327117919922,425700
34.83582116086995,35.09818344288203,34.529733685246555,34.98886489868164,444500
34.98888337449367,34.98888337449367,34.58805313424472,34.762962341308594,403700
34.762946081960784,34.792098066184366,34.33296404496474,34.44227981567383,504100
34.54432060093326,34.77024158626747,34.15806366133667,34.38398742675781,427000
34.464161579258395,34.77024921887126,34.08519394443707,34.41314697265625,491300
34.303809487640514,34.44956661773907,34.216356321615784,34.35482406616211,333000
34.434996779453755,34.91599344866171,34.3912687985852,34.8358268737793,338000
34.84311693852631,35.00344731132393,34.70464638645848,34.77023696899414,261000
34.762943933443246,34.80666912698996,34.56617222222484,34.69735336303711,171900
34.697365940722186,35.06175751282792,34.697365940722186,34.93057632446289,225700
34.96701627210117,35.010744263269004,34.784820479032646,34.81397247314453,154300
34.68278708615658,34.72651507203717,34.40584873575323,34.48601531982422,264400
34.50787270105465,34.9378547668457,34.391267536437745,34.9378547668457,313300
34.937860636804636,35.02531661002573,34.69007427285197,34.7410888671875,224400
34.83583093429553,35.22208786010742,34.73380174712943,35.22208786010742,259600
35.26581696287615,35.44072614597905,35.0617585659954,35.19293975830078,201100
35.19293356076749,35.222085549498786,34.87226724489657,35.03260040283203,268200
34.8722678503351,35.090904989529044,34.668209485846575,34.99616241455078,226000
35.16377833017214,35.38970205188104,35.01802118004016,35.30224609375,361600
35.71037319904465,35.71037319904465,35.185648458328814,35.33140563964844,361900
35.27308798665452,35.418842319919094,34.89412060397807,35.08360290527344,317400
35.12733684939898,36.03831548771282,35.11276085757562,35.97272491455078,578700
35.93628962386102,35.97272821672127,35.46257957641843,35.673927307128906,394000
35.644785597694266,35.644785597694266,35.25124200913199,35.45530319213867,665800
35.550038105405186,35.81968984934247,35.41885692729701,35.469871520996094,436900
35.41884870538526,35.59375782895613,35.098185222272576,35.20021438598633,476200
35.258532206496085,35.593771813291525,35.22209360229437,35.345985412597656,742600
36.78897906022651,38.53806001665948,36.56305524616025,38.44331741333008,2622300
38.6182225938107,38.6182225938107,37.55419701989447,37.79469680786133,922000
37.76553526599961,38.3558505035272,37.76553526599961,37.947731018066406,618700
37.955026320783105,38.03519012891437,37.58334537178704,37.73638916015625,553200
37.714515719642684,37.91128743961638,37.401138844879334,37.6999397277832,611500
37.66351030860999,37.721811510157096,37.12420959884333,37.21895217895508,489900
37.05132867543002,37.342842994106874,36.956586104847055,37.189796447753906,490500
37.18979773573196,37.371993496193255,36.89828618704589,37.0877685546875,376700
37.08048360200923,37.58334292248839,37.00031701901542,37.328269958496094,549500
37.3865727579418,37.55419253860448,37.05861980443355,37.10963439941406,404800
37.02219245509803,37.306417507810266,37.0003298449164,37.16794967651367,357200
37.371989512633185,37.48859467569576,37.02946340993548,37.14606857299805,349300
37.18980614639872,37.7436829403117,37.16065693099854,37.71453094482422,559200
37.49589466833471,37.84571025647181,37.47402928276621,37.83842086791992,640600
37.8384208937706,38.15179787962387,37.51047069097795,37.561485290527344,323900
37.605200902605326,37.772823435580776,36.59219299857518,36.628631591796875,553200
36.77440633390176,37.69996150087388,36.76711972380683,37.481327056884766,498000
37.48130735660747,37.70723107203319,37.17521707183436,37.226234436035156,341900
37.23352760143568,37.36470877800669,37.05861843931207,37.240814208984375,527200
37.240805675971224,37.59791052594344,37.08047532585524,37.40842819213867,532100
37.46673957941976,37.67079796062202,37.36471038881863,37.49589157104492,455700
37.46673648439694,37.56147905930883,37.160648937878584,37.41572189331055,317800
37.350145834473736,37.69267489077895,37.21896461206271,37.481327056884766,342300
37.408440653782456,37.42301387039536,36.94930648803711,36.94930648803711,311000
36.88371702856634,36.93473162854353,36.184085845947266,36.184085845947266,540900
36.439151717824366,36.75252864500459,36.05289759924315,36.7452392578125,592600
36.75251576157758,37.02216461134104,36.61404803442027,36.93471145629883,382200
36.76711081432908,37.19709298801827,36.69423083060126,36.90557861328125,739100
36.94930029289501,37.86027908325195,36.847271113188896,37.86027908325195,827300
38.14449449363709,38.24652364785927,37.69264990490203,37.984161376953125,485600
38.18822565674111,38.253816229948825,37.68536366878657,37.72909164428711,572200
37.78739410196781,38.00603120673501,37.70723031431761,37.93315124511719,413800
37.940465997249206,38.13803482055664,37.75753221174396,38.13803482055664,310200
38.196585410953034,38.21122045275499,37.51607131958008,37.51607131958008,505900
37.45754567379073,37.67706859457534,37.04045659045982,37.63316345214844,475400
37.62581841244035,37.62581841244035,37.003844678932,37.15019226074219,712900
37.11361939570691,37.530708339323496,36.87946429723265,36.95263671875,700900
37.22337350361623,37.41362624259513,37.09166092781502,37.25264358520508,576100
37.069723301754046,37.89658526487855,36.798981926542346,37.82341003417969,920200
37.82338877267565,38.51122159784816,37.58923374876315,38.22584533691406,805300
38.21121578872461,38.76733335257599,37.977060731171555,38.15267562866211,761200
38.416110173250175,38.73807275838791,38.35756999885287,38.686851501464844,384900
38.69414876521004,38.81122625713747,38.547801202463845,38.78927230834961,272300
38.78196378238688,38.81854998240252,38.39414503779442,38.42341232299805,569800
38.4307404450002,38.71611678137972,38.30634398552649,38.46001052856445,557500
38.460012392344865,38.642946236463295,38.211222252689836,38.445377349853516,393800
38.15999660352134,38.59172053755917,37.89657145172218,38.013648986816406,740600
38.04290585291168,38.55511814642142,38.03558693937717,38.39413833618164,387500
38.59902707168007,39.433204650878906,38.3941421340096,39.433204650878906,641800
39.44053128801474,39.57955998132187,39.22100847884241,39.46248245239258,375300
39.367356199206164,39.43321248387447,38.869776002011974,38.94295120239258,372200
39.03806971248694,39.18441730291786,38.657569885253906,38.657569885253906,465500
38.63563365888986,38.67953879356787,38.123418253044,38.496604919433594,543400
38.59172045988182,38.95026918917119,38.4234188866333,38.92831802368164,350200
38.92100434812655,38.97222560206456,37.911211520763835,37.933162689208984,669400
38.10145382738579,38.29902267768632,37.977060176093836,38.1160888671875,338000
37.99169642757259,38.21853538137763,37.19410760945366,37.23069381713867,451000
37.318507033990954,37.318507033990954,36.294076312596644,36.63799285888672,745500
36.76237265925388,37.11360517235959,36.34528108413371,36.84286117553711,1289700
36.842864907384076,36.91604009961885,35.745262145996094,35.745262145996094,1056100
35.745271656728406,36.169679510567605,35.59160789917239,36.12577438354492,807800
37.13556553514317,37.55265442227926,36.66725540161133,36.66725540161133,1028900
36.66725045266376,37.94046810743979,36.54285402010047,37.84534454345703,1213300
37.90388554272848,38.123405560333296,37.57460412064703,37.786808013916016,750300
37.85998615619724,37.991695943916795,36.462371826171875,36.462371826171875,1010400
36.733110369011634,37.19410436136147,36.081866438504676,37.08434295654297,1074100
36.96726759602452,37.391672617433294,34.31106768226841,34.72084045410156,1784100
34.7281555827244,37.34045029877499,34.72083945814645,37.15751647949219,1712700
37.15750295258512,38.28437553906145,36.09648942007762,36.10380554199219,1622900
35.89893080709103,36.930677353021885,35.32085931483268,36.001373291015625,1031200
36.47699375696004,36.718467680723876,36.04526993466692,36.5355339050293,598600
36.6379833749555,36.78433098175031,36.28675079345703,36.28675079345703,675400
36.36725726492835,36.79898134955876,35.489174049757224,35.54771423339844,646700
35.73063434196396,36.25748183482637,34.42814367170346,36.1769905090332,1171900
36.95263774057546,37.194111762688145,35.584293322650694,35.76722717285156,736500
35.77453557856393,35.986739468927354,35.02816529584831,35.555015563964844,707000
34.794013149246204,35.833078732496666,34.5818092411484,35.613555908203125,612200
35.77454816504034,36.57213997206566,35.679421768418216,36.44774627685547,379700
36.68920962549131,36.87946237769227,36.294071870626674,36.75506591796875,434000
36.667261544149206,36.7184827991256,36.27944267322818,36.659942626953125,353300
36.51358916189128,36.71847413344334,36.08186526372918,36.25016403198242,292400
36.111137018193496,36.13309097596701,35.3428154884902,35.37208557128906,421500
35.47452728954988,36.594081414171086,35.36476866849116,36.58676528930664,394800
36.41847664899957,36.93069206400698,36.286764033959116,36.45506286621094,352100
36.65993954186827,37.10629854739882,36.46968958101611,36.75506591796875,357500
36.90873022434525,37.011175518564656,36.528227505576886,36.79165267944336,307100
36.513597779220014,36.83556035212152,36.28675879907522,36.659942626953125,402800
36.72579341910623,37.01848865339019,36.57944859331288,36.73311233520508,319700
36.47699569622419,36.4843146107959,35.64281808132433,35.664772033691406,654600
35.75990867822814,35.81844885083167,35.094029567282895,35.562339782714844,533800
35.75990545824302,36.27943967359635,35.576971622352794,35.811126708984375,677600
35.95747433596632,36.28675579883848,35.52575037161144,35.811126708984375,640600
35.9355032024287,36.05989680187112,34.92570820779868,35.3793830871582,1119800
35.19646700820326,35.84771377353948,35.05012218047245,35.613555908203125,600900
35.78186022104436,36.87946326105985,35.576972422124236,36.51359558105469,1066700
36.726785014871204,37.763309478759766,36.55035687019113,37.763309478759766,957300
37.84416578708416,38.75572036193724,37.836815784344076,38.5645866394043,1018600
38.78511726957551,38.895386923800544,38.29993583867821,38.696903228759766,921000
39.130633328475405,39.13798613570256,38.29994278108741,38.44696807861328,2339800
38.35873972627471,38.8953794786161,38.20436448332854,38.49106216430664,787800
38.4543263266485,38.63810727348997,37.895630677856595,38.02060317993164,985400
38.14556993906977,38.821885229567194,38.07940869113279,38.726318359375,701900
38.770424406853174,39.19679468621726,38.74836878938181,39.06447219848633,638900
38.8512859561225,39.04241968621786,38.51312973121451,38.858638763427734,554800
38.858625709630964,39.63050476519692,38.83657290367214,39.50553512573242,568400
39.586397504028376,39.623155920730106,39.101216128864365,39.270294189453125,459100
39.08652634155841,39.18944601661977,38.69691167235798,38.785125732421875,500700
38.902744800028266,39.2997122704631,38.638102624012745,39.233551025390625,467100
40.24801424361392,40.24801424361392,39.137978920273255,39.601104736328125,558900
39.77754532884162,39.77754532884162,39.34382221760775,39.52760314941406,321100
39.70401752499877,39.976015228963405,39.47613104320627,39.843692779541016,474800
40.00543248271888,40.00543248271888,38.998313746684296,39.10123062133789,1135300
39.00565653345506,39.534943582018535,38.59398633632898,38.718955993652344,561700
38.81451589908602,39.04975516844077,38.74835467931292,38.96889114379883,412600
38.76307473388202,39.19679785556435,38.00589817396737,38.19702911376953,763800
38.366089236286946,38.366089236286946,37.73388546787933,38.03528594970703,708200
38.204362054295096,38.380790090938206,37.836800372970025,38.027931213378906,674000
37.925034113340644,38.491079733453134,37.697144742872126,38.19702911376953,450100
38.16760412404997,38.38814337904455,37.48394196809537,37.49864196777344,781300
37.32222906423708,37.697140902074736,36.90320879665854,37.55746841430664,870900
37.38838523904816,37.991186342431355,37.38838523904816,37.83681106567383,474400
37.80004950626951,38.211719681060835,37.19724845291978,38.08675003051758,813900
38.16761739864875,38.16761739864875,37.608924675557624,37.770652770996094,737000
38.101450749871006,38.586632127310736,37.858858659014395,38.24112319946289,575200
38.27053813834612,38.57928872456688,38.12351284783778,38.3955078125,373000
38.55723434951309,39.035063018953,38.10880849356362,38.138214111328125,665400
39.498198205002815,39.498198205002815,37.2928269854877,38.38080978393555,1437200
37.93238220627702,38.285244053833715,36.95466913298377,37.5280647277832,943600
37.80004698631009,38.13085310433247,37.336921225352214,37.78534698486328,792200
37.704492009622065,37.704492009622065,37.123743663445346,37.40309143066406,654200
37.41042476320328,38.094089665223535,37.395721960503906,37.910308837890625,644700
37.6162755412734,37.82211206863031,37.11639404296875,37.11639404296875,1049200
37.234020846597595,37.234020846597595,35.98430985075136,36.807647705078125,2305000
36.24894979379859,36.93261504286902,36.16808574003928,36.38862228393555,827900
36.13868509343973,36.60916386630971,35.94020133533371,36.212196350097656,921400
36.440075660558705,36.71942340634169,36.190133531021075,36.609153747558594,709800
36.79293376173679,36.969364650710624,36.35921074746136,36.542991638183594,628900
36.44007430569244,36.645908003209016,35.778461986140854,36.1680793762207,800100
36.27100424062005,36.395973926222894,35.624094585681924,35.9034423828125,930200
35.822583318534996,35.88139457003332,35.10951231762926,35.146270751953125,1210100
35.24917776958865,35.60203676696924,34.896318772208055,35.381500244140625,874300
35.021288811872985,35.43295904865581,34.73459104872608,35.09480285644531,1064200
35.124202293893795,35.57262810772347,35.01393544404515,35.491764068603516,296000
35.22712045563319,36.35921143697684,35.190364837646484,35.190364837646484,913700
35.3006337893081,36.10926858592582,35.227119750532225,35.80051803588867,1076600
36.02105285025121,36.53563988039526,35.837271968362174,36.447425842285156,968000
36.47683450091479,36.837046321054885,36.26365077498918,36.337162017822266,747200
37.00612563655871,37.00612563655871,36.30775758964568,36.859100341796875,808200
36.866447001817065,36.866447001817065,36.395965576171875,36.395965576171875,719000
35.99165512442979,36.55770070122132,35.99165512442979,36.14603042602539,584500
36.48419461522253,36.63121993461072,35.62409831958017,35.925498962402344,1108300
35.92549357876138,36.395972286879896,35.92549357876138,36.38862228393555,608700
36.513594556026796,36.70472829744005,36.388624867181164,36.58710861206055,510900
36.58709604158816,36.80028252442839,36.49152920371606,36.726768493652344,403400
36.631214225007646,36.74883390133021,35.83727930662461,35.85198211669922,802600
36.587111320018245,36.587111320018245,35.58734251815834,36.0651741027832,863400
35.83726955075225,36.09456164633029,35.64613868036192,36.02840042114258,659000
35.77110977804801,35.86667661926042,35.53587047988948,35.60203170776367,606600
35.455024888201905,35.455024888201905,34.78606226028395,34.79341506958008,692200
34.977178340826136,35.315334486161035,34.977178340826136,35.15360641479492,876300
35.39737111748543,35.39737111748543,34.79904504734002,34.954166412353516,533400
35.00587259298579,35.23486328125,34.84336289048689,35.23486328125,528700
35.54511170664306,35.84058342808511,35.4416974494865,35.655914306640625,572200
35.500794551495126,36.10650907222798,35.500794551495126,35.914451599121094,169600
35.80364227294922,35.94398975988376,35.61158485101084,35.80364227294922,315500
35.670681375298216,35.966150222593704,35.60420039153707,35.71500015258789,474500
35.862730385588875,35.943985221701766,35.5672615844275,35.6263542175293,452800
35.44907980936956,35.77409639383903,35.42691760241419,35.552494049072266,473600
35.45647256727587,35.46385809255005,34.6956366618078,34.86553192138672,673200
34.90984289856181,35.05757873143906,34.42231662254556,34.533119201660156,817500
34.35584367669738,34.422324676155014,33.875705629794275,34.04560089111328,772100
34.12685765891057,34.3410745377357,33.65410511103957,34.2967529296875,978500
34.37061316539304,34.64392547157265,33.52852249145508,33.52852249145508,684000
33.498977666536895,33.65410187085667,32.91542538147039,33.63932800292969,766400
33.432494603965736,33.956957020571814,33.23305444384288,33.72796630859375,914500
33.66147907358406,34.03081722696359,33.41771735762335,33.772281646728516,776400
34.09731349532879,34.09731349532879,33.646720295323284,33.94219207763672,565700
33.7501161291804,33.91262580242323,32.96712112426758,32.96712112426758,874800
32.797227931713905,33.196110981032405,32.597784998141464,32.73813247680664,906500
32.8710912184272,32.90802446521977,31.82217235682269,31.844331741333008,1042000
31.95513423002311,32.42788941023614,31.378967640592634,31.622732162475586,1165400
30.293122455151387,32.10288046940542,30.293122455151387,31.740930557250977,975800
30.95054659089692,32.73075684972741,30.73632972883098,32.671661376953125,1346500
32.54608453474775,32.75291303353546,31.53409579636054,31.785245895385742,1480400
31.86650421147636,32.10288046940542,31.571035297978664,31.740930557250977,1202200
31.718766019887752,32.117651982578096,31.4380709953223,32.088104248046875,1114900
32.30231479987744,32.472210013573246,31.90342891494303,32.13241958618164,1076700
31.93298346389071,31.93298346389071,28.90441106364883,29.162946701049805,3346300
28.771452471438618,31.807413572903553,28.71974533785195,31.430686950683594,3735400
31.164767244065438,31.711389211837574,30.994871950551513,31.52672004699707,1467000
31.497164586555346,31.65228597073311,31.356817070084105,31.445457458496094,833400
31.157377522888535,31.5341013286041,31.00964164733887,31.009641647338867,1115300
31.13521684975229,31.6153549032956,30.89884058570662,31.2977237701416,1209300
31.35680244838664,31.60056410731017,31.017012103062534,31.3715763092041,982300
31.25340734612877,31.615357295031146,30.99486885051381,31.20170021057129,700200
31.12782580082727,31.504552376161097,30.94315668447891,31.349428176879883,650600
31.474996650809853,31.859108653440405,31.23862046731819,31.726146697998047,887300
31.098265520035408,32.110253898195914,31.098265520035408,31.86648941040039,675900
31.829572960352365,32.088108628224255,31.482394076786584,31.57103729248047,611900
31.571032580008957,31.667058489269465,31.039184636542053,31.652284622192383,485500
31.932984014737794,32.1102676104617,31.36420278481701,31.607967376708984,710600
31.60056690890936,31.9477456243348,31.024400375076567,31.910812377929688,789600
32.161971594652584,32.161971594652584,31.48977617370189,31.58580207824707,669500
31.763087673170755,31.785247065191562,31.046570607675964,31.66705894470215,596700
31.80739677409581,32.03638458251953,31.253389648695,32.03638458251953,569600
31.9403592331482,32.39094933555262,31.68920921947023,32.19150924682617,661600
32.065946084331074,33.188734679081875,32.065946084331074,32.974517822265625,939100
32.64211201583012,32.93019820452465,32.427897982253754,32.77507400512695,829300
32.34663031835917,32.67903516004577,31.718753880100923,31.85910415649414,1138100
31.74092830397964,32.191521394240574,31.51193758756736,31.918209075927734,632900
31.68922064474029,31.770472686785105,30.876674863848965,31.14998435974121,1013600
31.26079765587732,31.85912679609539,31.24602378376759,31.755712509155273,819600
31.6596766026031,31.667062128076786,31.068735940750916,31.12782859802246,767500
30.935767433239494,31.26817236619146,30.492559916694617,30.64768409729004,745400
30.514729011967447,30.54427393214465,29.89424060300788,30.027202606201172,859800
30.83236289783866,31.282953262329105,30.426088508648494,31.2829532623291,733100
31.231238948960176,31.622739377874687,31.068732048451825,31.186920166015625,467300
31.105670279877746,31.6522893543161,30.721558131928592,31.430686950683594,614400
31.785240135842383,31.80740234085878,30.581199801414556,31.083499908447266,892600
30.80280352793229,31.356810775492846,30.43346536289192,30.928377151489258,871700
31.262627473712755,32.82984445664431,30.349037135333838,32.057376861572266,848400
32.41390065083693,32.73328624585835,31.29233932495117,31.292339324951172,820500
31.440876443476753,31.641418156862095,30.854098269583396,31.530006408691406,882500
31.619154590582475,32.399048610658014,31.537450894817887,31.975677490234375,535800
32.28020090284737,32.28763005548839,31.78255534477782,32.131649017333984,566700
31.99052460780631,32.23563563106561,31.78997999788272,31.93853187561035,446600
32.087083293215095,32.480743355165615,31.55972682656603,32.0128059387207,627600
32.347035031510885,32.777835028666814,32.213338676075615,32.413883209228516,676300
32.584710348329594,32.725835825180205,32.26532498851682,32.718406677246094,716900
33.15663542266021,33.32746900405755,32.555004730215224,33.3051872253418,740500
33.47602901134465,33.83998087544564,33.364614423679484,33.542877197265625,649900
33.42404237960962,33.847413356413384,33.27549051346645,33.639442443847656,593200
33.67658067068723,33.98853704850874,33.46118060025357,33.7954216003418,470700
33.88455088393503,34.025676432918814,33.334912658245,33.43146896362305,662700
33.30519595188449,33.706285074200146,33.07494045572757,33.60972595214844,810300
33.70629321516689,33.97368602795981,33.33491493815259,33.52803039550781,424500
33.40918613744577,33.57259346976542,33.156648820856816,33.44632339477539,557200
33.0600845719215,33.38689918601474,32.77783919315638,32.85954284667969,625200
32.881819954092336,33.28290901430944,32.85210902369323,33.008087158203125,370200
33.07493604794197,33.33490244445314,32.80754333536606,33.05265426635742,344600
33.38692020929182,34.25594434385427,33.23094195437945,34.2410888671875,523900
33.32006360388097,33.60973824257373,32.63672601597211,33.164085388183594,1063000
33.46119828802842,34.122251485755264,32.60702954005269,33.98112869262695,788000
33.9959602355957,34.17422018210512,33.7508492674068,33.9959602355957,458600
33.9736878404863,33.9736878404863,33.43890218636918,33.706295013427734,546400
33.70627845431042,34.070227419702526,33.580008422058974,33.76569747924805,531100
33.90684038946545,34.01082586155226,33.26806925134177,33.73600387573242,532200
33.854844361415594,34.47875713326789,33.7954224783489,34.441619873046875,479200
34.5827470254931,34.65702154936476,34.32278052515935,34.493614196777344,708900
34.44905148391422,34.501044218612876,33.92912130353614,34.19651412963867,546200
34.33762142837339,34.493599562362746,33.8474024119852,33.877113342285156,682300
33.64687757338601,33.72115494260452,31.069513779429744,31.299766540527344,2567000
31.59685820089641,31.83454002421768,31.143776339755608,31.730554580688477,1033000
31.522580673722935,31.69341430613736,31.121494370110753,31.43345069885254,822600
31.19577417606289,31.411174249197234,30.950663161794573,31.336896896362305,743300
31.45572514256763,31.871669650534184,31.292320699008396,31.381450653076172,923700
31.262623711145107,31.6785684045985,31.262623711145107,31.589435577392578,731100
31.225484804924033,31.492877605673097,30.883817485474125,31.38888931274414,1019900
31.500284790246823,31.73054019178346,31.14376221693785,31.5671329498291,916400
31.66371359482298,31.66371359482298,30.92095701960662,31.166065216064453,676700
31.38889174006437,31.908821911350564,31.166065333339287,31.46316909790039,750700
31.35917958158771,31.58200595954404,31.002656810179364,31.344324111938477,887300
31.25520313033768,31.329477666587156,30.995236586680647,31.270055770874023,787600
31.114072482470625,31.440887188936365,31.084361539448015,31.166065216064453,749300
31.09922100390053,31.29233932495117,30.868968249391024,31.292339324951172,521500
31.292325998931773,31.39631143518769,30.519858710472597,30.623844146728516,528300
30.505013727995998,30.735269296980867,30.34160636720728,30.460447311401367,810400
30.4530205954057,30.4530205954057,29.888526826183153,30.05936050415039,455900
30.096490670619005,30.37873890537104,30.02964247905644,30.28960609436035,495300
30.393589221030634,30.75754108807245,30.23761106375158,30.690692901611328,435100
30.690693001754227,31.032360252163397,30.393589320204093,30.839244842529297,473900
30.8466796620501,31.277479835703495,30.82439787147888,31.166065216064453,879800
31.099213580916963,31.20319903663569,30.78725721376077,30.943235397338867,605400
31.01008846131014,31.284907613605633,30.653565628588296,30.92838478088379,549400
30.854110356550535,31.530018760442804,30.854110356550535,31.225488662719727,455400
31.418600320814768,31.91624866402741,31.374036742855406,31.856826782226562,624500
31.426024067813,31.76769132923113,30.995223999023438,30.995223999023438,633100
31.099225767201442,31.270059487593862,30.831832871494253,30.98781394958496,541800
30.735267495593092,30.920956637100122,30.319322798596428,30.757549285888672,502600
30.616422947465693,30.98780118667943,30.245044708251957,30.245044708251953,435900
30.445584947845603,30.750114947158742,30.282177639251483,30.497577667236328,318600
30.77982438556758,31.076928080753913,30.549571713519455,30.594135284423828,588900
30.334187959219335,30.80212553863449,29.487445656824907,30.564443588256836,373100
31.027526262767452,31.027526262767452,30.444917922931484,30.49720573425293,425900
30.310483277247442,30.564437265639643,30.019177583063197,30.15362548828125,366800
30.392634381640434,30.601777088752467,30.01916872168228,30.265657424926758,633300
30.17602598032247,30.325409962456124,29.907130253574987,30.034107208251953,571700
30.06398099185499,30.549487414679838,29.929533147051693,30.43744659423828,467800
30.198439352894702,30.355294276682546,29.49632480166524,29.72040367126465,1009200
29.75028725753175,30.676480854065975,29.727877371798307,30.444931030273438,1281900
30.288067422431894,30.325413422226042,29.83990972626782,29.97435760498047,811100
30.026638300803356,30.190961246372623,29.488846862497702,29.660640716552734,840700
29.675588852019587,29.78762971938546,29.100451241555486,29.175146102905273,1008000
28.88384121546033,29.414164773081016,28.72698627626948,29.33946990966797,855400
29.212486400470862,29.458972271464994,28.58506393432617,28.585063934326172,729700
28.58506030620443,29.61582626603859,28.510365468931404,29.600887298583984,583500
29.518722165244252,29.70545497030072,29.092971597660828,29.376806259155273,1054400
29.376808165811795,29.78761979373582,29.212482374915517,29.71292495727539,884900
29.7876153337488,30.049040098926493,29.309579849243164,29.309579849243164,763800
29.23489548422293,29.810033022714517,29.19754948288031,29.563547134399414,677100
29.33199325529924,29.922069681472212,29.04069049661854,29.675580978393555,579100
29.750278297739477,30.06398811034917,29.496321514014774,29.742807388305664,651400
29.727861341910067,30.28059168643121,29.085500050739917,29.892187118530273,766600
29.981820548314374,30.534550938613396,29.600886856519317,30.50467300415039,786300
30.6988785878485,31.02753021871395,30.34035186725472,30.92296028137207,773600
30.990187484055834,31.288958358031135,30.62418981548815,30.85573959350586,594800
31.027524335922006,31.109687228060356,30.639119749923985,31.042463302612305,484600
30.14614538414753,30.788506708182407,29.95941257364049,30.71381187438965,1237000
30.586836311594183,30.66152829944194,29.981820952487254,30.019166946411133,845600
30.078932054000276,30.093871026021233,29.451509475708008,29.451509475708008,806500
29.593420767523174,29.90713343183944,29.376812830683484,29.668115615844727,635800
29.68304794547522,29.929533766505184,28.75685197869589,29.376806259155273,580700
29.429098193181108,29.96688686169841,29.3618742534518,29.854848861694336,486300
29.7726979827406,30.937909609801203,29.735351967648352,30.571914672851562,802000
30.467325044158095,30.64658694073203,28.383386263599938,30.041574478149414,1327400
29.996757305012828,29.996757305012828,29.503782819968297,29.653169631958008,710600
29.429098626653545,29.653177479279396,28.83902213026229,28.943592071533203,637400
28.83902368297433,29.309591293346323,28.83902368297433,29.1826114654541,858600
29.033210988794014,29.59340931243569,28.913702127056432,29.458961486816406,632200
29.24236247443878,29.331993435510398,28.87636487197795,28.883832931518555,545800
28.868893554170704,29.824964629206697,28.756852728488926,29.78761863708496,618200
29.80254952267684,30.437439764542205,29.481368948749907,30.347808837890625,681200
30.347831334706985,31.341248868913862,30.347831334706985,31.057416915893555,787500
31.042464313874635,31.34870601771067,30.639120748046697,31.087278366088867,587100
31.094754331360583,31.266548207859945,30.683942639791063,31.184385299682617,545500
31.25908266374106,31.61761229720183,31.191858713631866,31.42340850830078,443300
31.44581896221186,31.946264611750262,31.102231112867823,31.191862106323242,598100
31.274003438493537,31.274003438493537,30.586828214395474,30.668991088867188,447800
30.586854141178485,30.698892188258956,30.288080316993856,30.594322204589844,438300
30.2955389045774,30.69887969902149,30.2955389045774,30.549495697021484,305100
30.81092514782993,31.020065061294165,30.519622311413993,30.79598617553711,281500
30.78104801112443,30.78104801112443,29.981831493046844,30.362768173217773,407100
30.42249920796277,30.571885977432476,30.19842047841602,30.527069091796875,315800
30.33288247764456,30.556961312029532,29.96688486367276,30.27312660217285,745900
30.482261252114878,30.64658416755215,30.27311859261511,30.63164520263672,880300
30.370226866686313,30.57936672112688,29.869784258041573,30.034107208251953,1060200
30.15361971102236,30.72128916858477,29.742808012373104,29.854848861694336,880100
30.13868582372374,30.736233321784063,29.877260930310577,30.676477432250977,815300
30.542017935483695,30.542017935483695,29.720394711539207,29.78761863708496,676500
29.458966190992953,30.138673484911767,29.31705028542888,30.041574478149414,610300
30.53455423515205,31.057406747435707,30.53455423515205,30.94536590576172,714700
30.713816320226776,31.4980936680175,30.713816320226776,30.825857162475586,1187400
30.997651762218812,31.371117446100968,30.594308139789995,30.77357292175293,1056500
30.39263700643951,31.221731299040375,30.39263700643951,31.184385299682617,618300
31.094744744877808,31.505556309794482,30.840788038495752,31.430864334106445,654300
30.855731351497553,31.77445645863946,30.624181635330096,30.870670318603516,737500
30.69031652109372,31.516939959324958,30.20185539244817,31.4267635345459,978700
30.945832862245698,31.501924412535285,30.57760775462841,30.67530059814453,897700
31.073566781546187,32.614096626330515,30.081617563110026,32.3360481262207,1049600
33.463250058175866,33.9742543446236,31.10361413545545,33.41816329956055,1063000
33.3280020803096,33.478298045870886,32.15569985557721,32.2308464050293,672900
32.31351889381329,32.832037118484585,31.69730783261274,31.877660751342773,653700
31.88516721472088,32.11812610119469,31.501912364930327,31.65220832824707,544100
31.877654723263635,32.178246686515564,31.787478280951024,31.99037742614746,610100
31.900192591411486,31.937765860268705,31.208832404480678,31.554513931274414,624500
31.08860357420221,31.111149834172323,28.864232278745195,29.30760383605957,1338200
29.938840380933314,29.938840380933314,28.939374708900456,29.653278350830078,694000
29.480429345058973,29.96137395396977,29.029544490869096,29.33013343811035,1033200
29.31511417079698,29.337660428325858,28.69890330927224,28.834169387817383,1186900
29.19487045374667,29.420315771013087,27.909845905278292,28.44339370727539,1316800
27.827192164790013,29.630738096683498,26.985538734346427,29.23245620727539,1846900
29.412807665791792,29.675826320981756,28.270562346085875,28.375768661499023,1562000
27.85723905594615,30.19433188518613,27.59422337633801,28.458419799804688,1376900
28.59369843658318,29.029556459773115,27.08323097229004,27.08323097229004,1908400
26.57973423050851,28.000024956822138,25.21956302558596,26.790149688720703,1265000
27.541634785113875,29.555593490600586,27.391338803114174,29.555593490600586,299300
31.55451328360273,31.55451328360273,27.586713680606184,28.052631378173828,1215400
27.684408722912224,28.105236813014486,26.331750895189227,26.34678077697754,1532500
26.30920462506411,28.01505750725523,24.798737339359405,27.985000610351562,1666500
27.451453086143577,28.428375450767316,26.72252236688656,27.08323097229004,834100
26.80517614676766,27.804641669252113,26.80517614676766,27.774581909179688,1285600
27.35375813451832,28.007542182937822,26.872810548718284,26.97801971435547,625800
26.016126924099524,26.857783033556597,24.738615746045564,25.39240264892578,1076500
25.227084411224222,25.535189887937975,23.51371764966067,24.45306396484375,1616600
23.040279708594458,24.588323024867332,23.040279708594458,24.009685516357422,960700
23.679041671205443,24.453063537384107,22.927564632195416,22.93507957458496,661000
23.558803671408306,25.437494693003362,22.905018066430294,25.399921417236328,967900
25.490089961127627,26.18145006116841,24.971572036089267,25.527666091918945,1155300
26.076242123915726,26.151388647427876,22.935069281285163,23.754179000854492,1749000
23.633950769633373,24.12992544446023,23.25821229274463,23.95708465576172,1461700
24.002170253170775,24.445540262391802,23.829329493649567,24.355363845825195,703800
24.61086572500376,24.881397837439838,24.099861260770393,24.422996520996094,897200
24.144952943021757,24.415485078329507,23.370931241073684,23.423534393310547,772500
22.995193993635535,23.739155970979258,21.58993152532285,21.612476348876953,1288600
21.67259636154627,22.28129231804966,21.514785449369185,22.206144332885742,654200
22.664539968081343,23.100396450801053,21.852945088764358,22.23619842529297,653200
22.266259598396818,22.266259598396818,21.139044264492263,21.402061462402344,637300
21.063901128306643,21.289343658210736,20.718220958014566,20.87603187561035,908500
20.966206136632078,22.13850975036621,20.28987718383656,22.13850975036621,1124500
21.665081768332183,22.15354152976505,20.928634655197786,20.93614959716797,787500
20.650583060380946,21.507267626055587,20.590464970976438,21.06389617919922,1048800
21.041356642062375,21.589934524802977,20.342482781404144,20.78585433959961,746600
20.79336642635284,21.184134768612978,19.66615104675293,19.66615104675293,678800
19.440710329823617,20.41011489999004,18.576510646089496,18.711776733398438,1469100
18.599052872374667,20.582951386762876,18.599052872374667,20.492774963378906,1569300
20.79336303457057,22.0633592230919,20.665611921721347,21.529809951782227,1196700
22.243717569531317,22.784780446900054,21.387032888703512,22.1835994720459,840400
21.725197434168635,22.92756078130253,21.477210110280204,22.91253089904785,563000
22.62697036440187,23.010223762968067,22.551822386252493,22.950105667114258,308900
22.551820847792758,22.957617608790844,21.1841331854244,21.259281158447266,1049200
21.627503276530568,21.852945747958106,21.191646780663255,21.822887420654297,775800
21.439641111834142,22.176088289178356,21.43212616920874,22.146028518676758,709400
21.76277389266523,22.176087115209558,21.101474743254453,21.394550323486328,617200
21.39454524136042,22.348921177626355,20.51531727619063,22.281288146972656,815000
22.85241250907758,23.43856500950595,22.529277211405347,23.29578399658203,825300
23.115436540014773,23.536263328737586,22.596916922365054,22.769756317138672,643600
22.98767739114819,23.43104885570411,22.754719964572015,23.15300178527832,690000
22.657022526125374,23.355896095951916,21.8153694133554,21.958148956298828,799900
21.702658067523295,22.784785495357813,21.47721551033348,22.61194610595703,784300
22.61945410548048,22.732175349473348,22.025786689347846,22.191112518310547,816500
22.77726859523793,22.98016773927225,22.303838692486554,22.897504806518555,1093900
22.852031259562963,22.94295509720253,22.283761248575452,22.47318458557129,868800
22.63988578651334,22.783847985685323,22.00342444557532,22.230731964111328,773100
22.283769739916536,22.624732454508727,22.02615378782153,22.12465476989746,814700
22.018576263105683,22.124654352972012,21.018420912730463,21.510921478271484,811100
21.94280943433223,21.94280943433223,21.03357783757558,21.124500274658203,844800
21.0941920661507,21.245731379501937,20.662306901841472,21.048730850219727,378800
21.17753656408666,21.321497306642026,20.950227618413304,21.283613204956055,297400
21.207843787298284,21.21542089675514,20.775958664558363,21.01084327697754,477200
21.268469926495403,21.80643340731145,21.056316535627037,21.776124954223633,782800
21.76096393585399,22.632312902745905,21.76096393585399,22.518657684326172,474600
22.87477806670778,23.18543243408203,22.3065076709959,23.18543243408203,554900
22.980850668668715,23.14754276824428,22.708080464648617,23.003582000732422,571900
23.329389942032037,23.427889488101602,22.882350539099118,23.11723518371582,499200
22.85204040236208,22.889924506844025,22.26103883421642,22.367116928100586,622200
22.223155347237114,22.73081016540527,22.17011702141426,22.730810165405273,681300
22.71566029836746,22.867199639919033,22.094351599341294,22.1019287109375,750800
21.988269484996767,22.02615358841474,21.601845560352626,21.80642318725586,616900
21.753384629645623,22.041309034312622,21.670039308451273,21.882192611694336,489800
21.46546131252687,21.707923052299833,21.071460262802823,21.222999572753906,658500
21.245735697686502,21.730659286673326,20.88204156076009,21.632158279418945,723100
21.889770061795787,22.02615515610502,20.63957577260449,21.16996192932129,2120800
21.18512006355486,21.48819876987913,20.677466554390374,20.95023536682129,2989400
21.063889348694367,21.609429868839328,20.66988962826193,21.586698532104492,1152300
21.41242071739921,21.723074969195196,21.01084260023537,21.457881927490234,1020300
21.025996818660982,21.813998834563055,20.87445752477649,21.457881927490234,838800
21.601848053098717,21.957963579953717,21.34423207360835,21.51850128173828,501600
21.624578869236682,22.018578494486203,21.579116206749934,21.8897705078125,433600
22.08676653944435,22.38984366829374,22.018574004805018,22.314075469970703,633700
22.064038757926266,22.458038340335786,21.973114888025062,22.261037826538086,746600
22.16253260636384,22.50349522453595,21.57153121659402,21.6851863861084,821900
21.39727020263672,21.927656377851417,21.306347766716865,21.39727020263672,863300
21.548797180298266,21.586681266035082,20.859296414554496,21.033565521240234,1281300
21.19269362673329,21.42757972931844,20.93507763661071,21.10934829711914,1225700
22.450460793930503,24.89781222700998,20.836574057368804,24.51138687133789,3880500
23.92038742067938,24.19315758712009,23.177848017797324,23.367271423339844,1850700
23.35969670180607,23.5415430162951,22.897503082571827,23.193004608154297,952500
23.10966014901466,23.632469258677286,22.34438926246101,22.50350570678711,1170500
22.685350036784957,23.071774001536202,22.147386752261674,22.268617630004883,839200
21.99584844533763,22.291348523380254,21.450308061029975,22.223155975341797,793400
22.154960976193347,22.579268993011368,22.07161421665939,22.117076873779297,564600
21.238153647708536,21.920077647458267,21.071460118863833,21.556385040283203,943500
21.647305218191413,21.723074864769423,20.92749718866481,21.177536010742188,920800
21.329077759310255,21.541232519489757,20.692614923957827,20.8062686920166,787000
20.541072286729236,21.018418579998748,20.344071793339772,20.654726028442383,1340300
20.90476680256985,20.90476680256985,19.813687600193443,19.86672592163086,853100
19.965235345890214,20.31377386002432,19.548502817250085,20.131927490234375,762500
20.040994414051887,20.260724785898738,19.813685488309332,19.919763565063477,887000
19.92734189924655,20.791113620533647,19.92734189924655,20.14707374572754,1032900
19.83642741121664,20.41227497412679,19.775811954341176,19.934926986694336,787600
19.578800280668098,19.9046087189788,19.207530636719014,19.24541473388672,787700
19.601535345862224,19.972805060645957,19.313610949786057,19.57880401611328,1434100
20.08645662937214,20.20768748444577,19.396955599196193,19.87430191040039,1197600
19.775808857872864,19.775808857872864,18.949922484019233,19.169652938842773,1077100
19.31361667036004,19.654579491655543,18.912038396966047,19.38180923461914,1067000
19.97280421632788,20.548651538951248,19.487879318484794,20.18495750427246,1408000
19.98795587520534,21.215420102745966,19.790956817443348,21.200265884399414,1216000
20.616839249178817,20.806262622413545,19.601531298211466,20.601686477661133,1609000
20.404691654077208,21.30634756534603,20.34407621564151,21.276039123535156,832800
21.260881423514718,21.518497356006872,20.972958499357155,21.457881927490234,672500
21.594266445734355,21.965536116466794,21.48818980986388,21.548805236816406,534200
21.685192968971716,21.973115921020508,21.374537241896554,21.973115921020508,498400
21.98840462268864,22.34761681976859,21.407549833668984,22.240617752075195,651600
22.393466538977794,22.699180566914674,22.202396000393502,22.317039489746094,666400
22.401110779870482,22.546324805432132,21.79732860243433,21.896684646606445,647200
22.271188004573208,23.432897567749023,22.202402474006682,23.432897567749023,641000
23.23417799473676,23.639248075176774,23.050750446354275,23.295320510864258,542400
23.409960189031302,24.013743750523588,23.081320109035005,23.692745208740234,684800
23.929681807931093,24.31182301227638,23.78446919986205,24.220109939575195,599600
23.77682114134851,23.952605708081226,23.356465031364934,23.585750579833984,573500
23.058391363662864,23.29531841007154,22.61510779727609,23.020177841186523,559900
23.157759470680194,23.593401725907583,22.89790330065117,23.280044555664062,560400
22.82146543195484,23.799745649556087,22.576895377554532,23.708032608032227,613700
24.296532783378535,25.007315490283673,24.082533234258413,24.586957931518555,603700
24.556392945070154,24.854462597798815,24.296536827087717,24.724533081054688,699600
24.411169134967693,24.6557377004739,24.281241127892557,24.55638313293457,720600
24.151324767903773,24.38825190997563,23.906754626700174,23.975540161132812,528700
24.02139229205579,24.510532484742637,23.822678724338566,24.418819427490234,420600
25.14488179370799,25.14488179370799,24.78566828035352,25.099023818969727,456100
24.953816564755414,25.198386650888246,24.62517496485716,25.053171157836914,286300
24.83917856491795,24.930891638662107,24.365322824729724,24.533464431762695,450800
24.311817907278567,24.95381657014496,24.067247821092913,24.86210060119629,511100
24.946172109591974,25.175456200903326,24.525817456270257,25.053171157836914,610100
25.129601952085178,25.167815482633323,24.617531313122434,24.762746810913086,908900
24.457030067500714,24.778027187694175,23.799746917955805,23.860889434814453,804400
23.4558245689404,24.28124940778347,23.4558245689404,24.19717788696289,756700
24.059603844723934,24.90795757219553,23.815033768489545,24.319459915161133,620800
24.151315145918886,24.388242193598018,23.837959595124808,24.21245765686035,693600
24.319461379011802,25.366527263134937,24.212462328656873,25.22895622253418,957300
24.671036855783324,25.267179156642953,24.60225131781899,24.709253311157227,646200
24.41882381845901,24.816251025358422,24.296538748298115,24.533464431762695,691400
24.732179207143304,25.259533019460306,24.732179207143304,24.877391815185547,986200
25.076104702606997,25.358888352940767,23.394682966300884,23.845609664916992,1616000
23.952602250217186,23.952602250217186,22.538680007576886,22.80617904663086,1422800
22.989610897470595,23.36410903930664,22.59982676019159,23.36410903930664,972500
23.318249995938803,23.3870355102611,22.890252373963193,23.088964462280273,717200
23.180680986219667,23.371751552033462,22.760326324530407,22.99725341796875,640500
23.64689579636119,24.07489349476397,22.943755991537333,23.03546905517578,1069000
23.081326420149747,23.730965219559785,23.073683422094557,23.669822692871094,857500
23.402321007401802,23.57810555904928,23.020179917166814,23.295320510864258,629700
23.440536295121863,23.73096290411787,23.257108732952908,23.593393325805664,551600
23.31824394428992,23.34117292903093,22.852031458821685,22.85967445373535,772100
22.89789585593598,23.226537461637452,22.75268327582586,23.043109893798828,481800
22.974317588808116,23.471100620545624,22.775604084562655,22.9284610748291,615700
23.14246718220427,23.677463885498128,23.088966199897445,23.578107833862305,761600
23.54753337888115,23.669818410132685,23.371748828676136,23.448177337646484,751800
23.59339467670388,24.074891872747617,23.425251641773716,23.654537200927734,981200
23.43289542857958,23.43289542857958,22.936112220313447,23.249467849731445,600800
23.325893055306814,23.60867665249796,23.241821546964935,23.425249099731445,370300
23.226542150208857,24.044324101892958,23.08132954078573,23.922039031982422,597700
23.82267562355926,23.975532642754285,23.295320510864258,23.295320510864258,644600
23.34882232658866,23.82267796649438,23.066038708344742,23.72332191467285,760900
23.89146174152605,24.38060188293457,23.601033689250286,24.38060188293457,1148500
24.640458893820075,25.351238642641803,24.640458893820075,25.206026077270508,658500
25.0990333577641,25.725744673175818,24.930890301993088,25.611101150512695,939200
25.420025165668704,25.527027124698808,24.67867340031583,24.984384536743164,580000
25.17545669556063,25.259528210977923,24.839173549396914,25.198387145996094,412100
25.565239142795242,25.565239142795242,24.976741522651682,25.412382125854492,714500
25.190743299828764,25.305386808261936,24.778030168075972,25.091388702392578,407400
25.014959817453615,25.27481592114646,24.80860324256468,25.190744400024414,889200
25.39709336600651,25.511736845099787,24.839167793129107,25.099023818969727,675200
25.221312377806882,25.61873946816628,25.213670838696498,25.343597412109375,737000
25.22131639234255,25.335959905782733,24.877388767527655,25.190744400024414,625300
24.854457453553408,24.94617050106321,24.518174335680648,24.8085994720459,613100
24.90031356723636,24.953813083896073,24.32710050341126,24.33474349975586,778400
24.26595615964496,25.014952251877364,24.227742638557498,24.716882705688477,808900
24.76310963893603,25.15592904025501,24.64757296537298,24.901752471923828,495800
25.140513657540062,25.163619807501014,24.78620564645265,25.00957489013672,787500
24.701489913568015,24.86323891002332,24.485824584960938,24.485824584960938,686800
24.778510476458,24.817024657756022,24.439607423859748,24.62446403503418,648400
24.716889897567302,24.83242655016894,24.35487926419626,24.478116989135742,717600
24.416499231037633,24.8786399859088,24.13151106103142,24.847829818725586,722700
24.82472217676415,25.12511394327481,24.593651813157418,24.947959899902344,603000
24.924854499322226,25.464020656201075,24.886343260592135,25.309972763061523,462000
25.202146530151367,25.34849044983978,24.855539416973627,25.202146530151367,852400
25.194433212280273,25.541040197443262,25.094304590736726,25.194433212280273,444800
24.95565994127204,24.95565994127204,24.377981185913086,24.377981185913086,495300
24.26245408284162,24.940263146587572,24.26245408284162,24.8863468170166,542500
24.88634380741281,25.032687693090413,24.354880180424196,24.362581253051758,830900
24.347170046702356,24.47811027718516,24.03907434972458,24.200824737548828,583500
24.385678253754357,24.385678253754357,23.85421485831713,24.04677391052246,558900
23.969761636855715,24.185426926616742,23.65396330564495,24.039081573486328,694800
23.969761006482976,24.478116989135742,23.684772849366936,24.478116989135742,693700
24.47810870912825,24.624452539797893,24.208525726096646,24.585941314697266,472500
24.894040154113892,25.217540969223126,24.8401238412988,25.209836959838867,531400
25.179027827051964,25.618062356887155,25.109706430855944,25.564146041870117,655200
25.487126007715865,25.687386205725964,25.31767303678642,25.54104232788086,550600
25.702787920376394,25.910752101570097,25.425502345451456,25.879941940307617,539700
26.02628859611672,26.265059999059925,25.541038842628428,25.96466827392578,522400
25.849132451675217,26.34978430632597,25.849132451675217,25.972370147705078,701500
26.03398486613429,26.550044685547107,25.92615226040514,26.36518669128418,751100
26.257360068786507,26.550050735473633,25.941563249383147,26.550050735473633,492000
26.496131549368585,26.580855079554265,26.24965615303926,26.4730224609375,491600
26.457619719103104,26.596262509065706,26.180337077396647,26.573156356811523,612200
26.419117857644487,26.519249449963738,26.149536191653947,26.226558685302734,729400
26.603967749227,27.02759721005543,26.542347422740523,26.68099021911621,575800
26.642478010188615,27.374203200261597,26.596262767013272,27.15853500366211,574300
27.235554052334933,27.682289545889343,27.112316370849086,27.58216094970703,485500
27.482045608380513,28.460246567024072,27.358807854280055,28.052019119262695,868500
28.23686983881214,28.321596323526137,26.888955970192484,27.643787384033203,979000
27.689999288404586,28.113628722608368,27.38190355177345,27.782426834106445,662700
28.129027430005795,28.629679215824225,27.851741917506708,28.406312942504883,771900
28.360104477121705,28.390914638798474,27.944176109141583,28.005796432495117,447900
27.890259407140277,28.11362866885987,27.68229522604466,27.944175720214844,395700
27.844046549406187,28.498746302694137,27.813236388771344,28.2830810546875,310400
28.38321546813449,28.899275480434355,28.313894061652995,28.752931594848633,431800
28.79143659932276,28.806841679451324,28.013496213032493,28.259971618652344,310900
27.790135623291118,27.851753018283976,27.26637454386542,27.46663475036621,407500
27.482036632159705,27.690000825194893,27.274072439124517,27.52054786682129,370500
27.258671342077534,27.474336638281773,27.066112202403946,27.235565185546875,1105900
27.197049707764148,27.2201558606947,26.742610091410608,27.13542938232422,638600
27.358793954358926,27.967281341552734,27.22015118415734,27.967281341552734,645800
28.105930971035555,28.329297321345713,27.7593239609418,27.8055362701416,382800
27.89026452040987,28.136739979143723,27.636087989061494,27.651493072509766,297900
27.659202188396367,28.044320571937515,27.535964423192006,27.790143966674805,356300
27.713105440275374,27.951879783075437,27.37420248055609,27.782426834106445,267400
27.897973647094798,28.005806312787506,27.45123495983099,27.836353302001953,284300
27.505146755585088,27.67459973841864,27.32029162723875,27.43582534790039,357500
27.343395722009863,27.636086414411587,26.819634667488486,26.88895606994629,478300
26.888944570456193,27.050693460943524,26.57314785836377,26.850433349609375,412400
26.896656609018997,26.93517078379146,26.48073114073507,26.91206169128418,307600
26.965964995041443,27.096906661987305,26.52693064614916,27.096906661987305,316700
27.358802746570134,27.68230068885645,27.089218189778933,27.559062957763672,415900
27.58986739722435,28.467936416243962,27.58986739722435,28.313888549804688,715900
28.33700450761708,28.8376565221138,28.075123952664246,28.776039123535156,460900
28.714419484080526,28.883872476170954,28.283088868896822,28.6682071685791,372000
28.406326140206303,29.346012777991405,27.543659047584065,29.199668884277344,542900
29.099533851205194,29.500057181333737,28.85305840777518,29.461545944213867,298700
29.607893779804414,30.04692840576172,29.268990734323875,30.04692840576172,299900
30.00041503867883,30.325999512462896,29.806613911758646,29.860877990722656,355300
30.015924012379685,30.620582673304664,29.860882496017368,30.349262237548828,636400
30.093433052611235,30.36475339604966,29.884127520314472,30.15545082092285,342500
30.372505503975134,30.380256246022924,29.891879653427576,30.147695541381836,309100
30.12445348142748,30.395773928844633,29.457777002435513,29.512041091918945,789800
29.628322370429277,29.729096844749584,28.868622175953014,28.99265480041504,499200
28.938394234713616,28.977153880106652,28.457765168891545,28.628311157226562,604400
28.721324943251982,29.52753829956055,28.67481456776865,29.527538299560547,358900
29.504286526593745,29.767856194462397,29.13993943823013,29.2717227935791,835100
29.364741884186923,29.767848504866038,29.1321811684178,29.403501510620117,642200
29.28722427540913,29.395752429340703,28.860862403319203,28.868616104125977,944600
28.426747135372754,29.015904201850677,28.426747135372754,28.5662841796875,407500
28.667063529542162,28.7755916919767,28.43450275901521,28.752336502075195,391600
29.070171326934968,29.40350952805748,28.84536129228569,29.178699493408203,304400
29.046912721333953,29.287224216795664,28.76008493546551,29.248464584350586,266200
29.6438204892411,29.969404950003184,29.47327455807788,29.92289161682129,357200
29.91514322115281,30.062431018700032,29.643822815889344,30.015920639038086,281000
30.000423405901547,30.41903466652221,29.96166376114141,30.0546875,674800
29.953900169177537,30.0934372099856,29.8298675725893,29.984909057617188,517100
30.287240994415466,30.32600062979346,29.76010167319701,30.23297691345215,463700
30.201952071438768,30.302729435933546,30.023655477128965,30.27947425842285,400300
30.116694648405115,30.302745035776535,29.907392028721826,30.27173614501953,593500
30.29500123149716,30.29500123149716,29.938404820445534,30.209728240966797,828300
30.124452186682017,30.388021877346667,29.9694106703197,30.349262237548828,477900
31.256239661360954,31.612832958412234,30.76010934247744,30.829877853393555,699400
30.767868064953763,31.419040016669907,30.643835453063577,31.194232940673828,484500
31.209734483205295,31.217488184870273,30.49654770290528,30.736862182617188,417800
30.791112679854674,31.209720712771535,30.209709512680195,30.310483932495117,464100
30.294987842454027,30.682590022891752,30.139946378844947,30.15545082092285,594300
30.17094465978556,30.225211671890634,29.256206466365622,29.341476440429688,487800
29.60506022327688,30.085689165701638,29.535291696613324,30.015920639038086,636500
29.891885345755266,30.108941650465127,29.51203385534265,29.527538299560547,745400
29.589553074219303,29.899636043764534,29.333737137939295,29.85312271118164,530400
29.62832209766183,30.2949985569467,29.535295412293475,30.124452590942383,638000
30.744614103523666,31.20198493262412,30.3415073594715,30.543062210083008,814500
30.791124643487887,31.364774335305267,30.791124643487887,31.240741729736328,852000
31.085704435664155,31.65160641706511,31.031440348215458,31.20198631286621,723200
31.33375567084873,31.783375574020205,31.33375567084873,31.760120391845703,748400
31.705859740960516,32.101212666324734,31.659346414435916,31.9616756439209,500700
32.170988848442406,32.170988848442406,31.566330245296417,31.72136878967285,595900
31.72136195597654,32.04694933480163,31.380273091789817,31.535314559936523,559700
31.62834928361041,31.868663790870034,31.33377068715847,31.682613372802734,392500
31.899674883925396,32.256268339513795,31.87641673183309,32.101226806640625,394500
32.08572308154873,32.32603761078264,32.02370824130306,32.24076461791992,311600
32.17874156555508,32.30277418296262,31.83765260697705,32.039207458496094,262000
31.767889536087907,31.767889536087907,31.225245632704784,31.380287170410156,349000
31.21747741529192,31.50430217736038,31.163213351040312,31.364765167236328,391500
31.713625367699596,32.13998737751911,31.527574931451635,31.67486572265625,278900
31.74462851945152,31.876411880174675,31.271753246888057,31.48880958557129,291600
31.605094451959207,32.023705679522635,31.43454847987682,31.938432693481445,295900
31.256250381469723,31.60509305569458,31.00818513694782,31.256250381469727,154300
31.21748920633313,31.60509150148427,31.015934356838876,31.56633186340332,491800
31.68261870374392,31.93068399812592,31.58959495764356,31.798900604248047,396300
31.884165185372943,32.18649449825461,31.752378869118676,31.953933715820312,316900
31.822141620917247,32.1554797661708,31.380275327380264,31.419034957885742,354800
32.01595047420585,33.00821440672907,31.40353810971834,31.89967155456543,671600
32.00043116386056,32.51981955996578,31.95392080047504,32.29500961303711,567600
32.24851501910186,32.310532815855574,31.915176754478942,31.98494529724121,487700
32.02370824130306,32.31053316142839,31.806648907514855,32.24076461791992,493100
32.5430924656614,32.58185210864894,31.984944143693063,32.07021713256836,513700
32.28727538311764,32.45781839802892,31.860910452911675,31.938432693481445,496800
32.11671827784088,32.47331158933616,31.915163479399148,32.44230270385742,415300
32.22524946600695,32.5198279915605,32.05470353692274,32.139976501464844,458500
32.27950747750426,32.55858150642075,32.16322860356893,32.36478042602539,423200
32.20880815036021,32.20880815036021,31.733084349068093,31.834468841552734,478300
31.990432914619557,32.03722642718979,31.28854510098266,31.522506713867188,694200
31.647300414773753,32.03723756345268,31.530318080176336,31.811073303222656,325100
31.811063307404407,32.02942709005434,31.6316926323729,31.79546546936035,271200
31.818873203676965,32.162019825103776,31.709691269581008,32.09962844848633,276200
32.193216671315724,32.395985696368854,32.115230415516805,32.27120590209961,56600
32.333590035768786,32.44277196944244,32.130824012515525,32.2556037902832,174700
32.380381823033986,32.41937494367539,32.208808522230505,32.34138870239258,266400
32.36478088138432,32.551952007522694,32.31018992271566,32.38037872314453,216800
32.481767734226686,32.48956516870149,32.068432307433035,32.08403015136719,382800
32.37259397285855,32.77033169266267,32.36479653569902,32.76253128051758,286000
32.64554701278772,32.70013798973338,32.31799817612867,32.52076721191406,348900
32.46617499401976,32.73133243261436,32.37258791570284,32.653343200683594,375600
32.48177111866599,32.629946189002716,32.02944252239883,32.40378189086914,402000
32.2322094161527,32.286800384521484,31.959251599324116,32.286800384521484,249000
32.40378907216068,32.458380056224435,32.1074358908249,32.38819122314453,249900
32.13862196379972,32.380384088667434,31.974849060656084,32.30239486694336,331900
32.31019274115396,32.87170319356586,32.26339921179151,32.84050750732422,295900
32.668945397775886,32.910707586480584,32.62215482737107,32.84831619262695,278600
32.77812595813355,32.926304024696684,32.55976203896928,32.770328521728516,447800
32.80152893581611,33.34743881225586,32.70014439805485,33.34743881225586,272800
33.03548739920243,33.058882684404836,32.279008111146936,32.84831619262695,757700
33.02767564199904,33.4566088899345,32.48956344229507,32.50516128540039,479800
32.34918639520594,32.56755025253149,31.896860837176668,31.935853958129883,536600
32.279005407522035,32.294603254679,31.756490915197002,31.873470306396484,287900
31.701882271205463,31.873452544351167,31.374333613411856,31.428924560546875,335900
31.35094930682626,31.639501981874787,31.02340053448683,31.41333770751953,286400
31.46793743581839,31.577122373656497,30.633471891174853,31.194982528686523,560100
31.319752621093702,31.77987858961138,31.015602111816403,31.015602111816406,431000
31.218369733779127,31.538118102942807,31.06239724149214,31.51472282409668,386200
31.491333945198093,32.09183768249339,31.233973925649313,32.03724670410156,569100
31.81887308060404,32.35698828940212,31.81887308060404,32.2556037902832,543400
32.029424796656485,32.0606204705109,31.36653308965788,31.374330520629883,902000
31.311957827832487,31.787678704912135,30.664660658634205,31.389944076538086,803200
31.327552960881324,31.61610862848355,30.984409298714148,31.077993392944336,651900
31.444540403011445,32.28680631245997,31.15598766365676,32.03724670410156,842400
32.06063995054881,32.48177287851402,31.881269179375114,32.317996978759766,664600
32.19322151385471,32.54416566770917,31.86567562024749,32.512969970703125,671800
32.130821975825754,32.575350091882164,32.06063316934399,32.50516128540039,486400
32.65334189993328,32.778121691066886,32.35699175535653,32.75472640991211,522500
32.85610470312845,33.23044400569985,32.52075852009868,32.832706451416016,479600
32.817117065073695,33.082271512239586,32.66114158587007,33.05107879638672,317100
32.93408647693517,33.30062829589542,32.71572265712086,33.12905502319336,371400
33.12907402499368,33.12907402499368,32.71574142184652,32.949703216552734,242400
32.902889537219714,32.98867617028997,32.466161914293025,32.55194854736328,525400
32.684539989673034,32.85611333069017,32.45057823600382,32.67674255371094,561700
32.36479648040789,32.73133850097656,31.98265661056124,32.73133850097656,462200
32.848304941392435,32.93409159106474,32.55975228111827,32.84050750732422,395500
32.910696267895986,33.08226659201651,32.64553888518131,33.02767562866211,395800
33.14465934815871,33.41761417632622,33.082267973157855,33.40981674194336,482200
33.44880321284698,33.78414934933493,33.40981009871712,33.472198486328125,293300
33.7451823206044,34.11952186059082,33.56581147696421,33.94794845581055,421400
34.197483677902866,34.75899407356677,34.1818888113425,34.69660568237305,469800
34.66541730133721,34.75120396041007,34.415857734026,34.52503967285156,232100
34.478253022726165,34.59523539481728,34.220895969105115,34.33787536621094,270600
34.15070174320935,34.400261320907035,33.947932726964474,34.26768112182617,383800
34.15068665757604,34.41584396362305,33.91672502870716,34.41584396362305,214600
34.6108303689016,34.883785247802734,34.51724328900545,34.883785247802734,254400
34.8759776310446,35.09434147042117,34.77459314491226,35.086544036865234,396400
35.09435133034732,35.41409974569109,34.8993827118454,35.382904052734375,357700
35.42968723705716,35.47648076281578,35.24251610900681,35.40629196166992,270100
35.45308594564907,35.640257091824694,35.351704425830704,35.42189025878906,340800
35.0787467956543,35.67145294888471,34.96956486610776,35.0787467956543,465400
34.89054183828399,35.66693115234375,34.678798482191496,35.66693115234375,426600
35.6434014538383,36.14531025015348,35.533609278595904,36.12178421020508,413100
36.106098301775994,36.25510153715263,35.839458886314624,35.91788101196289,378400
36.05903455257029,36.52173216240054,35.86297629402547,35.90218734741211,619100
35.878650201380914,36.18450051132514,35.49437481734158,35.800228118896484,595200
36.70995763906319,37.76083026018444,36.70995763906319,37.61182403564453,1132300
37.70593126106003,38.2941061231402,37.35302574548952,37.40007781982422,1098400
37.345192158669576,37.56477953607784,37.31382509756515,37.384403228759766,695700
37.6353445548313,37.933350953291004,37.533393422931084,37.82355880737305,308000
37.78435753472267,38.32547739036617,37.78435753472267,38.2862663269043,345300
38.05883060252544,38.4431061299272,37.941197434913164,38.325469970703125,413100
38.341154991373784,38.576424318210144,38.1215706852081,38.325469970703125,417000
38.27058172163113,38.388217904915294,38.01178630666334,38.364688873291016,412300
38.41173038275332,39.141067281735644,38.41173038275332,39.10185623168945,508500
39.164593788677166,40.01156683968687,39.062645655642264,39.20380783081055,792800
39.117547100315306,39.65866685174801,38.88227777324073,39.52534866333008,673300
39.67435187671098,39.948832259725606,39.42339752892281,39.91746520996094,598700
39.79198768318935,40.48995464376133,39.73708861546147,40.411529541015625,479200
40.26252324957145,40.31741932148314,39.58024136180353,39.60376739501953,853800
39.360655744349216,39.744931255566726,39.28223363591054,39.73708724975586,602400
39.83904764037431,40.09000203561979,39.61946329243761,39.69004440307617,567300
39.768451644046586,39.8704027638327,39.31359809477457,39.399864196777344,1593700
39.141066717474324,39.75276746588838,38.897953424114505,39.74492645263672,1024900
39.95667184872279,40.59189866250802,39.70571752867726,40.56053161621094,715300
40.55269209825565,40.59974716032533,40.30173775044095,40.3095817565918,430900
39.941006438515366,40.30959708586916,39.37635744539686,39.462623596191406,487700
39.61160873600167,39.78414095864124,39.172440157081425,39.47829055786133,434800
39.78414935645808,40.23900604248047,39.65083115017633,40.23900604248047,303000
40.30173657408525,40.31742159431731,39.25870815735229,39.28223419189453,573500
39.32930306966743,40.0115852355957,39.3214590609898,40.0115852355957,402200
39.619467090026625,39.619467090026625,38.63917545475759,38.843074798583984,481200
38.45879161154153,38.84306415193714,37.823561729019275,38.03530502319336,1036700
37.831413273447836,38.819545851541235,34.49057795516375,36.592323303222656,1499600
36.49037712656224,36.70212049184521,35.298342065494865,35.36892318725586,975800
36.64721410435311,37.10207075943111,36.380574718317185,36.89032745361328,898900
36.435453817342726,37.04715741292844,36.35703173689844,36.529563903808594,948000
36.60015427624252,37.32165022346484,36.466836096379865,37.266754150390625,1389200
37.21969825901762,37.54907768170875,36.88247782246762,36.898162841796875,659900
36.62368730163069,36.76484950255698,35.92572030350178,36.12961959838867,644700
36.25508858177145,36.64720505311868,35.51791069261872,36.215877532958984,961400
36.498204523306796,37.000113164447086,35.58849436333715,35.60417938232422,531800
35.43948835444157,35.63554660533459,34.81210254990622,35.25127410888672,724200
34.4278418301211,34.7493773519082,33.92593002319336,33.92593002319336,847800
33.47106660858731,34.66310119628906,32.937787898520426,34.66310119628906,833600
34.482752382066,34.74939192598379,34.12984666340808,34.13768768310547,484200
33.26715199118218,34.55329622079073,32.99267172390597,34.2160758972168,871800
34.333719102446466,34.57683240460991,33.72201833188148,33.93376159667969,1068400
34.57683786145828,35.4316520690918,34.31019848499612,35.4316520690918,515500
35.32970797680835,35.32970797680835,34.69448094702623,34.898380279541016,670000
34.584686810750924,35.18070578504764,34.29452133178711,34.29452133178711,773600
34.506244656281496,35.22773742675781,34.15333928306554,35.22773742675781,581800
35.133643090202035,35.37675643377703,34.78858159524147,35.117958068847656,497100
34.31020214267394,34.835636945227876,33.674972180309176,33.80044937133789,631100
33.86318702611969,34.34941073241947,33.698498785671504,33.71418380737305,1021800
33.73771803249539,34.47489628171406,33.541659701059416,34.45137023925781,898900
34.92973908238172,35.52575485536183,34.380775375503596,34.568992614746094,1045300
35.12579741595516,35.35322570800781,34.88268410462872,35.35322570800781,863700
35.10227654597529,35.87082771087822,35.078750507404955,35.86298370361328,1006900
36.208045739283186,36.208045739283186,35.51792267093027,35.572818756103516,958100
35.82375792176225,36.52956870496948,35.72965081453829,36.521724700927734,782600
36.33352444754032,36.63153090019289,36.192362236657665,36.46684265136719,492900
36.443299556753104,36.56093268302435,35.964917065062096,36.474666595458984,622400
36.59231298233858,36.74131618074163,36.317832619066785,36.44330978393555,513500
37.081966209405785,37.1213923527989,36.08848935642381,36.309261322021484,522500
36.40388493273753,36.750815816045446,35.88349161556874,35.899261474609375,472500
35.938687737286976,36.080610453505635,35.52868042434118,35.788875579833984,542900
35.63118362444698,35.930804962065196,35.03194395700393,35.11079025268555,388200
35.15021321149181,35.18174992222024,34.629816879265796,34.953094482421875,703500
35.08712755550037,35.110780836302595,34.598274036234876,34.69289016723633,723900
34.16462062099459,34.30654334313723,33.770383150682406,33.98326873779297,770000
33.896531157384146,34.338075096714576,33.38402136175561,33.44709777832031,578700
33.49441903266137,33.72307751404555,32.792676734711044,33.35249328613281,748200
33.36038600564026,33.510195207290494,32.942492114225814,33.10807418823242,459900
33.612691849714146,33.79404074826126,32.942486259994546,33.147491455078125,696800
33.14748725557879,34.51154854315254,33.12383096203937,34.503662109375,616400
34.75598895284196,35.01618420997777,34.51156055316168,35.00830078125,511400
35.071359988454546,35.30790183529565,34.89789456380111,35.189632415771484,304900
35.01617996416815,35.15022229864118,34.645595695218226,34.80329132080078,394900
35.07925980330962,35.76523232317488,35.039833640634974,35.670616149902344,389300
35.481370572215624,35.489253997802734,35.07924969582613,35.489253997802734,566600
35.42618363600923,35.55233952155686,34.87425050881575,35.48137664794922,382400
35.42618960909635,35.42618960909635,34.416942354549604,34.511558532714844,375400
34.77174202176815,34.77174202176815,34.298658283050194,34.73231887817383,312100
34.26712436968228,35.48926007488626,34.22770121940994,35.48137664794922,406700
35.61541780731891,36.11215794833152,35.307913008337586,35.53657150268555,720600
35.92290896488405,36.68772739029678,35.79675313126395,36.443302154541016,451100
36.395992217450775,36.84542255812125,36.395992217450775,36.63253402709961,1004300
36.66407398426963,36.916385650634766,36.561571429873695,36.916385650634766,510600
37.05832253974518,37.23178799072292,35.96234284375282,36.09638214111328,1058200
36.00965511498597,36.5458184048745,35.99388826039546,36.29350662231445,781000
36.62467561321443,36.80602455804188,35.85197023655185,35.91504669189453,734800
35.4025305709478,35.93080740507874,35.4025305709478,35.78099822998047,629500
36.301391019579675,36.380237319280916,36.02542295503826,36.20677185058594,865100
36.00964963092864,36.269847808951,35.757337886794176,36.001766204833984,1270200
36.00175284324843,36.37233689581799,35.82040403244414,36.183101654052734,826600
34.29866412299222,37.20025250091712,34.29866412299222,36.93217086791992,1272600
36.537938751296885,36.987369348387254,35.91504265785795,36.95582962036133,1015100
37.239679178051915,37.63391673404374,37.0031372460156,37.547183990478516,700300
37.12929721600885,37.58661126706534,36.813905933505346,37.326416015625,645500
36.67196877282739,36.75081807287263,36.11215227757582,36.26984786987305,539000
35.725793611560015,36.26195670628965,35.725793611560015,36.12791442871094,674000
36.009632487692826,36.61675827291519,35.99386564300969,36.54579544067383,729000
36.17521823088391,36.43541330454498,36.01752269737822,36.183101654052734,487800
36.5773693826599,37.27122850206245,36.56159951542409,37.081993103027344,532500
37.03467375582993,37.16082964247867,36.585243221656704,36.9794807434082,396500
36.774471297219925,36.774471297219925,35.84407061280163,36.001766204833984,561600
35.71792459608461,36.15158533798504,35.71792459608461,36.13581848144531,395700
36.23042301278281,36.427541741897194,35.828299121025324,35.85195541381836,366100
35.41041913773599,35.552344906447885,35.15022390029355,35.22118377685547,405700
35.008281134649486,35.568097501774496,34.51942460963456,35.41828536987305,677800
35.67848999586171,36.05695759510363,35.44194812230965,35.59964370727539,488400
35.804645979943636,36.40388559543107,35.260599368206634,36.388118743896484,474100
36.40387771621698,36.569459699423014,35.97810363769531,35.97810363769531,484100
35.993865372171015,36.285600121282855,35.73366731997996,36.0254020690918,568500
36.490625468923085,37.41314286972512,36.356586150059464,37.3658332824707,680300
37.318530223700535,37.641804914286375,37.23179747611512,37.58660888671875,422300
38.01237720062571,38.05968678115686,37.56294671285625,37.62602615356445,664500
37.58659393043712,37.62602007841058,36.84542866854508,37.00312423706055,900300
36.97158667351837,37.27120797035621,36.97158667351837,37.105628967285156,1018500
37.48410429000315,37.48410429000315,36.695629246500154,36.9794807434082,585900
37.105636273641515,37.105636273641515,36.69562889402302,36.790245056152344,633100
37.137167556525945,37.36582600536649,36.86908596321467,36.908512115478516,451900
36.84543425062972,37.59448605871494,36.75081809830321,37.436790466308594,562900
37.2317899909937,37.775836651298306,37.04255466996105,37.7285270690918,470400
37.64968077320767,37.83891609424032,37.53140832158809,37.7285270690918,352800
37.81525245452152,38.35141558421805,37.6654433183212,38.154296875,608000
38.344613547929164,38.79656594132499,38.10674434477415,38.78863525390625,389500
38.78069608988068,38.78862375027728,38.32081617012474,38.558685302734375,396200
38.60625926605441,38.85205909615629,38.32081810729548,38.511112213134766,296800
38.2415273755895,38.44768285775287,37.89265282265117,37.9957275390625,234200
38.431807025907524,38.85997009277344,38.32080167432491,38.85997009277344,306000
38.8520535839167,39.01063399939727,38.645901161060856,38.70933151245117,397000
38.741039684319865,39.25642214050162,38.035360166459085,39.21677780151367,488000
39.01855794813405,39.169210689613905,38.598322458047235,38.622108459472656,729500
38.89169777815173,39.24850295540759,38.17809044830986,38.47146224975586,501400
39.058211237614564,39.058211237614564,38.51904259224463,38.685550689697266,487000
38.63796330916638,38.96305173949444,38.30494722063634,38.455596923828125,649500
38.84412921598434,39.48637556733478,38.84412921598434,39.288150787353516,584800
39.20092178485977,39.54186856477241,38.61417827384921,39.32778549194336,633700
39.54187717728431,39.54187717728431,39.01856389349937,39.240577697753906,412000
39.35951038437076,39.57359350185263,39.11371360200527,39.40708541870117,443900
39.50224165308415,39.52602766344829,39.15336706083703,39.29608917236328,363500
39.13749459680513,39.39914969045269,38.7410451021449,39.34364700317383,339300
39.7797357614565,39.79559410217774,39.37535865940719,39.70044708251953,303100
39.72424324022728,39.74803226972748,39.208860645996104,39.40708541870117,240100
39.72425069772939,39.78768408874507,39.04235989233422,39.48638153076172,508600
39.44673587362269,39.64496067700773,39.224725061726,39.518096923828125,256500
38.98684034670382,39.311931823447416,38.61417989289709,38.81240463256836,386500
38.87582852139708,39.81144937926624,38.73310649055812,39.59736633300781,390900
39.83525331968466,39.898683676774716,39.097856892408274,39.53395080566406,435300
39.573600931072995,39.581528592614674,39.18507897277837,39.48638153076172,201000
39.79561077208252,40.11277167002375,39.56567229697914,39.67667770385742,464200
39.35157674803865,40.01761200416447,39.22471303376086,39.85110092163086,408500
39.518096923828125,39.597385635313955,38.859989124747976,39.518096923828125,408100
39.68459722860822,39.93039702534947,39.35950873597359,39.605308532714844,370400
39.4863834734807,39.88283311282221,39.3436613613441,39.771827697753906,296600
39.93832281886038,40.31891398577034,39.67666771490278,39.88282012939453,311700
40.390284737063475,40.48543482018767,39.97797678420331,40.16827392578125,535400
40.19205417097849,40.25548755063207,39.470516113104125,40.215843200683594,789700
40.858091083453644,42.31702559944298,40.858091083453644,42.29323959350586,1006400
42.420099649381804,42.539035718079795,41.968147427801235,42.206016540527344,698200
42.174308070639505,42.75312413344424,42.095019359169996,42.515254974365234,551300
42.58661736828145,42.68176745465167,41.698571068186666,41.92851257324219,527500
41.92056918529533,42.28530502319336,41.40518665129946,42.28530502319336,408300
41.94436057023434,42.37252375455897,41.79370781632714,42.30116271972656,374500
41.968156926558095,41.968156926558095,41.12768264505135,41.59549331665039,465000
41.64306561872404,41.674782312090294,41.088035583496094,41.088035583496094,467700
40.78672783689063,41.03252764208187,40.017617781341194,40.2317008972168,534400
40.287199259724375,40.50921001172452,39.962110790865744,40.160335540771484,331100
40.59642390605691,41.08009271449002,40.5805655652446,40.67571258544922,289700
40.70743848752136,41.02459932626766,40.525072063876706,40.897735595703125,461100
40.64401263450249,41.270403743424424,40.42200182108022,41.22283172607422,300000
40.76294240241366,40.97702552128377,40.572645288528,40.858089447021484,537900
41.3100408862762,41.62720172836026,41.214893843518965,41.61134338378906,349100
41.3893375030694,42.11880329157793,41.28625976350352,41.991939544677734,468400
41.603412145426795,41.96021428124449,41.18317361211067,41.857139587402344,494100
41.56376705646731,41.96021658439853,41.31003960056492,41.64305877685547,534400
42.237744118023144,42.546974346756045,42.00780260575024,42.459754943847656,417300
42.507318764444456,43.046490363081695,42.459743732328285,43.03063201904297,456000
43.07820898843025,43.68081096565216,42.903770220829436,43.633235931396484,598300
43.58566059885809,43.58566059885809,43.13370839423081,43.3795051574707,407100
43.82354681459358,44.00591329954107,43.53017490617116,43.74425506591797,559300
43.74423821597617,43.87110496498906,43.35571938346841,43.62530517578125,385100
43.85524640983855,43.92660744347922,43.427080207994514,43.704593658447266,302900
43.91075198931605,44.31512919010858,43.760099228011605,44.2199821472168,422800
44.330984197477484,44.481633922771096,43.910748683726545,43.966251373291016,356400
44.10105312376262,44.2992779258602,43.966261710178074,44.14069747924805,276900
44.06140570975503,44.267561183441686,43.76803386992273,43.80767822265625,381300
43.95040031223309,44.01383067167267,43.56187839623608,43.80767822265625,652700
43.79974054401892,43.8235265452846,43.54601009028361,43.6887321472168,714300
43.95041079041906,44.14863562601551,43.56188878179479,43.99798583984375,380400
44.2279157999532,44.402354589449125,43.9345439468949,44.09312438964844,348100
44.18826157443933,44.24376426330405,43.97417847824556,44.2120475769043,315200
44.10104477535562,44.28341119580265,43.86317566280165,43.92660903930664,317200
43.91067935210831,44.17361596837794,43.71148374847108,44.0780029296875,117200
44.21344379644001,44.21344379644001,43.92660172992338,44.125797271728516,180900
44.26125318230562,44.33296370606529,44.07002714526855,44.20547866821289,274900
44.197515485842494,44.34093654407918,44.022222405890275,44.03815841674805,252900
43.99832036209096,44.39671151918491,43.88677132442198,44.293128967285156,247100
44.6676192069034,44.80307074615253,44.213453514917006,44.340938568115234,499800
44.65168399086354,44.978364635472076,43.7991271125075,44.38874435424805,721400
44.030187626037716,44.587935832095546,43.97441310938025,44.50825881958008,546700
44.603861991200205,44.85086553861757,44.42856895500191,44.46841049194336,525400
44.579962507992406,44.747286032297076,44.34889495186726,44.55605697631836,558000
44.404674480482946,44.62777253811324,44.25328694701711,44.4923210144043,404200
44.54808987117325,44.60386437849742,44.26124781094453,44.56402587890625,473500
44.1895390775884,44.69947918767435,44.09392606681799,44.57996368408203,1279700
44.65168224027603,45.15365291679812,44.49232516731583,44.60387420654297,389800
44.57199416015286,44.675576694852445,44.26921911946609,44.57996368408203,336700
44.52419947754718,44.842910600360234,44.52419947754718,44.78713607788086,364800
44.78713473456732,44.78713473456732,44.20548398938269,44.340938568115234,421800
44.293130533359616,44.492326118949556,44.17361196621228,44.340938568115234,602700
44.73135070438875,44.850869246127814,44.25328261639804,44.32499313354492,607000
44.23735666381677,45.026169492255164,44.23735666381677,44.88275146484375,401500
44.842901518025876,45.30503665580821,44.62776995797026,45.289100646972656,462900
45.24927802873161,45.990285982549025,45.24927802873161,45.743282318115234,442100
45.791082051008786,45.95840561292756,45.41659337858576,45.52017593383789,398100
45.6556308730358,45.74327742327818,44.67558888661246,44.71542739868164,290000
44.93055234389723,45.58391357122582,44.81103682542484,45.45642852783203,518400
45.81497754341041,46.72330878577988,45.69545899489529,46.691436767578125,618000
46.61972628483747,47.01015090942383,46.58785730609236,47.01015090942383,1060300
46.85876101312299,47.073892566062,46.587854950846015,46.91453552246094,1043600
46.930464302946945,47.02607729858898,46.55597576408234,46.93843078613281,427200
47.097793901183294,47.40853845685215,46.946403345716,47.29698944091797,390100
47.368720220778656,47.368720220778656,46.65958428227752,46.85877990722656,1112400
46.81095253087376,46.81095253087376,46.27710993543084,46.57191848754883,994900
45.408632708900655,46.41257724849085,43.44854559148889,43.66367721557617,3239300
43.86287400195836,45.24927682563732,43.83100197394646,44.978370666503906,1978000
45.02616518414213,45.13771725620752,44.29312694746862,44.30906295776367,1142700
44.301088536790935,44.643705121561275,44.213445049079105,44.51622009277344,486400
44.66762239852897,45.31301419668604,44.65168638580509,45.26520919799805,682700
45.21739663005225,45.51220523720166,45.21739663005225,45.49626922607422,397400
45.47236321362366,45.8707543425599,45.320975678841805,45.69546127319336,538800
45.28113295144048,45.623746494052945,44.50825326073957,44.811031341552734,727900
44.83493255630887,44.986320072658415,44.06205288764056,44.55605697631836,1010000
44.540123387048084,44.81899592366895,43.830984720601464,44.56402587890625,945400
44.62776814689901,45.40064782690259,44.46044462014032,45.360809326171875,618800
45.52017965150698,45.775149777963975,45.034141898109674,45.37675857543945,586000
45.47236120079066,45.54407172240424,44.71541748142128,44.85087203979492,709100
44.79508685490967,45.496252855319206,44.691504339594665,45.07395935058594,641500
45.38472091204907,45.982307661191335,45.38472091204907,45.950435638427734,423700
45.966370916142196,45.97434044144759,44.97039301680184,45.49626922607422,354700
45.711397283088786,45.98230337234475,45.4643967284175,45.69546127319336,1019300
45.69546581131127,46.261183580590576,45.193495127427624,46.14963150024414,671400
46.10183343123606,46.40461161583922,45.71937821675599,46.24525451660156,810400
45.560016670185995,46.26118601469687,45.297077026188084,45.79108428955078,921200
45.703437050858135,46.38867037269685,45.57595199373583,46.25321578979492,689400
45.99027080966824,46.58785747594987,45.84684976660201,46.20540237426758,859400
44.71543091416423,46.452416924396694,44.4604607694956,46.125736236572266,1041300
46.10182891818787,46.428509571877576,44.9305578488568,45.241302490234375,1374900
45.88668167554208,46.452396242182154,45.84684317807831,46.30897521972656,1247500
47.42448515302581,47.663519246683,47.15357903635209,47.6157112121582,1326000
48.14397355199024,48.35207582959485,47.75177692272853,48.071937561035156,826600
48.119950016252965,48.28003030379194,47.791786800772954,48.08793640136719,608400
48.03991815082734,48.42410906294995,47.943871186116176,48.34407043457031,494600
48.65622770476723,48.7442720321948,48.07993978217085,48.66423034667969,529600
48.72027680669493,49.3525926265967,48.72027680669493,48.888362884521484,325900
48.872342516042,49.2005058393893,48.53617349638365,48.560184478759766,429200
48.59220391889629,49.19250293864201,48.47214594691437,49.17649459838867,387900
49.3605917941088,49.89686056981436,49.14448680821808,49.75278854370117,485900
49.60870272040702,50.144971346965455,49.576686045002106,49.864830017089844,624100
50.385094068610975,50.7852933812238,50.07293909329752,50.225013732910156,789100
50.441117916092935,51.1694804878721,50.36107622765235,51.08143615722656,637600
50.98538467142273,51.71374717873114,50.6892380836014,51.40159225463867,791000
51.41760247227668,51.68974116172587,51.009400544659364,51.31355285644531,745300
51.30554812495029,51.649719761082956,50.905348832077735,51.161476135253906,468700
51.273527680255064,51.37758339695031,50.37708218502501,50.7292594909668,582700
50.84932660740371,51.3295645888417,50.39309960905404,50.481143951416016,644600
50.2250099821995,50.8733339193969,49.74477206423877,49.864830017089844,553600
50.23300845888506,50.345066813509895,49.304546322082146,49.66472625732422,513900
49.304560008649986,49.69675672551281,49.06444100292607,49.520668029785156,601700
49.672728897506644,49.96887546903716,49.42460427886997,49.736759185791016,528200
49.232518139777326,49.456631831277384,48.72826920377871,49.368587493896484,699600
49.432612207767804,49.96087511905311,49.36858191263406,49.880836486816406,688800
50.4571188210562,50.65721843276412,50.08893626830028,50.39308547973633,832200
50.585190790435426,50.84131809138724,50.44111880199024,50.82530975341797,470200
50.75327375919537,50.98539007983241,50.601199128404694,50.82530975341797,427500
50.825314976271436,51.35358102370768,50.825314976271436,50.93737030029297,600400
51.05743178474734,51.0814427677477,50.32906911870974,50.80930709838867,585000
50.769283294677734,51.00940226332405,50.56918364525942,50.769283294677734,455800
50.905350338892006,51.025411351618935,50.72926472104513,50.8413200378418,505000
51.12945611001417,51.20149209584219,50.505143215078625,50.6732292175293,369700
50.54517731068968,50.817312981045504,50.01691430979644,50.481143951416016,535400
50.40110973110167,50.52917340761508,49.99290466308594,49.99290466308594,684000
49.80079607173239,50.46512524469301,49.71275174745711,49.92885971069336,770300
50.593195771238406,50.841320441313236,49.92886650783828,50.217010498046875,488100
49.960872474213986,51.17747855013116,49.960872474213986,51.009395599365234,637900
51.39358899393615,53.05841940564861,51.345567036126276,52.21799850463867,2104900
52.209999891870844,52.314049504589036,51.529656241882,51.92185592651367,1035900
51.82581230996736,51.82581230996736,50.94537502099361,51.089447021484375,1183400
50.961366958689915,51.121447256558476,50.24101019819798,50.353065490722656,1000100
50.12895949378018,50.857322015132446,49.91285152986977,50.06492614746094,843000
50.024904046376825,50.1129483660229,49.59268814262945,49.87282943725586,900600
49.936863324326254,51.025405803321604,49.76077467234817,50.99338912963867,572000
51.177478196853464,51.45761949947414,50.81730132006361,51.16947555541992,714300
51.16947739041339,51.31354936760708,50.48113417788312,50.689239501953125,558300
50.04892446823958,50.33706845844819,49.92086081184448,50.217010498046875,731500
50.36907680192019,50.60119309488042,49.94486658278989,50.24901580810547,618000
49.8808469411915,50.681245644424074,49.8808469411915,50.529170989990234,548200
50.32105876381509,50.697247080148465,50.160978434315034,50.601200103759766,564900
50.88133741783927,51.38558632420007,50.81730711923017,51.217506408691406,334100
51.76977449944941,51.833807844126326,50.99338698827043,51.27352523803711,885300
51.185498488247696,51.21751516966797,50.16899175274491,50.20901107788086,865000
50.19298930890726,50.58518591818324,49.70474573434493,49.728759765625,937700
49.16848027460537,49.392590878355634,48.97638329047801,49.008399963378906,833800
48.84032449285167,49.23251810949828,48.45613351901729,48.48014450073242,671300
48.816323343992714,49.59270809085745,48.68825966025262,49.192508697509766,704600
49.072432715031454,49.37658194407345,48.752272096454895,49.000396728515625,762500
49.08843697331688,49.800791084529806,49.06442294428792,49.62470245361328,689400
49.35257953589006,49.62471519295028,49.14447723497506,49.2085075378418,778600
49.264517643994935,49.65671417744151,49.15246236394659,49.352561950683594,475600
49.76077577635799,49.96888110663611,49.528662520202104,49.61670684814453,796800
49.28854909755263,49.5686873967218,48.94437744241424,49.07244110107422,1015200
49.07245425235125,49.16850125876694,48.3280830827513,48.888362884521484,482200
49.24852021150155,49.624708494882704,48.98439028624951,49.4486198425293,776300
49.40842902919959,49.76215225931248,49.36019627358841,49.697837829589844,829000
50.083711773259246,50.734881529481626,49.898812400507836,50.67860794067383,694600
50.44547986974543,50.99214029534169,50.36508989343816,50.4052848815918,534100
49.890773886401995,50.284689002180045,49.23960413989391,50.180179595947266,923400
50.18823024781882,50.45351963345569,49.8827428057596,50.06764221191406,636700
50.10782887632768,50.27664963486805,49.68175349523189,50.03547668457031,482400
50.1560687472085,50.49371337890626,50.06763793731906,50.49371337890625,346400
50.71880060228067,51.08056156140573,50.509784862942,51.032325744628906,699500
51.2091890043996,51.691537987808836,50.96801604603525,51.6432991027832,583700
51.73172576147574,52.11760614398208,51.48251505334576,52.03721618652344,403500
51.88449222679669,52.045272207572275,51.55488529283468,51.69155502319336,664500
51.65134566362685,51.90055641932812,51.562914853533805,51.715660095214844,955000
52.07741778868767,52.44721656849487,52.02918503190987,52.22212219238281,668000
51.67547258031248,52.31056392169414,51.67547258031248,52.21409225463867,633800
51.667417786620945,51.723691377197035,51.28154348934526,51.55487060546875,541800
51.36194285319108,51.562920875353626,51.04841762928651,51.13684844970703,800500
51.26546432778484,51.77192970417008,51.08056495122403,51.458404541015625,743300
51.49056204567876,51.723691110175224,50.855467812425736,51.00821304321289,629400
51.21722397949685,51.23330258473457,50.67056366813605,51.19310760498047,847900
50.992133270281684,51.00821187666423,50.30076852923513,50.437435150146484,657400
50.67861136481606,50.98409570564708,50.622337772206095,50.92782211303711,727400
50.97605968427029,51.03233327881101,50.220383509951475,50.27665710449219,603200
50.56605957128646,50.919779702124565,50.453509329642934,50.871543884277344,809200
50.99214590383636,51.04038173493467,50.686658440243136,50.775089263916016,543500
50.30880998574065,50.93586030898438,50.188221969725795,50.501747131347656,656000
50.413308788216405,50.461544600743885,49.96312013801398,50.02743148803711,524600
49.754110559493505,49.99528353340972,49.1511765913626,49.17529296875,634700
49.231572291676756,50.091757887431456,49.231572291676756,49.33607864379883,869400
48.98235581628932,49.39234956527881,48.725104235221266,49.17529296875,920300
49.59332707152293,49.97116666920859,48.87784592697998,49.86665725708008,1420800
49.416475953158226,49.842548369169606,48.57236582581928,48.620601654052734,1130500
48.70097643303885,48.80548275498853,47.784514440461486,48.676856994628906,1054500
47.24591405707212,47.270030438515676,44.83417777891641,45.51750183105469,2926400
46.120433798495775,46.691213688988455,44.6573141017692,46.35356903076172,2427700
45.20397099909134,45.364754011030016,42.406357631409534,42.46263122558594,2625300
43.28261583088808,45.613961514355225,42.928895706965534,44.9788703918457,3721000
44.21515773203753,44.3196671453475,42.735959605243956,42.82439041137695,2449500
43.081645358877644,44.57692220967632,42.6877271189662,44.038299560546875,2118400
44.27143971326463,45.4210342774805,44.1186975161598,45.332603454589844,1169000
45.638085433667136,45.69435902935074,44.83417341912309,45.68632125854492,844700
44.99495566533081,45.228087814881256,44.303590853985895,44.66535186767578,930600
45.05122573193614,45.35671006030105,44.31966599117905,44.44829177856445,746500
43.29869340388741,43.539866349295586,42.406350745864806,42.7279167175293,896500
42.124977964604405,43.411235569624985,41.97223276566569,42.44654083251953,888300
43.258497085275714,43.45143420895882,42.7681103736707,42.89673614501953,1037200
43.04948414539541,44.72162246704102,42.896741979481526,44.721622467041016,1011300
44.520638232234326,44.93867275397834,43.97397793969832,44.11064147949219,1395700
44.343779610505514,44.56887395776254,43.44339915479691,43.82123565673828,955300
43.61221702046554,45.17984571103492,43.00928314460657,45.05121994018555,931600
45.44515198297277,46.24102634548556,45.412997828269916,46.15259552001953,433800
45.83906479625343,46.77964040914752,45.83906479625343,46.30533218383789,834700
46.60278367805015,47.036893865161396,46.232981795181885,46.64297866821289,705900
46.570630197970736,46.84396044637416,46.064164694553504,46.15259552001953,658000
45.13161802029062,45.525536239426586,44.93868086262956,45.09142303466797,1019000
43.58810064676887,45.28435510818762,43.250456081614104,45.05121994018555,952000
45.78278747647006,46.06415544035256,45.461221460592235,46.0400390625,799700
45.90338017295656,46.45808149054931,45.79083296842508,46.06416320800781,950500
45.45318389937539,45.871218495268025,44.85828768726796,45.06730651855469,1740200
44.35985309179888,45.02709828695062,43.998092170726196,44.93062973022461,617300
44.9467168351664,45.5818080093148,44.74573884841165,45.453182220458984,462000
45.58984297276538,46.77159444346816,45.02710403116022,46.26512908935547,675500
46.586707450971765,47.4066981722848,46.3535722027523,47.278072357177734,684700
47.52727326659661,48.59647762403307,47.342373887493906,48.38745880126953,1294800
47.70867220678478,48.46018099783855,46.99756648440515,48.25008010864258,880000
48.42786881561389,48.94503561564961,47.92686386339894,48.11272048950195,614300
48.29856325685291,48.34704878640284,46.90059618833878,46.965240478515625,930100
45.49455599160171,45.809704291947895,44.872338772880525,45.42182922363281,1547600
45.252134746300605,45.6884953568822,44.91274521533074,45.48647689819336,1236300
45.97940704840599,46.24606983772707,45.20365374638705,46.22990798950195,1029200
47.42584407506895,48.686440149660164,47.094533983244894,47.71675109863281,953700
47.78948102406595,47.862207784780374,45.930912017822266,45.930912017822266,829700
46.60969514101624,46.98140833413308,45.680409075667356,46.545047760009766,975100
45.84203272120019,46.3915232287241,45.42183391647266,45.42991638183594,785700
45.01780244397063,46.06021865869172,44.904672575562024,45.066287994384766,1214500
44.403666856256024,46.593546653470526,44.27437513973378,46.569305419921875,1300000
46.60970037526224,47.369288692048926,46.2622283697235,47.09454345703125,755100
47.03798138318115,47.69252235752343,46.56930012008558,47.59555435180664,444900
47.991507852974095,47.991507852974095,46.87636502121464,47.256160736083984,681000
48.03190248309759,48.686443328857415,47.97533756732835,48.68644332885742,587800
48.120802003655776,48.71069560373582,48.08847830658244,48.476356506347656,414900
48.767244213442574,49.30865516929868,48.322804316357235,48.920780181884766,580300
48.54099289649134,48.6298815076585,47.76524278867104,48.088470458984375,823400
48.81572866698095,49.70460844156167,48.5248216621927,49.494510650634766,582600
49.31675061807893,49.4945278678594,48.22585205319805,48.403629302978516,420800
48.49250006521047,49.478350938885214,47.59554087188993,48.93694305419922,742900
48.848065657034134,49.22785827667766,48.03999179366734,48.27433395385742,545200
48.314725274998814,48.50058184844533,47.53089283182997,48.20967483520508,686200
48.452113440226576,49.4864501953125,48.3147423479628,49.4864501953125,842300
49.15512965307804,49.187450261624306,48.314732179738364,49.17937088012695,1094900
48.839977549046665,49.32482366058042,47.94301825369498,47.983421325683594,1101600
48.54907475514314,49.31674238915989,47.88645141176866,48.92886734008789,1051900
50.43188592458589,51.5389461716383,50.092496406935325,50.91672897338867,876600
50.96522260009186,51.30461525416509,50.504620705859026,50.85209274291992,595500
50.197536019166705,50.415716282154875,48.93694305419922,48.93694305419922,1083100
47.36929037854853,48.50867443557287,47.17535437195903,47.708683013916016,976300
48.49251965323561,48.97736590546538,47.821819832437306,48.557167053222656,421800
49.14704805448372,49.97128369678631,48.73493177461088,49.78542709350586,844000
49.51876244950528,49.753104595918465,48.791497864765134,49.34906768798828,756700
49.171286811830825,49.680374141146515,48.83189731399153,49.54300308227539,1475000
46.46425109373605,47.7086856889299,44.048108680536515,44.46830749511719,5063000
43.102664426397084,44.03195069782575,43.038017031054316,43.49053955078125,2319000
43.84608625910785,44.11275211236397,43.06225671155025,43.3450813293457,1785100
43.78951382192928,44.35516604301995,43.70870768286916,43.99961471557617,1154000
43.87839637961702,44.217788898538394,43.53900694325184,43.773345947265625,756000
43.563256629520666,43.89456675048954,43.288511425603296,43.45820617675781,881700
43.00569196074175,43.6683122815732,42.98953011358035,43.07841873168945,944400
42.924878342140204,43.02992879668464,42.157207634420374,42.35114669799805,1990400
42.56124996767727,42.70670351332333,42.06832748805144,42.4481201171875,1101400
42.52893183368416,42.941048181994844,42.221862876917776,42.55317306518555,1498100
42.48043720113728,43.04608944811124,42.23801569030751,42.326904296875,782200
41.882470657743504,42.213780825064944,41.575401720390865,41.785499572753906,934000
41.720847203456174,42.10063975732658,41.60771737538599,41.712764739990234,220400
42.93296592736627,43.24811424603473,42.57741144882158,43.02993392944336,1023300
43.013772887730845,43.26427690389271,42.24610207406072,42.52084732055664,1086600
43.73294714219326,43.88648311578715,43.361233985435454,43.84607696533203,912400
43.66830428222802,44.136985433824876,43.30467049410148,43.474365234375,727700
43.90265144091519,44.09658742848248,43.19962500895219,43.36124038696289,565900
44.015787469237104,44.096593628325074,43.377408331747056,43.73295974731445,687100
43.78144854351036,43.999628888318796,43.44205586851137,43.652156829833984,708100
43.60366494196152,44.282447110717676,43.401646476052626,44.0077018737793,682900
43.74104128103414,43.797606207702316,42.957208607836186,43.11882400512695,590000
43.223868144564634,44.03194193009912,43.02992907971134,43.79759979248047,531700
43.336991142784925,43.345070523040334,42.34306091332579,42.698612213134766,628300
42.98144400622082,43.28043352953277,42.06832283816387,42.30266189575195,640900
42.173369774714416,42.45619744930222,41.92286887393182,42.09256362915039,539100
42.496603923872804,42.496603923872804,41.777418690089966,42.15721130371094,677700
42.537005531792474,42.74710645191688,41.61580186716532,41.93095016479492,1571600
42.0764035764491,42.464278640286565,41.373380215903516,41.4622688293457,603200
42.21378341000349,42.383478195290635,42.0521680076816,42.22186279296875,818300
42.270344232136296,42.480442076954894,41.99559899964607,42.15721130371094,554300
42.20569390572252,42.35922681691664,42.044078530353666,42.16529083251953,546300
42.30347639504365,43.18954086303711,42.22218422767139,43.18954086303711,662400
43.132651883965906,43.53910354969916,43.0188428127373,43.36026382446289,262200
43.43341043580363,43.522830267926025,42.279086486282175,42.32786178588867,373100
42.3278718870886,42.888774012012334,42.3278718870886,42.831871032714844,326100
42.74245228673315,43.01070873362705,42.563612588150775,42.61238479614258,250700
43.40090745082842,43.48219964283991,42.937552809793104,42.986328125,420700
42.848133800387544,43.10013494915991,42.6774248452418,43.04323196411133,296600
42.6530376931616,43.14890920871077,42.31161669025068,43.002586364746094,405000
42.98632327725961,43.335871911038886,42.72619449411871,43.14077377319336,361300
43.09199853751358,43.31961354888765,43.002581787701295,43.26271057128906,438800
43.636644920609626,44.09999950605105,43.636644920609626,43.94554901123047,437200
43.734205309287,44.091884814527454,43.50659333393805,44.075626373291016,524600
44.08374575535534,44.782843092183846,43.83987538461935,44.774715423583984,474300
44.05935318560605,44.44954634174305,43.913030364432224,44.36012649536133,413400
44.96168281118091,45.27058383365583,44.482069738308795,44.774715423583984,685200
44.78283041158447,45.36812161640519,44.6121215105048,45.27870178222656,701100
45.31935319772341,45.595740408528975,44.9698045752052,45.53883743286133,1127000
45.563235234207085,45.823364075752366,45.4900738037112,45.644527435302734,648200
45.6445130861553,45.96967248537718,45.563220910615264,45.89651107788086,513200
45.73393978543405,46.00219937165522,45.473810969026914,45.88839340209961,353700
45.76645945902121,46.237944905679065,45.63639504287082,46.1647834777832,370300
46.33547514656779,46.41676421345082,45.99405734448411,46.140377044677734,430000
46.01845617080049,46.449293926191565,46.01032540127614,46.286712646484375,502900
45.937162194112695,46.0184543812951,45.522582892911956,45.855873107910156,723600
46.01845942343336,46.132265396978326,45.28684516352973,45.36813735961914,839700
45.790842193405794,46.067226325282434,45.57948560893797,45.75019454956055,542000
45.766449138322315,46.00219180848939,45.54696490413017,45.55509567260742,578400
46.595603524000445,46.595603524000445,45.75018359060004,45.839603424072266,649600
45.68515844592285,45.93715644218523,45.49006032209376,45.75831985473633,462600
45.555105307422906,45.62826673429379,45.124264415414274,45.197425842285156,1149200
45.36813466602186,45.920909162689675,45.181167277587164,45.72581100463867,897800
47.41664727696992,47.80684045840078,45.85587145026673,46.51432418823242,1226500
46.53870799228099,46.53870799228099,45.116127398630475,45.53883743286133,830400
45.8721234340729,46.03470467870964,45.668897653521796,45.76644515991211,497100
45.57136055402857,45.88839234793052,45.514457570557965,45.847747802734375,718500
45.91276870629236,46.14038059184644,45.44128650036187,45.506317138671875,595500
45.44943074021426,46.00220532182324,45.28684943368565,45.774593353271484,494900
45.92904050399247,46.09974946782514,45.79897608855135,46.059104919433594,672900
46.115988477924546,46.758182615276596,46.05095784809263,46.61998748779297,829100
46.68504117070637,46.83949169592232,46.35987857964298,46.676910400390625,458500
46.7581905464581,46.87199649370207,46.28670522104223,46.72567367553711,378200
46.79070749991046,47.058963933033056,46.61186781050906,46.84761047363281,465600
46.554970266661265,46.98580800394625,46.45742274332841,46.83948516845703,326500
46.93704746279742,47.20530399390476,46.62001250642602,46.823238372802734,536600
46.8720046783457,46.90452155494468,46.156648898068184,46.3598747253418,711800
46.62813270270455,46.62813270270455,45.912776947021484,45.912776947021484,607300
45.87213462749364,46.571231979335316,45.81523164313258,46.23794174194336,504900
46.213557770206336,46.213557770206336,45.579494100633234,45.92904281616211,510000
45.563231456454616,45.815232607486536,44.98607083094102,45.067359924316406,626500
45.01857914329248,45.45754450537269,44.96167616856024,45.3437385559082,336500
45.63638030582047,45.83960608424039,45.368123890815404,45.677024841308594,556300
45.80709521300539,45.9534180407042,45.57135563591703,45.68516159057617,709500
45.68516005942726,45.92090272959434,45.473803492732785,45.55509567260742,412800
45.62013021994662,45.9615512026816,45.41690440433622,45.87213134765625,579600
45.823350144700846,46.22980172366994,45.782705606999826,45.985931396484375,349100
46.04283882255778,46.514324188232415,45.88838832396424,46.51432418823242,470100
46.5874777674936,46.67689450365213,46.33547669019441,46.530574798583984,484100
46.293556882887735,46.81664742789078,46.293556882887735,46.69404983520508,287400
46.36711866872413,46.66952981838807,46.269039966807725,46.546932220458984,457600
46.53875632173983,46.80030160062345,46.44885266538944,46.66952896118164,512400
46.35895172966218,46.42433649868487,46.01567155922837,46.29356384277344,611100
46.28538608662076,46.80030160062345,46.17913234274127,46.66952896118164,354200
46.996446467939606,47.33155143977903,46.93923365210346,47.32337951660156,494400
47.3234050530327,47.9527463668325,47.2988830345386,47.91188049316406,555400
47.854653248276065,48.02629173676188,47.50320122831062,47.789268493652344,761900
47.36425583462465,47.61762604135523,47.15992341352434,47.511375427246094,626400
47.71571644317797,48.13255328544493,47.47869004371937,47.89552688598633,741600
47.82197025833612,48.794594818117275,47.666678702426815,48.72103500366211,621800
48.72103421873544,48.72103421873544,48.01813002923614,48.44314193725586,663100
47.92004211088134,48.18158737051097,47.74022857568643,47.94456100463867,482200
47.797452830055256,48.083520169678344,47.609467324634124,47.887359619140625,768800
47.33156570617661,47.511379248925465,47.094539330346855,47.39695358276367,602200
47.29886738109968,47.4296400042796,46.39980598647091,46.41615295410156,751900
46.947418211245406,47.37243004175264,46.783954760782635,47.00463104248047,1592900
47.127237975749885,48.19794117781407,46.91473359134793,47.838314056396484,693400
47.691180301608,47.78926209721371,47.35607529461756,47.41328811645508,479200
47.699373326518646,47.82197094044854,47.086375903270785,47.66667938232422,460200
47.94456578447693,48.37774957932504,47.85465900791621,48.15707015991211,379800
48.00996107565383,48.475838882594324,47.90370731260203,48.336891174316406,444100
48.34506902001319,48.52487949344021,48.05900165951307,48.41045379638672,794700
48.516688461043124,48.90900631839945,48.43495362542816,48.58207321166992,462300
48.1407308055527,48.26332841588165,47.84649155217756,48.214290618896484,612500
48.32053741928673,48.614776649289105,48.2224587152412,48.328712463378906,430500
48.786415115174954,48.84362795230344,48.52486982605447,48.67198944091797,533400
48.524861941592086,49.30950079932888,48.41861132868353,49.146034240722656,347700
49.31766977319662,49.69364065298824,49.13785625770276,49.481136322021484,496000
49.3667204363853,49.53835894355681,49.0397872740785,49.21142578125,620400
49.03978529046655,49.783555242657336,48.94987851857554,49.358543395996094,446500
49.137858217289775,49.52200415466795,49.03160760650174,49.33401870727539,531900
49.21141530767027,49.57921425752099,48.94987008063532,49.02342987060547,622300
48.598424002048205,48.73737167459213,47.89551994978764,48.12437438964844,867000
47.96091338842553,48.761896226214425,47.96091338842553,48.614776611328125,724000
47.004629757240245,48.034466927043624,47.004629757240245,47.95273208618164,1008100
47.44598293169884,48.14071496644853,47.176265783423794,47.74839401245117,878100
48.10803827535055,48.10803827535055,47.57677259472262,47.66667938232422,768400
47.462334668361024,47.83013365103527,47.36425597893633,47.38877487182617,638200
46.9637726437252,47.32339977477525,46.84934696306963,47.07002639770508,524900
47.11088747092909,47.21714121409234,46.71856955524823,46.914730072021484,656200
47.02916075382312,47.233493218219785,46.367122446746194,46.66136169433594,957600
46.62048955663345,46.7430871480679,45.41901382980939,45.427188873291016,630500
45.770460169535056,45.82767299531776,45.10025010933894,45.28006362915039,856100
45.3618014560806,46.792128529020076,45.296413579027885,46.75126266479492,615200
46.75944040424386,46.971947913221335,46.46520115665412,46.66136169433594,502700
46.318071151931505,46.62865730120752,45.582476315686556,46.53057861328125,904000
46.51424385171939,46.971949711926676,46.28539248054879,46.86569595336914,495900
46.81664857560946,47.04550303305789,46.4897185359006,46.6123161315918,253900
47.070019751457906,47.54406937836216,46.898381254709754,47.225311279296875,276000
46.74309852175,46.89021816156141,46.228182900276366,46.23635482788086,559900
46.220003082190644,46.285390967739986,45.688740542499154,46.081058502197266,707400
45.47622341819213,45.48439846109051,44.258403927021924,44.42186737060547,1132900
44.5199595150804,44.5771723571917,43.91513403264749,44.38918685913086,597600
44.16032492062192,44.66707160504405,44.045899255709024,44.552642822265625,357300
44.92044036794384,45.62334442138672,44.92044036794384,45.62334442138672,367700
47.27435648980346,47.27435648980346,45.77046950976788,45.83585739135742,535600
45.66420523139109,46.17095184326171,45.386313034446424,46.17095184326172,261900
46.55510843308347,46.669534115499346,45.647871782691865,45.672393798828125,503700
45.868545367573226,46.10557174682617,45.639694031944515,46.10557174682617,484800
45.9502728290176,45.95844475346277,45.07573037372443,45.231021881103516,470200
45.320931477430626,45.713249350533886,45.11659905698943,45.59064865112305,492200
45.860379201519464,46.285391105254966,45.77047241755499,46.130096435546875,512100
46.10557735521393,46.39981660416599,45.82768507763321,46.30990982055664,471800
46.30990465551617,47.25800706424785,46.30990465551617,47.086368560791016,403000
47.02916262137043,47.02916262137043,46.367124288003694,46.57963180541992,548000
46.669523581623345,46.726736409917656,45.525263897871824,45.59064865112305,564700
45.7714828399019,45.89476875186155,45.16328028363811,45.738609313964844,451300
45.19613943650206,45.2043570309802,44.5797163860796,44.702999114990234,431400
44.83451410813159,44.99067666099961,44.333156063158505,44.63726043701172,429300
44.776973930900596,44.88382148021954,44.43999609254704,44.629032135009766,338500
44.31671064001198,44.92491615506009,44.19342789912106,44.84272766113281,389300
45.376967374133095,45.664633425644574,44.990677620249485,45.03998947143555,1011600
44.85094323177637,45.22901530323927,44.555059650530644,44.66190719604492,725200
44.67013619924739,45.179715001662885,44.51397677383726,45.16327667236328,396400
45.03176324525636,45.483806227817496,44.9166981008179,45.20436096191406,518000
44.80163315046751,44.924919034550584,44.25096330822106,44.43178176879883,497800
44.497524764849416,44.727655033714406,44.12767030753799,44.702999114990234,852300
44.941345164416376,45.42626470275809,44.07013288705803,44.30026626586914,367000
44.25096869765914,44.57972900506105,44.08658854395819,44.39891052246094,365300
44.00439720969819,44.464657848163625,43.94686462989001,44.24274826049805,429700
44.4317781331677,45.344081686630155,44.39068075164262,44.85916519165039,414600
44.990666886128096,44.990666886128096,44.28383459172183,44.52218246459961,298100
44.74410655729404,45.04821094262067,44.448226039451086,45.03177261352539,253000
44.82628297708532,45.10572820620738,44.702997118391316,45.09750747680664,221800
45.15504705000652,45.80434682069933,45.13039112855671,45.54133987426758,296900
45.27010732590244,45.44270501610546,45.08106817725391,45.26188659667969,412200
44.513963517518896,44.596152004250335,44.16876811089908,44.341365814208984,251600
44.30027991370039,44.4071243395148,43.58522677625721,43.8317985534668,281300
44.07014205923449,44.43177895750852,43.823573441959525,44.267398834228516,449400
44.96601247849136,45.179707589034535,44.17699161330935,44.448219299316406,411300
44.79340874959276,45.65640040119668,44.67834361408421,45.55777359008789,331000
45.54955621753558,46.01804065923464,45.442711803996694,45.919410705566406,445700
45.78791723249961,46.05092422912188,45.57422522347804,45.81257629394531,486400
46.001598044752576,46.14953982617184,45.467363485706386,45.6481819152832,465700
44.71944195435463,45.72215788757421,44.21808398774484,45.27011489868164,459200
45.82078200744527,45.84543792720583,45.06463787208218,45.59886932373047,1000600
45.738593854300454,46.21529273981864,45.68927887912688,45.88653564453125,641700
46.157764008456724,46.46186520909277,45.6892826788614,46.45364761352539,752900
46.889254961910346,51.96858211089001,46.889254961910346,50.96586608886719,1928600
50.58779427243065,50.99874305309262,49.87274427196012,50.18506622314453,939700
49.91382603957805,50.546687379754445,49.65081913655534,50.48915481567383,714200
50.25081152700076,50.66176026783038,50.06177548245393,50.415191650390625,279700
50.694639479469096,50.694639479469096,50.10287225949942,50.226158142089844,307100
50.06176781443953,50.57956402645468,49.88917012219767,50.48915481567383,461500
50.43986013258447,51.3357287361028,50.43986013258447,51.171348571777344,574500
51.269956664369936,51.36036587291773,50.73572214219998,50.87544631958008,423800
50.86723909106598,51.13024605739687,50.63710877934905,51.048057556152344,337900
51.07271478061823,51.29462750198039,50.60423341395046,50.669986724853516,360600
50.55491399453881,50.78504742721468,50.27546871830322,50.60422897338867,531900
50.480930654684435,50.75215826858908,50.086420326969,50.12751770019531,530700
50.17684628884297,50.316570506838595,49.971371895247955,50.16862869262695,394000
50.34123501465086,50.522053515139454,50.028913005249926,50.07822799682617,229800
49.97135459066771,50.209705557169066,49.90560443783695,49.99601364135742,253000
50.04533778200958,50.14396460316002,49.905616713320626,49.97136688232422,272600
49.73301569105312,50.0124609627876,49.46179114997294,49.54397964477539,275700
49.93027369129002,50.15218639504168,49.609734164301,49.74123764038086,330400
49.76589260158744,49.81520757989912,49.067280986267505,49.33028793334961,488800
49.39603720219344,49.650826549224924,49.05084176617344,49.42069625854492,800600
49.83165075944283,50.54670077051019,49.72480319700596,50.234378814697266,420700
50.38230969647493,50.59600477497974,50.23436791452229,50.37409210205078,405200
50.324791811380074,50.694646374162964,49.81521615559625,50.24260330200195,226200
50.283689336422086,50.39875448485712,49.96314981284158,50.11109161376953,308500
50.18506712378894,50.26725562728018,49.535767286220704,49.593299865722656,382300
49.53575607364742,50.43984194857009,49.32206099647606,50.02067565917969,367600
50.15218285539674,50.719290968098804,49.313847078821965,49.51932144165039,499500
49.6433124460242,49.70943576321179,49.296154783267454,49.67637252807617,387800
49.67637255449675,49.86648458008587,49.43667198234512,49.72596740722656,308600
49.98219139707207,50.14750122912229,49.63503381298414,49.990455627441406,531800
49.70943527406936,50.114452017786235,49.692903656664214,50.08965301513672,380600
50.38721804576167,50.527735223364324,49.96567281912121,49.98220443725586,591600
49.73422654186166,49.92433854796486,49.51105761016079,49.70943069458008,251900
49.84994647583903,49.93260139988302,49.42013393402717,49.47799301147461,358100
49.47798873803805,49.54411204094549,49.039912002891974,49.238285064697266,327000
49.41187103462289,49.67637059927074,49.03992068958178,49.59371566772461,259600
49.35399844997218,49.46145235405242,48.97378082394385,49.24654769897461,260400
49.41187059193448,50.47813622597777,49.41187059193448,50.05659103393555,495000
50.122712065297065,50.395479000083654,49.68463527642772,49.949134826660156,300000
50.006994191153,50.13097973550491,49.61850909506149,49.8747444152832,197200
50.13098363519138,50.205374336972696,49.783825975850675,50.08965301513672,147600
50.36240515503693,50.907935756565706,50.13923311535479,50.378936767578125,264100
50.27149357064387,50.35414849787303,49.80035354865431,50.2136344909668,171900
50.246694430993294,50.4698665035901,49.91606843757215,50.015254974365234,219800
50.02352680563945,50.22189989686158,49.71769978403999,49.965667724609375,330600
50.27975873444606,50.36241365802449,49.9987275799629,50.20536804199219,194000
50.34586980379188,50.61863666084184,49.9904480432566,50.040042877197266,265900
50.15577899930028,50.569059971177786,49.96567013060666,50.502933502197266,139800
50.81702921008463,51.59399632177261,50.61038871891492,51.43695068359375,235100
51.69317895865063,52.164318961841914,51.43694364953055,51.99074172973633,231700
51.85023085331587,52.04033972384251,51.52787219663665,51.87502670288086,249600
51.67664458496765,51.67664458496765,50.90794185172074,50.990596771240234,352300
52.40401660831363,53.7182467738124,52.02379580408962,53.13965606689453,760600
52.494935094815055,52.79249782783267,51.99073507840504,52.58585739135742,501500
52.89995704924582,53.18925242812562,52.23044083273137,52.3130989074707,369700
52.494943455692855,52.966086626731666,52.494943455692855,52.80077362060547,259600
52.875167501673204,53.04874474967701,52.62719640100089,52.85036849975586,248500
52.96609699566758,53.445504491976656,52.50322111851577,53.41244125366211,448700
53.412427812316615,54.156328415602175,52.99087951259949,53.94968795776367,364500
54.32164685171817,54.51175254947712,53.28017713465492,53.28844451904297,331000
52.84211092740725,53.99103164672851,52.35443920268629,53.991031646728516,528800
53.817446776740226,54.73493100665508,52.089932248697124,53.1727294921875,830600
52.825559638541066,52.825559638541066,51.31295332368726,52.35441970825195,704600
52.60240076139567,52.60240076139567,51.64358904797735,51.69318389892578,461300
51.693169615816245,52.38748157183441,51.60224732407488,51.7344970703125,294600
51.85849756446594,52.18085621695492,51.72624778003242,51.759307861328125,217300
51.775838702825304,52.17258805018186,51.30469865577167,51.37908935546875,295200
51.41214954059929,51.89982117567583,50.83355559427542,50.941009521484375,521300
50.990602832904074,51.486541868226475,50.82529297421338,51.0484619140625,348300
51.02367206608326,51.56093862925902,50.23843753262783,50.891422271728516,446100
51.47001170971504,52.313105255870056,50.79223118001691,52.296573638916016,326900
52.056858569995214,52.56932597147604,51.83368651941094,52.34615707397461,231700
52.354432218822815,52.842103878490406,52.296573136581195,52.66025924682617,235400
52.92475839528248,53.23058857397642,52.40402665918227,53.1727294921875,119200
52.70158338294509,53.511613636239076,52.59413261018923,53.065269470214844,312900
53.07353335261115,53.462018414414985,52.71811152012745,53.040470123291016,273800
52.81729509713837,53.41242054371251,52.31309194413336,53.371089935302734,348700
53.643875420972265,53.800917913831434,53.18099640967421,53.68519973754883,353500
53.544671808124306,53.81743871261444,53.362827205130884,53.751312255859375,490800
54.18113703430439,54.31338366389834,53.14793462179796,53.32977294921875,298800
53.29671701167433,53.635604130065936,53.11487237470788,53.42069625854492,265900
53.38763298449225,53.594273470679944,52.933027698579636,53.25538635253906,238800
53.27191934305367,53.486827232675665,53.05701775959938,53.470298767089844,162000
53.72651978333651,53.72651978333651,53.23885132303225,53.51161193847656,222500
53.41242880403693,54.22245588235068,53.32976757443369,54.040611267089844,462900
54.2720586073994,54.43736846866834,53.74305317777145,53.86703872680664,416400
54.32165072513384,54.726664302695454,53.92489822638276,54.10674285888672,564000
54.04061289591554,54.238992285542906,53.90836627566391,54.08194351196289,323300
54.12327107062541,54.478692907588645,54.073673072937005,54.29684829711914,297000
54.379515128747705,54.88371845687578,54.27206433819346,54.867183685302734,251500
54.85066167471931,55.53670973387916,54.62748637539339,55.42925262451172,369300
55.5455406403268,55.86954193780908,55.495696237114615,55.5206184387207,382800
55.520632883831304,56.010786545081224,55.22155371014203,56.00248336791992,328300
55.661849151080254,55.960928250597945,55.462465197502326,55.62030792236328,1058400
55.271391342941776,56.06063041932193,54.88092656197402,55.91109085083008,134200
56.110471637244764,56.31816511842869,55.65354344331932,55.944313049316406,309400
55.911106069371996,56.02741395004566,54.94740495715692,55.71171569824219,289700
55.34615773197667,55.75323515524968,54.75630904241325,54.79784393310547,325000
54.75631968736434,55.337858976523314,54.61508328430898,55.27970504760742,475900
56.13540255618363,56.96617660990149,56.077248625955505,56.78340530395508,310800
56.89971549850477,57.12402805165985,56.35971107377594,56.575714111328125,270700
56.658783461794286,56.874786473458144,56.47601850855836,56.683712005615234,358300
56.392937108750736,56.71693846324089,56.34309269676845,56.60894012451172,304600
56.46771088009098,56.66709486920072,56.26832689098124,56.650482177734375,455700
56.83324805376798,57.348323838024356,56.83324805376798,57.024322509765625,351800
57.348321615770836,57.4397072523336,56.70862849813341,57.36494064331055,287800
57.61416850455056,57.61416850455056,56.94955318975561,57.01601028442383,310900
56.941252846551684,57.3898715838976,56.69201810192522,57.35663986206055,201500
57.032641124323824,57.796951746876594,57.00771891637367,57.6889533996582,286800
57.24864068414449,57.77202603425665,57.24864068414449,57.705562591552734,250100
58.00463908013263,58.37848483613431,57.88833122989644,58.22064208984375,238300
58.054481116492425,58.63602668219266,57.830174939725254,58.619407653808594,344200
58.735724635107395,58.885264222312465,58.02125842271685,58.827110290527344,337400
58.69418642684399,58.83541649060618,58.28710892728712,58.39510726928711,328300
58.72741954115184,59.15941925769823,58.37018644661612,58.79387664794922,433700
59.026476572906894,59.292323915321774,58.885240220451635,59.092933654785156,278200
59.21757024161188,59.21757024161188,58.411718440192935,58.577877044677734,312200
58.594502838302965,59.14281684825741,58.57789014329106,59.126197814941406,314100
59.126184837871406,59.33387834060804,58.75233906826655,58.852027893066406,374700
58.78557818289964,59.151114483644626,58.48649899427879,58.51142120361328,1022200
58.78558103158651,59.308966467883955,58.42003837482422,59.25081253051758,398700
59.001573358983116,59.16773198074246,58.60280534336734,58.76065444946289,317900
59.32558818490889,59.7825101882335,58.70250753994471,59.126197814941406,496000
58.810473357578,59.350477552036224,58.810473357578,59.142784118652344,411800
57.92987602288896,60.53850597552461,57.53110169879496,60.364044189453125,937700
60.81265525243018,61.394200864857524,60.1729620508931,61.14496612548828,623700
61.18651702845171,61.510518437839664,60.513585661158196,60.92066955566406,289400
61.070181650887875,61.30279729252529,60.812637471959995,61.012027740478516,240900
61.394197388467624,61.84281609094802,61.12834997273506,61.61850357055664,292000
61.36095203415246,61.468950344004,60.90402391881721,61.31110763549805,321100
61.294494986790404,61.6849597190053,61.095111033130195,61.37757110595703,329300
61.3360408136599,61.610197731933724,61.05357438135599,61.35265350341797,345400
61.219734219034535,61.219734219034535,60.172957270468416,60.18126678466797,447200
60.206179028762705,60.27264245475933,59.3421735057101,59.74094772338867,393600
59.89881584450492,60.23943629349254,59.50835097402792,60.19789505004883,263400
60.53020098765246,60.53020098765246,58.76065444946289,58.76065444946289,324300
59.043107519684746,59.60803408932473,58.89356794718291,59.508338928222656,279600
59.52494785142088,60.67141348708649,59.51663833816419,60.48033905029297,309200
60.55514796452158,60.928993924359226,60.27268769945418,60.629920959472656,310400
60.438808459322416,60.96219379718122,59.84895968031572,60.89573669433594,440900
60.92064427430738,61.1034155244329,60.39725272380228,60.92894744873047,331400
61.169907087194325,61.45237363430729,60.80437071922502,60.995445251464844,357200
61.13666348866342,61.46897439910737,61.12005079537777,61.30282211303711,234200
61.30281635055557,61.46896862100746,60.97050547134894,61.203121185302734,182800
61.36096528986463,61.61850318961585,61.16988448990893,61.468963623046875,293700
61.31114375702856,62.46591948706679,61.31114375702856,62.39945602416992,402000
62.39112478974613,62.39112478974613,61.90927435892243,62.13358688354492,295800
62.175107789716215,62.756653249330604,61.89264774173575,62.64865493774414,305000
62.71513438205778,63.02252307765025,62.43267423338089,63.01421356201172,308800
62.70683457803782,63.379759599982556,62.590520367751225,63.25514221191406,522500
62.70682292282989,63.01420523952208,62.515742118200244,62.848052978515625,234900
62.98991535209629,63.24861592319772,62.29725845285124,62.964874267578125,397800
63.29869928767362,64.15825873802257,63.13179688899323,64.14157104492188,297900
64.19998712555848,64.59221476365076,63.05668596419571,63.29035186767578,402000
63.6491936040839,63.73265116438831,62.622731828286156,62.95654296875,417300
62.98157167108946,63.507319869406025,62.51423993925252,62.81466293334961,340700
63.081717759706805,63.37380649242024,62.66445541802254,63.2068977355957,192300
62.87308855560296,62.95654612008491,62.422450815375406,62.92316436767578,224000
62.96487688998933,63.99969195132783,62.81466221120904,63.98299789428711,468500
63.71593848492834,63.99968009982196,62.86472637407962,62.989906311035156,240200
63.01495200169942,63.357103764267265,62.59768971710822,62.83970260620117,258600
62.74791468362846,63.01496233488056,61.67137704882268,61.88835525512695,299000
62.046903501936406,62.39740231019947,61.729786442115184,62.26388168334961,340200
61.579579344160194,61.81324524512309,61.2708029082202,61.56288528442383,310700
61.512804876543015,61.72978304601905,60.99539735453621,61.71308898925781,252900
61.82158662074568,61.92172550233199,61.12892964415777,61.66302490234375,293100
61.871647757019026,62.88976869594388,61.621287852821595,62.83135223388672,335100
62.831371962673785,63.67424378008539,62.555977254967196,63.47395324707031,272100
63.206878077047605,63.657522029937894,62.59767881313531,62.989906311035156,254000
62.647775456575964,62.647775456575964,61.34591882728486,61.3542594909668,338700
61.754818777264425,62.7479050625826,61.64633287420539,62.71452331542969,286100
62.30561160924082,62.313952271316914,61.537844114759665,62.13035583496094,231700
62.230501237265116,62.40575064506426,61.39597660950675,61.629642486572266,156400
61.963456611857545,62.74791183735406,61.71309666463842,62.63941955566406,397200
62.739566841898096,63.69092448510427,61.8549727023705,63.507328033447266,293400
63.7409995308883,64.4253095864347,63.60747887871566,64.33351135253906,319700
64.47537723175711,64.50875898229981,63.99969842862976,64.11653137207031,274800
64.44200045608129,64.52545165542149,63.8912110799829,64.14157104492188,229700
64.15825467122751,64.15825467122751,63.256972861797145,63.33207702636719,217700
63.52401652471675,64.06645243553379,63.32372603123721,63.832786560058594,215900
63.79940882653564,64.48371880503234,63.37380582666971,64.41696166992188,428500
64.2583963134637,64.2583963134637,63.5824334026448,63.59912109375,240900
63.87451939600349,64.17494878839209,63.45725705845467,64.09983825683594,209300
64.5421117054761,65.11793555806238,64.46700756831216,65.04283142089844,201000
64.89264944698539,65.35163426129056,64.71740000513226,65.25149536132812,249700
64.66731800498022,66.48658212773314,62.489208002196094,66.31133270263672,276100
66.30297983633723,66.53665208281454,65.56860044816163,66.52830505371094,345200
66.35304669672593,66.57001848882095,66.23621377270035,66.46153259277344,275200
66.51160392568544,66.94556025609843,66.34470156286015,66.9038314819336,263800
66.98726823263212,67.06237873656475,66.59504712779511,66.82036590576172,213800
66.86211188706531,68.15562117066196,66.86211188706531,67.96368408203125,397800
67.67160566134982,68.4143385106343,67.40455800889139,68.32254028320312,465900
68.14729356586479,68.297501907355,67.69664944063861,67.75506591796875,209700
67.82181997406721,68.82325344022051,67.82181997406721,68.78152465820312,200800
68.81490731862291,69.01519146772955,68.472755495854,68.53951263427734,200100
68.4477219809367,69.09865667967607,68.29750726075362,68.69808197021484,187500
68.64799398546589,68.98180509207438,67.7049771317781,67.96368408203125,396700
67.31277765667028,68.58959966224832,67.08745238102748,68.20571899414062,261600
67.89692955626641,68.63965602395024,67.57981246490282,68.41433715820312,298100
69.04022889067494,69.05691658266491,68.44771077088451,68.73979949951172,360700
68.31420678028391,68.41435205737997,67.68831312400249,68.10557556152344,203800
68.26412157843843,68.38929518728482,67.67995048051047,67.9553451538086,234800
67.59648656360919,67.88856887414265,66.99562788655929,67.00397491455078,347100
67.25432845204367,67.5046883564534,66.7452743490664,67.00397491455078,802000
67.0039654650988,67.35446418830873,66.42814158631394,66.94554901123047,412500
66.66182834216245,66.99563948351927,65.35997189448062,65.41838836669922,382700
65.46012653477372,65.71048015150674,65.00948238435164,65.6353759765625,345300
65.91075416370894,66.72858468705547,65.79391486488502,66.49491882324219,308700
66.66183111824793,66.68687220759982,66.17781162838774,66.54499816894531,199600
66.16111618060454,66.75362794446932,65.77723558853376,65.86903381347656,349400
66.38644685784541,66.47824509031918,65.15969444834919,65.27652740478516,258700
65.26816302366905,66.0693058120772,64.77579660485318,65.99420166015625,282700
65.46010322338697,66.1193783364343,65.41002742433807,65.48513793945312,183700
66.00256025245116,66.56169668084964,65.6687554417829,66.35306549072266,447500
66.66183651134531,66.91219648977318,66.5199688281316,66.72025299072266,225400
66.8037032765757,66.82039096875572,65.87738037109375,65.87738037109375,370300
65.16803082938509,65.25148839299968,63.674237217840314,63.816104888916016,363100
64.39194075603807,64.51711439053508,63.66590184135862,63.92460250854492,529000
63.00660834060924,63.17351071659881,60.93698449698393,62.53092956542969,533600
63.49500652136894,63.53692550984266,62.61476532687776,63.3189582824707,266000
63.81360160525931,64.0315625259127,63.11778704578153,63.511802673339844,246900
64.12375357094758,64.15728748285142,63.58722377236575,63.62914276123047,355100
63.536918461819624,63.95608271630113,63.00877380371094,63.00877380371094,481000
63.855459850898534,65.54888646005607,63.595580145863565,65.31415557861328,454700
65.1716633548984,65.39801565786661,64.57645081840433,65.15489959716797,388400
65.02914696197423,65.31418200185082,64.72734816489994,64.81956481933594,237100
65.19682133410075,66.18604947337685,65.19682133410075,66.11898803710938,257200
66.47106185364045,66.64711005608731,66.06866139380593,66.37884521484375,292000
66.83155310753247,66.98245250254658,66.43753766522126,66.71418762207031,308900
66.77286323883862,67.1752573186401,66.52136214200877,67.05789184570312,400200
67.91298452727021,68.28184466888557,67.20878535520811,67.40160369873047,278400
67.27586306094037,67.47706011287653,66.94053037708744,67.2004165649414,329500
67.19204549036208,67.41001273967707,66.89024665159985,67.02437591552734,197700
67.18364993836518,67.18364993836518,66.3537064591316,66.70580291748047,258700
67.06631992849728,67.27590217827384,66.37889040506789,66.4794921875,221500
66.48784639583086,66.9489297339749,66.37886596860605,66.66389465332031,248900
66.6471272847482,66.99084509928676,66.22796296220261,66.98246002197266,297400
67.0746796125776,67.3094106200993,66.86509744215604,67.03276062011719,153500
67.17526232740781,67.22556638808773,65.97645228221766,66.20280456542969,380200
66.34532686346432,66.39562453425799,65.81718213231125,66.01837921142578,336900
65.92616252303579,67.28425719734716,65.92616252303579,66.81478881835938,377100
66.40398958487049,66.63872050570257,66.00997422664327,66.51296997070312,215900
66.35370365453244,67.15849826643013,66.34531857846731,67.00759887695312,264700
66.96567708748299,67.48544305078475,66.7812501933489,67.30939483642578,390700
67.6111884509868,68.25669852111724,67.26747072823417,67.63633728027344,312500
67.88785586231134,69.48906023365483,67.88785586231134,68.6758804321289,333800
68.52499097718419,68.85193868155417,68.10582659763901,68.47469329833984,332600
68.30701243156457,69.41360585141311,68.18126187104876,69.3884506225586,328100
71.24955517993992,71.24955517993992,68.98607022424187,69.77410125732422,386500
69.74894639673964,70.14296191538945,69.56451945238103,69.76571655273438,373800
70.17649244017676,70.86392169610961,70.15134360334046,70.52021026611328,379000
70.57048613397028,70.91419745776207,69.81598928231507,70.05072021484375,267400
69.8243812219865,70.2770793774859,69.67348183682003,70.06749725341797,299800
70.11782347180139,70.21842523486178,69.59805728990145,70.08428955078125,311400
70.01718592482304,70.36090364265839,69.4387436716911,69.61479187011719,271900
68.91900324686928,69.04475383395372,68.23157395287363,68.96092224121094,277900
68.74293561663238,69.1872486893409,68.44952192672474,68.91059875488281,304900
68.70941445096874,69.34654600715702,68.13935072089288,68.2315673828125,157400
68.23156964098052,69.10343222147726,68.18127196770152,68.8267822265625,235900
68.70942449887895,68.97768944661922,67.93816357361827,68.03038024902344,179100
68.11421457789352,68.70104217588046,68.02199789878969,68.52499389648438,163600
68.59205445381158,69.00283372879682,67.90462517088226,68.3405532836914,239300
68.4243885422384,68.99445229529479,68.28186780701917,68.37408447265625,142600
67.82917374437794,68.1561214042883,66.95731118597031,66.98246002197266,136400
67.06630434230587,67.13337218167406,66.66390370203791,66.74774169921875,198900
66.73933661611615,67.0495204832648,66.47945681138629,66.6219711303711,258500
66.78126593614469,67.0243756257083,66.04353260194249,66.2363510131836,299900
67.08309193116068,67.92142103320236,66.1693162799881,66.55494689941406,250400
66.49624104499982,67.44355029906644,66.47109220401576,67.35133361816406,176500
67.28428166304946,67.81242658602083,66.63876480569785,66.89865112304688,340000
67.05790014300122,67.4183816818937,66.01837451296174,66.06867218017578,259800
66.4039992990795,67.28424677690866,66.22795108270144,66.84831237792969,215500
67.15011836013598,67.83754754380209,67.09982069175099,67.30101776123047,251600
67.29264289499544,67.73696248492544,66.89863377296321,67.71180725097656,285500
67.79561614990234,68.57526177334279,67.59441274028448,67.79561614990234,397800
67.6363647333981,68.944155554632,67.6363647333981,68.73457336425781,286400
69.89145158284813,69.90821533917118,69.19563737056886,69.50582122802734,202100
69.50583957983764,69.52260334058687,69.0531412883194,69.28787231445312,185900
69.40522660265913,70.59565169749115,68.99444737336013,70.57888793945312,290300
70.66271691640621,71.1489490287998,70.06750439093385,70.34415435791016,213300
70.15974561900738,70.51184221159959,69.6651282567016,69.69027709960938,292100
69.76570661379805,69.84115311720463,69.17049407958984,69.17049407958984,154500
69.38107674807756,70.40027107302112,68.98519002138146,69.6084976196289,258400
69.62535935634166,69.9538597973049,68.79989259038506,69.1368179321289,255800
69.54956320564052,69.96229346509097,68.64829141588348,69.02732849121094,293900
68.85041341828229,69.17891378422215,68.69037889789806,68.73249053955078,257300
68.37872355811258,69.38107447790198,68.33660548912569,69.32211303710938,248700
69.33897155879028,70.04651542920793,69.04416429041478,69.59166717529297,276500
69.22102298423027,69.41475707522112,68.6903700979209,69.17048645019531,245500
68.86726054389833,69.12837456148453,68.13444860337341,68.87567901611328,395400
69.14522246296194,70.18969145437482,68.86726505641803,69.88645935058594,254400
69.3389550754263,69.67588034189667,68.53876319058476,68.57245635986328,279500
68.4292738956724,68.5893148785099,67.29215649324111,67.35954284667969,265500
67.65433564872667,68.0333725597445,67.03944655108808,67.51956939697266,182600
68.41241603003478,68.70722323098994,67.78068355956731,68.35345458984375,227300
68.35345607037438,68.7914544318069,68.03337416556298,68.29449462890625,275300
68.01652666464955,68.68195227871844,67.77225601444846,68.49664306640625,172200
68.46294528375452,68.98517971722545,67.41848284312701,67.57009887695312,288700
68.12602145231163,68.74933539660078,67.89017571179767,68.31975555419922,236200
68.16815113113971,69.8864643671825,68.10076478627947,69.76011657714844,289200
70.08860876931064,70.17283847736634,69.21260566763866,69.35579681396484,281700
69.25473227278553,69.65903749182303,69.11154110880625,69.24630737304688,172000
69.49056272632576,69.82748795207988,69.42317639591211,69.51583099365234,358800
69.30527291470482,69.6169299602991,69.17050664249915,69.3136978149414,173500
69.6000659969298,70.08860729018365,69.20418573479098,69.49899291992188,167600
69.69272452682654,69.69272452682654,68.70722341260785,68.91780090332031,332300
69.06943136293525,69.76855032026624,68.82516065159129,69.67589569091797,286100
69.7432637410559,70.44237608859709,69.70114567465411,70.33287811279297,314100
70.29075744049334,70.82141678169818,69.80222259044328,69.9369888305664,221800
69.78536459935331,70.18125122763314,69.2462868495338,69.61690521240234,416500
69.99594323181555,70.06332955826282,69.22101975661326,69.80221557617188,363500
69.852779183736,70.45081860355774,69.73485627990165,70.34973907470703,356400
69.81906500827918,71.63845742248361,69.12837116799366,70.93933868408203,583600
71.33522860808735,73.04511670373914,71.00672825603182,73.02826690673828,542400
72.80927917462654,73.32308879380008,71.61319407882847,71.70584869384766,365100
71.8069172209839,73.26411613996754,71.57107148295519,73.23042297363281,417300
73.07037849895944,73.62630607706932,72.95245563565992,73.48310852050781,248500
73.34835485118947,73.85373955565225,73.23043196769198,73.7105484008789,321300
73.54208259876393,74.8308158452349,73.53366412587634,74.81397247314453,349300
75.08351558519894,75.83317099804434,74.80555173289027,75.71524810791016,548800
75.73209791839972,76.06059831615266,74.61182403564453,74.61182403564453,1315800
74.88978434085561,75.08351203993632,74.34228156176121,74.594970703125,371400
74.61181873754175,75.02454882376465,74.30858663402267,74.628662109375,263800
74.65393192168122,75.0077070006347,74.16539701264921,74.30016326904297,287600
74.62022579029053,74.88134621110663,74.17380260240745,74.40122985839844,257800
74.59498131198161,74.80555883955726,74.0053668052962,74.47705841064453,286100
74.79711475164854,74.9487307766358,73.89584349931143,74.1653823852539,261700
74.9487283944961,74.9487283944961,74.17379849901681,74.3338394165039,327500
74.3254423337374,74.71290421331868,74.12328970663329,74.47705841064453,219800
74.81396989772266,74.94874257506679,74.34227837964812,74.41808319091797,202500
74.57813250640793,75.88370922651232,73.92955016996906,74.01378631591797,286800
73.65162058845048,73.92957812571554,71.97541833022586,72.94407653808594,574900
72.53975800101992,72.85140866760568,71.24259949926713,71.80694580078125,380300
71.34366988421728,72.21967324513838,71.13309233860116,71.38578796386719,484600
72.2280765616083,72.71661786375748,71.89957620272192,72.69976806640625,320900
72.82612114902345,73.17147133043102,72.43023442450853,72.68292999267578,255600
72.62397066542104,72.80085499776371,71.9838132533842,72.40496826171875,275900
72.44710818354973,72.85141351475511,71.52898664678554,71.65533447265625,451200
71.55424824792209,71.94171659144443,71.02359514037644,71.54582977294922,420800
71.62162230523512,72.09331387537802,71.2257355547299,71.34365844726562,335300
71.37736741981766,71.59636987999585,70.4929455300315,70.91410064697266,616200
70.87193210177783,71.29308691884393,70.34127934574705,70.79612731933594,475000
70.80458668987416,72.06805187092867,69.9538580949118,72.05120849609375,603000
71.75637610636585,72.09329489558792,71.41102599320506,71.6805648803711,706000
71.88271860121957,72.3965281172976,71.46998857933058,72.13541412353516,1996100
72.69975692322124,72.93560263947055,72.16910406166033,72.22806549072266,270400
72.44808111272205,73.07423649158014,72.03345886820401,72.82884979248047,94300
72.91345882655654,73.10807807515937,72.51576339447611,72.87115478515625,235900
73.10809658097429,73.12501691068233,72.6257864883309,72.71886444091797,180300
72.78655315632251,73.1334812487548,72.68501826540746,72.76116943359375,368000
72.68501420777612,73.00655210385264,72.4903949182582,72.7527084350586,292900
72.75269877452459,73.19269828208128,72.3211562024976,72.47346496582031,346600
72.59193653645657,72.91347443376125,72.38039691714845,72.70193481445312,390200
72.9473193784572,73.19270610423932,72.20270226467733,72.2365493774414,449100
72.35502653236469,72.7611790611201,72.03348212011544,72.30425262451172,423900
72.27884452160761,72.49884749963061,71.64422576074098,71.81346130371094,489500
72.16039667495501,72.19424379002456,71.55962490774387,71.98270416259766,432100
72.15194199019298,72.80348773648123,72.06732742014563,72.52425384521484,314800
72.38886322097507,72.66809062337785,71.59347215456947,71.74578094482422,294000
71.9319353943593,72.76963049596752,71.5511601985905,72.65116882324219,269000
72.63421907618053,73.04884125532081,72.57498825854262,73.00653076171875,297800
72.93041024587653,73.77656882784729,72.34655875849985,73.50579833984375,344000
73.6919288863867,73.92885865128144,73.05731011283252,73.63269805908203,408400
74.00501563000105,74.47040534950668,73.3957805265306,73.9711685180664,367000
74.00503024447508,74.26733734417316,73.65810857606903,73.87810516357422,397900
73.24348078686474,73.80194851917082,72.67655611728901,73.06578826904297,306800
72.68500574311132,72.88808194563232,71.9234619140625,71.9234619140625,516500
71.82192675577211,72.27885309245967,71.50885226158597,71.97423553466797,720100
72.49886083611173,74.00502193939195,72.49886083611173,73.78501892089844,512500
73.22653091807875,73.42114368761297,72.36344594461266,72.63421630859375,551300
73.01501467888085,74.29271576790899,72.93885706012132,73.86963653564453,442200
72.88808254888664,73.70885721278368,72.60039179757385,73.34500885009766,443700
73.13347855308102,73.7342503063339,71.06039283473406,71.11116027832031,402300
71.35652433708316,71.52575339903879,70.73036260536254,70.94190216064453,448800
70.65421317870855,71.92345054120031,70.15498291485248,71.6272964477539,375100
71.69500073315798,72.82884983762206,71.5765326234537,72.71038818359375,317000
73.09962110737878,73.64962533931143,72.9642391250571,73.53962707519531,259000
73.45501499536,74.28425313962411,73.21809165576364,74.26732635498047,301500
74.48731810362392,75.14732058004778,74.21654769135577,74.94424438476562,294400
74.95271870655532,75.2319525505878,74.14040735128728,74.55502319335938,582700
75.011945923263,76.72118310709584,74.09809327178334,76.62810516357422,630100
77.07659011706761,77.88044472661473,76.70428469229554,77.62659454345703,386500
77.87196232011082,78.35427238581315,77.51657731499897,78.30350494384766,449000
78.12580302803573,78.93811427999306,77.38117953865121,77.43195343017578,384500
77.55041944781651,77.92272475778137,76.95810468832585,77.8211898803711,405100
78.0581105414875,78.37964840178843,77.29656670848411,77.33041381835938,386300
77.44886996107581,77.9734904432778,77.31348798688941,77.37271881103516,276800
77.3304106181528,78.20195268042625,77.20348557529215,77.60118103027344,422700
77.79579204135881,79.16656428301776,77.79579204135881,78.95502471923828,584600
78.83659123330226,79.11582510657038,78.58274753952188,78.84505462646484,372200
79.02274896226349,79.80121330347181,78.777362200337,79.36121368408203,505900
79.28504453492202,82.84737730624174,78.87042870016971,79.53889465332031,602800
80.38504872423063,81.27351763450581,79.63196825789983,81.21428680419922,571000
81.05352139118244,81.23967728927113,80.334287975939,80.62197875976562,496600
80.87582793982415,81.0789041646024,80.34274397322562,80.57967376708984,405800
80.87581643191677,80.91812047590116,80.29196510611972,80.6388931274414,368700
80.69813637974595,80.99429055594302,80.09736463498135,80.62197875976562,299600
80.9265861435316,81.59505203177805,79.69119569567425,79.77581024169922,396300
79.47966237159048,79.82658397435846,79.31043326619292,79.58966064453125,396400
79.85199047075844,80.23275926356435,78.3796698390391,78.47274780273438,469600
78.50659034018872,79.16659298556245,78.43889610587411,78.55735778808594,484800
78.95503892892481,79.66581534809472,78.71811560776028,79.149658203125,350700
79.31041435652057,79.4796434215695,78.86194506835834,79.1750259399414,252100
79.20041993832956,79.37811241640688,78.10887489670391,78.45580291748047,255700
78.31194294879498,78.92963481138662,78.08347662266134,78.90425109863281,517500
79.58966315777141,79.6996678898624,79.03966532002352,79.34427642822266,769900
79.80118938899862,80.17350111699402,78.17656695794254,78.53195190429688,296900
79.00781663217093,79.4156829803797,78.66792368671781,79.3307113647461,493900
79.51763554699242,79.84053020947276,78.67639923095703,78.67639923095703,398700
78.76139834791856,79.45817600363227,78.36202460325599,79.19475555419922,438500
79.27122373164913,80.29939510263213,79.25422552024087,79.99349212646484,349500
80.56281913877174,81.37006572605124,80.46934841305603,81.29358673095703,513500
81.34459284515074,81.98188985230107,81.08967144912246,81.92240905761719,430000
82.00734907878194,82.08382157835551,81.68444790391244,81.93936920166016,707200
82.13479968019658,82.44919522831881,81.64195535572964,82.23676300048828,612000
82.52569039545268,82.77211260604153,80.33338781814645,80.5968017578125,439700
80.57981781389667,80.86872261655003,79.20325424058623,79.44117736816406,746700
79.22024829199512,79.50065397309704,78.31953102116398,79.10977935791016,619100
79.19474736764637,80.27390692565827,78.93983253434756,80.15494537353516,409300
80.25690215396482,80.29939119750101,78.26004028320312,78.26004028320312,339800
77.86916659151869,78.37051008261625,77.58875446003621,77.79269409179688,460500
78.27702099624912,78.76985878334676,78.13256217026817,78.58292388916016,303800
78.60844683896096,79.37320438374894,78.26005476964457,79.19475555419922,520300
79.67059797748118,80.52881965495804,79.4836565481953,80.19742584228516,375800
80.44384986977956,80.98767595843917,80.42685814078573,80.84322357177734,377300
80.74123855061622,80.86020656285234,80.25689332898398,80.8517074584961,284800
80.94518199735893,81.75242191073231,80.94518199735893,81.42102813720703,327900
81.37005216874171,81.60797525531557,81.20860158160178,81.49751281738281,326000
81.83741291070352,82.0413525757726,81.03867191273265,81.30208587646484,269100
80.95368403995676,81.34456510936816,80.58830028779076,80.91120147705078,361200
81.09815006273956,81.3785557480024,80.4693458402259,81.14063262939453,678400
81.51450882888993,82.39822782754644,81.51450882888993,82.26226806640625,435500
82.02436497837897,83.74931435043285,81.76095098055393,83.71532440185547,611200
83.85975981097901,84.10618200694081,83.31593375193158,83.51136779785156,428700
83.46038025887951,83.80027314260052,82.8230835329967,82.99302673339844,620400
82.72113147983907,83.24796588684224,82.33875595539605,83.13749694824219,385100
83.3584375795625,83.46890653040376,82.5426982828839,83.32444763183594,484900
83.29894817385357,84.97291564941406,83.27345733642578,84.97291564941406,455200
84.76898016068365,85.76316169083161,83.74930131088266,84.12318420410156,378500
83.99572739481394,84.1571780121034,83.40091956730402,83.53687286376953,472100
84.02118417540127,84.33558617559852,83.57082893384607,83.86823272705078,466600
84.10620706543345,84.31014027760632,83.28196862579648,83.44341278076172,333400
83.38394427199755,83.43493244474074,82.55971219387983,82.64468383789062,375300
82.54266460720251,82.61914357911537,81.15760883774696,81.80339813232422,470000
81.88839944544897,82.75512031459827,81.71844972792636,82.72113037109375,342000
82.58516868600366,83.35841875265179,82.50868970016212,83.2139663696289,234500
83.2139794071605,83.27346019083717,82.07533892731065,82.37274932861328,270800
82.6021856447913,83.630357334401,82.6021856447913,83.35844421386719,273600
83.23947600397936,83.74081962929662,83.07802537300809,83.32444763183594,198700
83.27345151306035,84.05520072646618,83.10350828681335,84.00421905517578,157700
84.19115883135173,84.44607366568866,83.47738303278787,83.80877685546875,261100
83.53689426392832,84.0552297105089,83.51990252861191,83.81730651855469,242400
83.94474281419602,84.12318515627422,83.41790841168977,84.08069610595703,268700
83.9787172289099,85.16833910570404,83.9787172289099,84.34410095214844,628600
84.50556144969104,85.14285831275936,84.30162826872649,84.76048278808594,416600
84.76048278808594,85.46575953911542,84.41209072447417,84.76048278808594,305200
84.8539597656836,85.56772919311241,84.48857594461805,85.48275756835938,417500
85.44024846702773,85.74615140748698,84.79445265017848,85.35527038574219,229000
85.39777133329531,85.70367431640625,85.10036745608143,85.70367431640625,299700
85.70366000569433,86.44292650525684,85.60169020071139,86.3834457397461,316100
86.35795953521853,86.51091102090967,86.08604650320295,86.47692108154297,236100
86.17953044497166,86.67237491706732,85.98409636726001,86.54491424560547,221000
86.32398887220407,86.52792855394452,85.85664168811776,85.92462158203125,294300
85.94160709674206,86.06906776787902,85.508243408044,85.64420318603516,270800
85.64419997015436,86.11154710288261,85.06638390122654,85.27031707763672,525200
85.44026601134779,85.95010218916393,84.93892245707016,85.77165985107422,230900
85.88212686163115,87.49661357950517,85.59322205593827,87.47112274169922,501800
87.47960508591666,87.61556484879713,86.90178905951127,87.30966186523438,315000
87.9129713884805,89.73989023926705,86.45993541401823,89.06010437011719,837900
89.18755460459464,89.50195666683243,88.19337323559421,88.46528625488281,329700
88.40559571116545,88.69558681920543,87.93648479251806,87.97913360595703,303100
88.0985454143045,88.72970752902947,87.99619216301308,88.5676498413086,351800
88.43118177125685,88.58470838833853,87.68061081402155,88.28618621826172,192700
87.71471211631798,89.07939589453507,87.67206981530776,89.01969146728516,282600
89.1732253007621,89.35233859704161,88.26059669174072,88.94293212890625,309800
89.3267533966034,89.87262435832066,88.8661735525366,89.65939331054688,331300
89.48027680705157,89.85555901273406,89.21586589231978,89.59968566894531,263500
89.76173231335056,90.11996538828315,89.7020278854109,89.92378997802734,250900
90.06027236663294,90.27350343844404,89.59116791302607,89.79586791992188,557800
89.8555613411997,89.87262346893806,89.00263715854514,89.13057708740234,382800
89.53997315695727,89.72761098921663,88.84057566871721,89.02821350097656,313300
88.28618259031595,88.91734465358417,88.05588942050925,88.6444091796875,243500
88.64440006442307,89.07086210523964,88.56763351328304,88.9173355102539,255400
89.23291365484,89.30114263115651,88.94291610314285,89.13909149169922,259300
89.37793013180638,89.61674787313993,88.7808792711771,88.95999908447266,289100
89.20732032396947,89.20732032396947,88.64439385332753,88.90879821777344,403400
88.61028700180776,89.04528012846495,88.06441608130623,88.20941162109375,306500
88.4994130265059,89.08792627435837,88.04736426101961,88.95146179199219,306000
88.68706291443222,89.10499395856667,88.0814809941638,88.54206085205078,282400
88.78087615966797,89.61674473233606,88.42264956022242,88.78087615966797,618500
88.83205747057066,88.83205747057066,88.26912437038517,88.62735748291016,691000
88.83205937492711,89.08793273816426,88.39706619793989,88.57617950439453,297800
88.53353629513656,88.72970522088941,88.11559874370677,88.54206085205078,359800
88.45678782315778,89.0538388013264,88.0217945616387,88.75531005859375,310700
88.695585719478,88.97705226717656,87.80001921402153,87.83413696289062,289400
88.22648702634788,88.35442045877124,87.56973170586161,88.03031158447266,388900
87.64650525738583,88.03031859983427,86.11123887299969,86.13682556152344,439800
85.8041691929187,86.64856228926016,83.1686366620701,86.25621795654297,446100
86.62296860014743,87.01531290113446,85.71034008306371,86.93855285644531,372100
83.58657255077111,84.38832339022524,82.07689956280895,82.29013061523438,1082700
82.05982019641861,83.82537267932402,81.9659980324768,83.62920379638672,705900
83.87658320042688,83.97893647206402,82.89572533658243,83.25395202636719,653900
83.50127700912917,84.25184793129102,83.00657943194989,84.2092056274414,401000
84.30301626543813,84.75507151177742,83.96185182583089,84.08126068115234,390900
84.16655449727178,84.9768298283337,83.91920571549728,84.82330322265625,407700
85.51417922461891,85.89799249873222,84.92565946416983,85.76152801513672,354800
85.68477097920362,86.09417749008284,85.38624878757072,85.71035766601562,241900
86.00887891351968,86.13681885347101,84.74655465781557,85.30095672607422,463400
85.84683032670794,86.31593477765965,85.51419037714906,86.04299926757812,310800
86.44387482312369,86.71681033352615,86.17947037759828,86.64857482910156,346400
86.64856190140952,86.79356395350186,85.69329101117225,86.03446197509766,354300
86.21356683210067,86.83619776110014,85.9065136453386,86.37561798095703,327800
86.29885065027054,86.67413929290885,85.93209306968139,85.95767974853516,274200
86.11123106451666,86.46945768595772,85.81270887998244,86.02593994140625,461800
86.28180712419504,86.38415385395199,85.81269625516033,85.89798736572266,418600
86.31593995301348,86.33300208377051,85.36066886409964,85.90653991699219,344000
85.67623953032825,86.62298598190148,85.42889722072415,86.35858154296875,291400
86.5547591446376,86.99827690880565,86.21358812981056,86.64857482910156,258700
86.65708771176087,87.06649414511165,85.70181687943322,86.4353256225586,405300
86.99827644839638,86.99827644839638,85.66771665563793,85.82124328613281,571000
85.82123841462679,86.64856945207484,85.7871206645317,86.29887390136719,425000
86.47798156738281,86.49504369496502,85.90652393198462,86.47798156738281,416400
86.46944336761237,87.00678971809117,86.38415225862519,86.4353256225586,424900
86.13680123563705,86.35856331904195,84.31154422039097,84.39683532714844,640500
84.37979816685433,84.84037805285004,84.1324493480439,84.45655822753906,560700
83.98743005073817,84.76358753217038,83.97889898841868,84.54183197021484,310900
84.59301281226494,84.9171216288419,83.54391330216157,83.81684875488281,376100
83.74862079742908,84.32860945497379,83.51832764267017,84.08126068115234,267700
83.99597028068183,84.92565444886445,83.79979486968566,84.6441879272461,278100
84.97681895964539,85.22416770978352,84.39683035763382,84.76358795166016,341900
85.07066047685565,85.98328913835871,85.02801816993409,85.8468246459961,492100
86.21358413458748,86.42681519556106,85.48006876425474,85.9150619506836,903300
85.80416728630134,86.13680718072001,84.68683874388452,84.82330322265625,464300
84.7461786691207,84.90043428765718,83.54641347363628,83.55498504638672,480200
83.46073636268473,83.79495585590834,83.15222505537128,83.54643249511719,574600
83.27217937425996,83.27217937425996,81.86674224426189,81.95243835449219,462700
82.0210145909441,82.97225664640843,81.849622335518,82.94654846191406,415500
82.14954408641636,83.10935750621006,82.11526433518866,82.92082214355469,398600
82.88654876647138,83.13507207833868,81.96101502672995,82.16668701171875,463100
82.03815636064631,82.03815636064631,80.63271242935181,80.6669921875,530800
80.58128538102639,81.26686737673288,79.73288272844033,81.15545654296875,407500
81.42113980489687,81.7639308735052,81.31830052285562,81.5068359375,419100
81.6268034361896,82.038153983855,80.80410887905394,81.00978088378906,426400
80.65840586430265,80.94120235254795,79.85284810591071,79.86141967773438,492700
79.99855418241238,81.31829546463567,79.4843708805814,81.29258728027344,358000
81.23259033962248,81.28400670265182,79.57005819426404,79.7843017578125,547700
79.6900271984416,80.1013776818067,78.91874912850336,79.63861083984375,724000
79.69862158567388,80.03284108862263,78.53313584373092,78.86735534667969,893100
79.61291370872607,80.45274486060988,78.72165965291413,80.03282928466797,683200
79.0815573634935,81.0097488071607,78.541666113016,80.67552947998047,658800
79.36439284709788,81.39542435329368,78.99589362542172,81.10404968261719,502000
81.75532155667939,82.8265390651836,81.40395907555747,81.7638931274414,594100
81.69535567574722,82.56089494860638,81.30971334573972,82.53518676757812,334900
82.88655193574934,84.24913787841797,82.877980362407,84.24913787841797,450400
84.53193346171614,85.15752749635698,83.70066745245393,83.73494720458984,387200
84.51479772037013,84.51479772037013,82.28665957607296,82.4323501586914,700400
82.53519939796732,83.46930486017256,82.3209558056867,83.39217376708984,377300
82.55234515878472,82.56948176990333,81.35257969641219,81.78106689453125,539900
81.93529380589423,84.55763244628906,81.93529380589423,84.55763244628906,666700
84.55763700904375,84.61762493744682,82.20095811890411,82.71514129638672,1148000
82.60377091475638,83.46931698398434,82.38095571572615,83.12652587890625,392000
84.29199886805802,84.99471758419288,83.81209531699875,84.96900939941406,667700
85.27751461383592,85.51746637225973,83.54642286258692,84.12916564941406,552100
82.41522043103508,86.07450451189895,81.80676943626796,81.84104919433594,700100
82.01242516817403,83.8634925072622,81.96958038273964,83.56355285644531,661000
83.72637923506085,85.0718285078732,83.55498700519976,84.78903198242188,564300
84.93470814981649,85.39747497333074,84.45480472018416,84.66047668457031,432400
84.78046274621464,85.24322962542784,84.7204748102904,85.08897399902344,364900
85.20037324748594,86.07449059136302,85.08039738274897,85.5174560546875,311600
85.40604837222574,85.84310048862015,84.89185864297161,85.76597595214844,266400
85.95451131444909,86.3829983966982,85.33748886989933,85.76597595214844,280300
85.44032461220779,85.44032461220779,83.19505640612039,84.10344696044922,673500
83.7692302918399,84.42053253196451,83.44358244087482,84.01775360107422,420900
84.01776033800097,84.78903850812544,83.61498137481404,84.69477081298828,463900
84.70332986415048,84.8147406986387,84.13773027148189,84.51480102539062,493400
84.3005803475989,85.42321480281882,84.13775310727371,85.38036346435547,569400
86.09163721458616,86.6143920595559,85.64601345631763,85.8174057006836,1065300
85.89452679425756,86.09162719852789,85.03755259573963,85.5174560546875,328800
85.72314569418975,85.98024062199515,85.13183128315472,85.1746826171875,548300
85.19180395581826,85.85167117889688,84.5919181239165,85.80025482177734,250200
86.10877310163931,87.47993055554235,85.8345416108587,86.70008087158203,486200
86.3830012019673,87.35137968554834,85.61172312123303,86.94860076904297,782200
87.18855827796911,87.65132515709422,86.86291041704165,87.54849243164062,480100
87.58275786383587,88.19978031449645,87.1199975640345,88.06266784667969,423100
87.87412549734418,88.46543972192231,87.58275090182975,88.43115997314453,377100
88.60256482954833,89.11674805824333,88.208357469609,88.6282730102539,404700
88.47402111358359,88.55971723227579,87.53992230490755,87.8827133178711,386600
87.45420803405615,88.43115796839811,87.4284933194106,88.37117004394531,326300
88.15694591478574,88.15694591478574,86.60581803296729,86.69152069091797,463800
86.8457531439605,87.89126260396921,86.70006911446906,87.62560272216797,334900
87.23998414981017,87.36852506100456,85.7317075892455,85.75741577148438,679300
86.28016542979532,86.33158179118946,84.70332945236554,84.90043640136719,339300
84.6519087455999,86.16018513828466,84.0520294328132,84.5405044555664,532000
85.02898567305925,86.21160777793837,84.47195110592106,86.11734008789062,529300
87.5570512082664,87.86556243896484,86.8457610631453,87.86556243896484,441000
88.43974214651993,88.43974214651993,87.61704763099355,87.83129119873047,597800
87.83127554642637,88.31118549860537,87.52276434080903,88.12265014648438,265000
88.60255842442255,89.09103343709987,88.17407134178653,88.73967742919922,290400
88.79108165890185,89.0995928393157,88.63682606869492,88.8939208984375,173900
89.31576589191631,89.53098460490888,88.94558944285095,89.04889678955078,145000
88.80783967850665,89.09192334577621,88.4893136661706,88.91114044189453,211600
88.51513333506139,88.99722104867115,88.28270006398597,88.62704467773438,198600
88.6356763800696,88.84228451113155,87.22384210989706,87.2582778930664,213100
87.30994288305945,87.68872999330561,86.23384910891026,86.81924438476562,287600
86.47485991204752,86.99999399795092,85.11468289461257,85.54512023925781,381500
85.90669184867284,86.45765116168465,84.01276346323577,84.49485778808594,420200
85.0113918472163,85.42461466710755,84.31408531710083,85.32991790771484,516700
85.99278246812979,87.53374913433488,85.91530688944879,87.49931335449219,333900
87.86087997425679,88.2741027680999,87.24104906746888,87.93836212158203,455300
87.92113906089335,88.2396650944781,86.62982688877904,87.03443908691406,288800
87.80924243050458,88.71316372976509,87.48211232316827,88.5151596069336,604800
87.68873800960763,89.74622896843555,87.53378022924606,89.49657440185547,658900
89.90115119319337,91.23550969457015,89.75480406071941,90.62428283691406,757700
90.50377664532121,92.47518097130896,90.2713433102364,92.42353057861328,728100
93.37048251887528,93.37048251887528,91.28716702342489,92.6129150390625,507600
92.32021754301982,92.7850907525311,91.39047769195115,91.9672622680664,677800
92.58707509845011,95.53126494800611,92.38907103078814,95.50543975830078,784800
95.40214826707204,95.46240924237125,93.02613190050285,93.87840270996094,890600
93.63736688678613,93.73206365820425,92.62153416717274,93.29302215576172,470300
92.38905939655082,92.56123168487377,91.5109702173809,92.04470825195312,521300
92.56125685459328,92.8797828993529,90.54681294803956,90.61568450927734,710900
90.50377828402064,92.06196636074765,90.4004774967589,91.94144439697266,334800
91.17526264693963,92.44935380460993,91.01169431628371,91.3474349975586,410300
91.7090137304898,92.19110163416576,90.6931809563475,91.92423248291016,314300
92.61291383064236,93.09500162350984,91.88977557338755,92.97447967529297,476700
92.70760839211754,93.32743929282822,92.37186774889149,92.72482299804688,288500
93.28440012143797,93.66318716063469,92.87978788737854,93.52544403076172,278600
93.64596014267057,93.92143981727486,93.04335040695916,93.89561462402344,346200
93.67178610602988,93.73204708009645,92.20830155415408,92.44073486328125,361100
92.69038879861007,93.1983083495566,92.31160835012577,92.9228286743164,371100
93.0519443373261,93.31881996388078,91.86393960089059,92.11359405517578,1050900
94.11942083757538,100.27467549167667,94.11942083757538,98.80257415771484,1341700
99.29329249992561,102.08253147468375,98.8542510975636,100.68791198730469,761800
100.61904394817607,101.23887485313058,99.68930415869775,100.89452362060547,495500
100.71374743533534,101.90175893858326,100.56740028631184,101.81566619873047,332800
101.81565745008693,103.6665395426661,101.21304773062084,103.39105987548828,526700
103.31359261351808,104.63073008347682,102.71097627759416,104.51020812988281,418200
103.86456920661385,105.02674913343381,103.72682605513195,104.37248229980469,432600
104.15725741711204,105.75848533503058,103.81290612664323,105.569091796875,453000
105.85317591899839,105.95648327048904,104.53603838527489,104.91482543945312,472900
105.02671252485628,105.37106371557748,104.40688169514863,104.88896942138672,470800
104.98367578717608,105.46577012556176,104.26915471827185,104.96646118164062,371100
104.96645881475881,105.7498514240468,100.99782568106447,105.68959045410156,401400
105.29359535362708,105.57768561573654,103.9678473650698,104.75985717773438,280700
104.61350600468282,104.99229303000944,103.56324423365174,104.3552474975586,346300
104.38106417117464,104.63071863858379,103.50297480990208,104.06253814697266,358600
103.81287475995583,103.91618208626892,102.03086443075897,102.45269775390625,396100
102.91758246431472,104.47576371267598,102.81427512636381,103.89897918701172,468600
103.05531495103374,103.22749384083103,101.23886871337889,101.2388687133789,744100
101.23886989802402,102.0480942696578,100.46408130475267,100.87730407714844,760600
101.60906272026746,103.31359790082949,101.35940821277354,102.87454986572266,457700
102.81428366873993,103.01228777427545,100.74818271373199,101.61766815185547,465500
102.0050484599006,102.57322895404309,101.7553939913792,102.43548583984375,298800
101.87591941815309,102.24609584028843,100.49852106879605,101.49713897705078,461700
101.04948688842228,102.4096707191149,99.22443642147384,101.71236419677734,601400
101.64348482854066,103.37384497224643,100.80843524257436,102.00505065917969,510700
102.28914588383316,103.64932967619616,102.15140932792306,103.2361068725586,638300
103.0208952794295,103.83873035593315,102.74541558063821,103.03811645507812,490100
102.79709251982445,103.78709356955768,102.50439158849359,102.8831787109375,427500
103.22022058565227,104.54255844959982,101.18917846679688,101.18917846679688,482300
100.98173845512042,101.42251989937382,100.26439627762728,100.8607406616211,528500
101.17189663972663,101.80281946319047,100.73112171568302,101.2756118774414,354400
101.8460038377538,103.08191542206274,101.32744096608869,102.41642761230469,300800
102.23492410058029,102.41642076383236,101.12001037441676,101.4657211303711,473900
101.20646180301163,102.07938019714773,100.32490541837586,101.09410858154297,461900
101.08545431879033,102.68435939496544,100.89531304382844,101.45709228515625,333500
100.91262214190508,102.81402207929355,100.91262214190508,102.52017211914062,316700
102.31272895971523,103.32393430609298,102.12259426464298,102.14852142333984,519000
102.46829650398327,102.8140073322544,101.47438693929645,102.16580200195312,375600
102.10531491272276,102.41645403476967,101.41389317619931,102.20903015136719,297300
102.45102432933022,102.87451667515992,102.16581237251405,102.82266235351562,296300
102.96091166777605,104.07582540383886,102.6324900733397,102.64977264404297,297700
102.75351618953079,103.23750742931938,102.03616732063976,102.77080535888672,277200
103.479496760698,103.83384556174776,102.4337197430964,102.56336212158203,222900
102.27815171871181,103.1337874730267,101.99294639449222,102.55472564697266,255300
101.90652747979098,102.52016108987704,100.16069070167725,100.49775695800781,437600
101.19778592493383,101.8719248269374,101.19778592493383,101.69906616210938,204900
101.7682448460932,102.25223608733467,100.80890035442805,100.96446990966797,237500
101.12003447205069,101.34474750605438,99.52977384712807,100.24711608886719,474700
100.28168158415589,101.17188248654483,99.77176323963616,100.7483901977539,222200
100.79161606024145,101.29288986845708,99.4260618312967,100.1261215209961,378500
100.55826378199633,101.31018442513512,99.59891925567271,100.41133880615234,260900
100.22116844560522,101.1027312328822,99.94460115023848,101.07679748535156,345000
100.25577191207897,101.06819148416882,99.91006103498415,100.46319580078125,297100
99.96190733428483,100.78296477766402,98.62228035415504,99.1754150390625,438800
99.806330462111,101.5953767696308,99.806330462111,101.48301696777344,310100
101.56079687783097,102.50285197661101,101.32743930338584,102.18307495117188,345300
102.00158970799231,102.73622770397792,100.41997368498669,100.77432250976562,267400
101.43115620249804,102.08800602350448,100.08289141706584,102.07071685791016,410100
101.69043212521831,102.33863730726927,100.95579431045329,102.17442321777344,256100
103.31526973252797,104.24004224581083,102.85720576714736,103.22884368896484,298200
102.86585457162792,103.37577949187009,102.40779055808412,103.10785675048828,535900
99.97920193699369,101.39661056183506,97.95679764445065,98.87293243408203,1012800
98.553127852428,98.553127852428,95.56274167517911,97.39500427246094,971100
97.93086641675855,99.52977829123715,97.33452195272805,99.43470764160156,467500
99.38282478522326,99.77175188255917,99.12354664755063,99.76310729980469,295400
99.40875562517448,99.8149653091949,99.23590352698423,99.63346862792969,222500
99.70260346442936,100.52366075050665,99.41739159263584,100.1606674194336,266700
100.29895793694833,101.86329110559467,99.90138626239782,101.57807922363281,419100
101.37068343884556,102.38188228855486,101.37068343884556,102.20903015136719,491500
101.9756498874156,102.60657257655107,101.79415320547153,102.28678894042969,364700
101.52624272010354,101.95837961320426,100.66196893390212,101.20645904541016,419500
101.05088695170487,102.90043228002081,100.99038805195194,102.69300842285156,382200
102.73621261924343,103.51405364026502,102.62385282304962,103.08191680908203,337200
103.23751231407819,103.88571772398797,102.416454765747,102.88316345214844,555700
103.09922017975776,103.09922017975776,100.8953193995205,101.5608139038086,432200
101.27560047641397,102.01887644498035,100.60146799187368,100.63603973388672,382000
100.8175275581087,101.16323835391727,98.50127379824178,98.93341064453125,952100
98.24198211424975,98.83833303005315,97.09249660177359,97.2135009765625,856500
96.92829440108181,97.17893455921264,95.94302293471095,96.03809356689453,627600
96.10724389077374,97.02337860231418,95.33804073653809,95.36396789550781,562400
95.36395990772094,95.45039255556141,94.56019167144068,94.86268615722656,607400
95.3034549573524,95.96894937769765,94.96638875261618,95.7874526977539,1131100
95.8479566341411,96.85915530155434,95.66645994464784,96.32330322265625,754300
96.21095295207616,96.44430396172845,95.1392553554281,95.3553237915039,362700
94.54290207999532,95.00096609839883,94.05026632138781,94.52561950683594,420500
94.57748172540315,96.7295216303671,94.53426539806466,96.14181518554688,634500
96.45297441170733,97.2913212235265,96.23690591768742,96.4356918334961,625500
96.98880469537525,98.23336104924425,96.33195477595709,97.956787109375,552700
98.0777785209643,99.04576080681753,97.49007216431707,97.50735473632812,536400
98.17284888112893,98.6049857419714,97.66293055039971,98.1209945678711,355600
98.50992348646206,98.5617778006608,97.6888594796317,97.84442901611328,376300
97.75764628195152,98.85117294934815,97.4191748456055,97.76632690429688,421600
97.83576239549501,98.53005991815186,97.63614780213895,97.74029541015625,339300
98.07008623681513,98.41723830883107,97.59275131012132,97.74029541015625,401000
96.85505119666088,97.5146394298206,94.7981873834928,94.85025787353516,325600
95.6573835760646,95.95245851480405,94.48575120048949,94.85025787353516,441300
95.70945727157142,96.15207631587924,95.17137786611372,95.65738677978516,361700
96.1346993811672,96.22149234847888,95.32757378333444,95.75283813476562,374500
94.74609636144937,96.02187615117374,94.52045319014508,95.20606994628906,278600
95.13665559398193,95.57059398665794,93.90426552653754,95.17137145996094,410400
94.31218031365013,94.80686987749289,93.94767360795026,94.12124633789062,515200
95.23211303461451,95.73547648747302,94.43366143979404,94.52045440673828,333800
95.81360803177226,96.63808841195522,95.10194926129984,96.46451568603516,278000
97.33238848627636,98.00065073662304,96.48186627355125,97.76632690429688,331200
97.64481737312745,98.35647606059403,97.54935039859389,98.20893859863281,270600
98.00932923155781,98.73834257974828,97.69689304765487,97.80104064941406,315000
98.05271492391593,98.54740439039388,97.35841089805703,98.37382507324219,374100
98.13083195145569,98.45194875913603,97.55803669232621,97.75764465332031,220300
97.3584362383011,97.54068960271644,96.6988479041963,96.8637466430664,403500
97.14143476127215,99.20697882715757,96.7856021526231,96.85503387451172,493600
97.54935929511012,98.92928030878636,96.76826880558824,97.43653106689453,339300
97.71425503382962,98.07008773395626,97.07202799468963,97.35842895507812,380000
97.2369183790423,97.2629536238667,95.46644889586317,96.42111206054688,381400
95.90907713031113,96.69884165843354,95.56192504944818,96.42980194091797,365500
96.82031862440444,98.79907636109975,96.3082745703357,98.67757415771484,439900
98.63421018229711,99.64962455765352,97.85311965457095,99.43265533447266,350200
99.18964047526248,100.72577950108976,98.99002589743769,100.24845123291016,468100
101.00350988894448,101.42877433165334,100.126958999045,100.31788635253906,474600
100.1963764825885,100.45674217781955,99.52811424284502,100.06620025634766,258400
100.24843309393476,101.36799476028155,100.24843309393476,100.67369079589844,258400
101.70648043477128,102.47889022762452,101.203110320825,101.74987030029297,384500
101.74120803140373,102.4875760453557,100.43071210825401,101.03822326660156,458900
101.13368673850893,101.4808387975232,100.54353022459712,100.91671752929688,283000
101.31595227178292,103.1645343944032,100.96012616897082,103.11245727539062,390900
100.27448063577182,101.63704687040357,97.8791389482945,98.9813461303711,887800
98.06139557623597,99.31114025901522,97.56670607619824,98.7123031616211,549900
98.38250379588857,99.01605008248796,97.57537819548716,98.26100158691406,501800
98.26969072133078,99.53679002567578,98.11347263606224,99.2503890991211,350100
98.89455700719263,99.9794029884974,98.79041603066699,99.79714965820312,368200
99.57151819781711,100.54353607395677,99.57151819781711,100.26581573486328,324600
99.1202107350942,99.94469768623243,98.65155645811952,99.0334243774414,403300
98.59948402446857,98.8338078476502,96.87241104213119,97.20220184326172,704800
98.17423445223214,99.042111326954,97.13277822974085,97.1588134765625,1065200
92.74999919771628,94.71139606595563,92.16851668942212,93.73069763183594,1178300
95.97850558766798,96.02190208230095,92.86283061718343,92.9062271118164,813200
94.76345882288524,95.15400068863943,93.00167018444614,94.52045440673828,553000
95.60530411205058,97.41916330626404,94.54649343807714,96.0739517211914,495400
95.8483209065198,96.34301044344838,95.10194628990828,96.29961395263672,350200
95.99585212333061,95.99585212333061,95.02382773633724,95.0759048461914,297700
92.92357053801398,93.69598037548951,91.84740513884152,92.1945571899414,546300
93.669952772753,94.19935820406423,92.43756918110648,94.16464233398438,549800
94.94570936464316,95.83962127854679,94.50309040736252,94.9977798461914,316400
93.5397668728678,93.82616782567987,92.55906840516656,92.81942749023438,493700
94.58989429755991,94.8849758642781,94.06916952135842,94.81554412841797,545100
95.77887153793438,96.16941339784543,94.26876795920506,94.3642349243164,283500
94.00841600412562,94.75479059210113,92.73263603115878,93.02771759033203,591500
92.45491458673597,93.0884675651149,91.96890569682854,92.97563934326172,435900
92.94960615230144,93.17525597961884,91.92551123924515,92.09909057617188,240300
92.13379646895585,92.48094186247725,91.31799022715788,92.28133392333984,356900
92.17720913542219,93.60920741275709,92.14249326320719,93.461669921875,338400
93.21864296460811,94.74610124557535,93.1231759943759,93.36618041992188,267600
92.08174590938917,92.41154339823647,90.98821906469311,91.27462005615234,489900
91.89080947137415,92.62851017909814,91.04897438826535,92.04702758789062,283500
91.36137786831983,91.53495718223222,90.71047033923945,91.18780517578125,357200
91.344887587632,92.22613539104752,90.94352581781939,91.36233520507812,562700
90.87370531713236,91.6851558446332,90.21058280963017,91.44084930419922,437400
91.76369359593014,92.95033124422696,91.67644219820198,92.27848815917969,444300
90.96096226623743,91.04821365646487,87.68898520630083,87.76750946044922,794000
87.76753266339296,88.41320776685156,87.2701922850758,88.20379638671875,335800
88.95414518318827,90.15823697694805,88.51788158414007,90.09716033935547,486900
90.80391249907366,91.07439382191423,89.39914306528371,90.63813018798828,657300
89.4078757318778,93.26444489667202,89.38170097732005,93.19464111328125,389000
93.51747381210109,94.47725248539899,93.28189437633485,94.41617584228516,382900
94.38998738646043,94.95713136553061,93.47383121589678,94.21548461914062,338500
94.64304608332125,95.75988006591798,94.64304608332125,95.75988006591797,478000
95.28870758671853,95.89948070334677,94.8873458193169,95.55046844482422,536600
95.60279586540754,96.16993982236549,95.14035755887146,95.5678939819336,341400
95.37594927229512,96.53641208451626,94.95713993021144,96.06524658203125,337500
95.37594265552309,96.97266897147252,95.26251652008912,96.18739318847656,387800
96.03035315553443,96.97268424353568,95.8558503570994,95.96055603027344,208000
96.58874552925288,97.02500907122213,96.10885962719871,96.91158294677734,413500
97.7230398903504,98.21165295960894,97.26060157025161,98.18547821044922,317500
97.6183455545813,98.74390649692238,97.6183455545813,98.56067657470703,389100
98.508323520746,98.95331426258002,98.11568228141445,98.40361785888672,304800
98.96202529952015,99.28486273347603,97.35657857865067,97.51363372802734,269700
98.35997873538966,99.25868054513184,98.15056744734731,99.23250579833984,485800
100.1748467876954,100.26210483412467,99.01439065832535,99.04928588867188,360200
99.0841980222213,100.27083568234355,99.0056737605399,100.05270385742188,271300
99.46809103502859,99.90435459219977,98.51703967568515,99.21505737304688,340300
99.16271507543458,100.7943366373216,98.97948516694291,100.3842544555664,397100
100.37552518378965,101.05609530280528,99.64259890856624,100.78561401367188,288500
100.92521786019074,102.12930963550617,100.40170288072297,101.2655029296875,417200
101.38765628406928,102.05950594468767,100.54131050596095,101.25678253173828,320700
101.13462171735559,101.70175902011306,100.94266468577764,101.37020111083984,414600
101.4661796266288,101.91989080020551,100.96011229916944,101.37020111083984,285500
101.39639351199253,101.5272739342044,100.6111176355761,101.1869888305664,291900
100.56749120130094,100.84669965086887,97.705602929016,98.77008056640625,881200
98.94458577173862,99.69495969598638,98.01970241344819,99.56407928466797,602600
98.42105519818361,101.96351293761732,97.72303088625479,99.12779998779297,750700
99.85201140000625,101.59706573887051,99.6513272220211,101.12590026855469,390700
99.86944885970023,100.93393296326782,98.77006287408167,98.8398666381836,388900
98.89221288882597,99.34593068375159,97.13843830705515,97.50489807128906,415600
97.53108301522884,99.94798693006378,97.53108301522884,99.90435791015625,360600
99.51175098232594,101.64071327635487,99.46812195030722,100.73328399658203,437200
100.92520495664422,102.5393787106495,100.44531906050929,102.4695816040039,463200
102.50450744954907,104.17975822404745,101.50982022928238,102.81861114501953,505100
103.04546786432208,103.21125017357723,101.78030600264604,102.12931823730469,280600
102.2863745424426,103.91799627298883,101.50109866998076,103.44683074951172,334800
103.15016251932828,105.12207577629903,102.60046614494946,104.78178405761719,573400
105.17442803146567,105.36638507790613,104.37170461621842,104.92139434814453,328800
104.90392934396567,105.46234611912406,103.961598539566,104.5723648071289,170600
104.99991927109275,105.6019651648045,104.23209773727592,104.71199035644531,428100
102.86223852652465,106.62282890073867,102.86223852652465,106.44832611083984,673800
106.0643979032618,106.63154188041857,104.79050906693418,105.06099700927734,396900
105.06972222262608,105.40128681395198,103.18506696095669,103.95288848876953,355900
104.24955221773605,106.03822897389031,104.24955221773605,105.7939224243164,321100
105.41001002349263,106.17783822804994,104.7730688885532,105.82009887695312,434600
105.2006051412854,106.13420898702988,104.45023121029216,105.60196685791016,398300
105.73285129488997,107.00674026749654,104.45896232228341,105.33148956298828,559500
105.2005966656658,105.5583359872067,102.99310407365193,103.22868347167969,503200
101.81518838117296,102.78369398475206,100.89903227286189,101.3178482055664,1034200
101.41385397085958,102.4172550696903,100.51514523384526,101.49237823486328,1146200
102.64408421609328,103.83072156654491,102.53937857098757,103.11524963378906,534300
103.99654495465828,105.71542503111687,103.69988217133535,105.53218841552734,344300
105.41001842763028,105.6543250006114,103.0280226842095,103.0367431640625,356500
102.74008789341863,103.31595909728357,101.07355758240489,101.10845947265625,609500
101.73666532423218,102.44341684910073,101.32657649474332,102.28636169433594,337600
102.8796841460309,104.52876000222737,102.15548498084188,104.27572631835938,292700
105.09098637858376,105.24001939032003,104.01272922801614,104.89813232421875,292400
104.71404505457528,105.46795166788675,104.52995251246816,105.1698989868164,82700
104.38968263180969,105.54684040051953,104.2143516437062,105.50300598144531,189900
106.37087835698854,107.01959301557204,105.6082102543472,106.17802429199219,156200
106.09914775715876,107.02837884635798,105.51180383052134,105.73973083496094,195800
105.42410068904093,106.12540450127985,104.84551852295603,104.88058471679688,232500
103.71467974058952,103.75851416376703,102.5136941285756,103.46922302246094,505500
103.79357092495918,104.42474910742544,103.20622716168383,104.25818634033203,268100
102.69779464413922,103.4517013016326,102.01402039389976,102.71532440185547,450200
101.34775735099277,102.557511057818,100.26949352345801,102.20685577392578,667600
102.55753845672946,102.87312762772483,101.84746616608741,101.98772430419922,689500
102.81172767916861,103.56563413786301,102.21561575108915,103.10978698730469,457400
104.0302609045452,104.81923364404402,102.87310311601144,103.73220825195312,630500
104.18807168378402,104.24943586818303,101.53186862049242,101.7334976196289,675100
101.76853483424306,103.26758628843095,101.38282005462698,102.7416000366211,389000
100.75165134171688,101.4529619510355,98.64772620195465,101.08477020263672,625600
101.75978695483356,102.82928266766163,98.39350525727319,99.48053741455078,692500
97.68343635698047,98.76170032814474,96.19315956216866,97.9902572631836,695700
98.27075668486611,99.84870195104865,97.39412191214083,97.96393585205078,591900
99.46300146951424,100.77795390568686,98.94579005495277,99.99774932861328,411400
96.55257535374992,97.5782366665959,94.7467094502918,96.78050231933594,1261400
96.85939987353463,98.60390834977302,96.85939987353463,98.06916046142578,615400
97.91136212977958,98.56007013614578,96.99966095662471,97.7623291015625,606000
98.5600991395553,99.09484716471093,97.03475571262085,98.3497085571289,638600
99.19125733781271,102.56630094582707,98.8581317380569,102.53123474121094,681600
102.03153455890374,104.35461836066298,101.1286016901301,103.8461685180664,836900
102.67147786572802,103.22375542330057,101.89127337040779,102.75914001464844,445500
103.23253550418559,105.72217559814453,102.46986067575472,105.72217559814453,603800
105.18743076870922,107.28258786356413,105.09976860718864,106.31829071044922,551400
106.31830271183307,106.6777263092923,103.22378191230159,104.65269470214844,694200
103.40786695928952,103.79358851130579,101.33900776097506,102.22441101074219,591900
100.9971157630438,102.82051813599534,100.9708177836195,102.41726684570312,746300
102.39974161320683,104.97705089010483,100.21692213545163,101.10232543945312,1069900
88.101808688126,92.30965894253781,85.24397700126968,88.0930404663086,4519000
88.54012911436988,94.51001092730486,88.54012911436988,93.58078002929688,1957000
92.64277619269924,94.71163508490275,91.59081699146068,93.39668273925781,1101800
94.2382664977383,95.41295423723719,92.82688355280963,92.99344635009766,1026400
93.18631384454082,93.80872396321966,91.47687138590355,92.3885726928711,721100
92.3447133392063,92.52881254620806,91.20509202922115,92.3973159790039,768400
93.16000397423194,94.27333423495583,92.2220047367138,92.2921371459961,1020800
91.48561422329016,92.1693883417268,90.09176132262121,90.66157531738281,566100
89.97781979697574,93.64215452463496,89.6885286291671,93.10740661621094,1027800
93.14247302668959,93.56326078881578,91.3453685188968,92.064208984375,550800
92.48499192179622,92.70415067042606,91.03854284320036,91.27523803710938,691700
91.30152925517304,92.38855469517915,90.52132470288716,90.54762268066406,598800
91.45053433033017,94.05414053613531,91.22260742892237,93.466796875,664800
92.75674996552166,93.34410051599912,91.68725416363654,92.76551818847656,592300
92.8707193722272,93.00220927922103,91.69602492692322,92.17817687988281,764300
92.52006284007687,93.66845260121065,91.98531493110742,93.2827377319336,549100
92.86192217458529,94.15057636660089,92.66029323311518,93.30023956298828,695700
92.28336671385955,95.71101289329675,91.98531401383606,93.948974609375,1129500
94.02786784374946,94.65904608614429,93.0197363003796,94.2382583618164,563500
94.67659536569549,95.544462283853,93.44053660475402,94.39607238769531,480200
95.61458948118292,96.97337655281649,94.91327873036657,96.4123306274414,435900
95.86880209708639,97.59577408048567,95.71100753291299,96.7191390991211,412700
96.47367421996071,97.09608420153673,96.01782032279371,96.69283294677734,513700
96.16684715619132,98.14804392969792,96.16684715619132,97.70095825195312,345000
97.80618466405264,99.08607119677534,97.22760893554303,98.95457458496094,403300
99.20002886088405,100.9182328150617,98.91949921462331,99.65587615966797,962400
99.65586210116436,100.05034515622754,98.89318728142243,99.8837890625,490300
99.8136483450773,101.10230269360676,98.03408060213411,100.72534942626953,596300
100.34657255656131,100.85750599847319,99.37754579218233,100.09990692138672,405200
99.1837275802793,100.23203455076796,98.43493976748044,99.75633239746094,671800
99.89727768242363,100.53154717897078,99.81799063488023,100.28488159179688,239400
99.86205240812059,101.21868306537998,99.46563728297149,101.12178039550781,361600
101.67675181930053,102.34625926873346,100.61082928797781,100.93677520751953,456600
101.01606541687464,101.40367609198073,99.88847805760328,100.22322845458984,384000
99.71228120784502,102.63696303521436,99.50085356662565,102.5224380493164,480300
102.57533152421644,102.57533152421644,100.9984684746707,102.05558013916016,454400
101.34201819999963,102.4343676878127,101.09535928865002,101.60629272460938,558700
101.83532100144522,104.07287992870246,101.66794917683266,104.01121520996094,499800
103.2888622613018,104.01122333194579,102.51364763359508,102.75149536132812,611100
103.72931369348656,104.77762058555147,103.21837363508938,103.68526458740234,265300
104.12572016734703,104.36357456704356,103.22717627758641,103.41217041015625,294700
103.6236211045594,104.73359294001217,103.40338897091131,104.41645812988281,553400
105.14761621332796,105.75545897073619,104.63667611930221,105.69379425048828,757500
105.82594543954609,105.98451284910367,104.9097789310969,105.10358428955078,487900
105.10357456724954,105.95807626632488,104.91858039336996,105.70260620117188,723000
105.03311048505365,107.02400410284126,104.8040671877949,106.80377197265625,373700
107.38518976178595,108.73300934499748,106.88306076566887,107.71994018554688,559500
107.25304299990336,107.82564785908276,105.11238651349024,105.71141815185547,787000
106.09902168557335,106.35449173540452,105.05071470884383,105.84355163574219,407600
105.97568181784342,106.55709102640292,105.19165613419587,106.43376159667969,388600
105.90521412481169,106.00211678722106,105.11237721462167,105.80831146240234,403000
105.86116380373925,106.80375691923959,105.394272828905,106.037353515625,374500
106.16951193519861,106.51308027254038,105.51762665293977,105.94927978515625,225500
105.05073277433398,106.1871314448221,104.76002473098666,105.25334930419922,289800
105.07715115721797,105.42952390393191,104.2138449847675,105.2445297241211,318200
105.49999447471164,106.01973904115508,105.12999941280611,105.54403686523438,436500
104.63668862906886,105.36786091438769,104.18741320157821,105.14762878417969,338600
104.76000268525864,106.0902064380498,104.37239876331472,104.51334381103516,407800
105.07712143508549,105.57925027281148,104.26666905155392,104.49571228027344,308600
104.12573776628771,104.55739753619095,103.13029105965585,104.46929931640625,614600
104.54859453459297,105.69380427172197,104.31955124297696,105.61451721191406,763800
107.47327720514677,112.34481074409345,106.60996431628038,111.20841217041016,1845500
111.01460600731374,111.56078409387732,108.85633388246528,108.90038299560547,807000
109.44654416264127,111.28768804093069,109.03250673312856,111.13793182373047,789400
110.90008932057731,111.6929263218684,110.56533890712157,111.21722412109375,740200
111.14673167552391,112.8733572082969,111.13792723084099,112.58264923095703,747200
111.95719835690825,112.48576082667226,111.3317399367019,112.3183822631836,1130700
111.87790974226648,112.59145961432797,111.18197548145014,111.55196380615234,1042100
111.43744978308678,112.87336746905203,110.78556460693335,112.75884246826172,442300
113.32264525985812,113.79834075035467,112.28314932838721,112.7852783203125,584200
112.57384384627197,112.83811834028378,111.70172659041715,112.68836212158203,329200
112.8909743499305,113.17287790319442,111.47268574303752,112.97907257080078,404800
113.03193531274552,113.9392906054656,113.03193531274552,113.63977813720703,275100
113.68381503307616,113.90404713757964,113.32263115563423,113.57809448242188,450900
113.56928932869664,113.96570442594924,112.89978857426782,113.93927764892578,254500
113.82477903930929,114.03619327953776,112.78527640454408,113.63977813720703,513900
113.63977368180785,114.00976202960412,112.94384609850334,113.56929779052734,616400
113.48119525765497,113.48119525765497,112.47693076636745,113.38429260253906,446800
113.1905046996712,113.38431003970797,112.1245753294689,113.04955291748047,580800
113.53404684552793,114.20354753355096,113.00548447368378,113.4988021850586,495100
113.72787376525693,114.67046026249878,113.2609827395564,114.1066665649414,314800
114.30927790695226,115.66591533137263,113.49882529582553,115.41043853759766,380700
114.66164771203198,115.04925837206183,114.08023172198722,114.34451293945312,482300
113.657394731112,113.84238218196941,112.318379695713,113.4283447265625,726100
113.19051271268748,113.26979305506902,112.133394434274,112.17743682861328,403000
111.4815115330452,112.494573996437,109.65798968960782,112.20387268066406,785500
112.83811160379805,112.83811160379805,111.08506603066049,111.18196868896484,511300
110.8384153277212,111.15555010172501,109.6051141755897,110.93531799316406,767700
110.95294131867242,110.99699043182737,109.46417673153985,110.55652618408203,568900
111.18198013874266,112.34480543719516,111.1379377483097,111.87791442871094,692600
112.39763548051016,112.69715458916849,111.92194012602526,112.12454986572266,431900
112.35360921903106,112.53860337697232,111.36696698906069,111.75457763671875,723800
112.80752092526501,113.67466149351765,112.17043916095693,112.57746887207031,569200
109.48940307572992,111.66609481628002,107.67549666731344,108.07366943359375,1237200
107.16230579331568,107.55163512977141,104.2511995065249,105.79080963134766,1452900
106.18013948031827,107.26848888032218,105.3926373192327,107.19770050048828,613000
108.31257551225228,109.84333515010164,108.06481622479227,109.55133819580078,845600
110.16185130856492,111.57758459370595,109.51591941088402,111.55104064941406,676500
111.90500770219006,113.34729209536741,111.19713748154774,111.51567840576172,374700
111.19713565246767,111.64840307947301,110.40078335503192,111.21483612060547,389500
111.00246659452546,112.44475090664032,110.72817010604977,112.3651123046875,604300
112.33857802784217,113.67467990265608,112.15276360828543,112.86063385009766,445800
113.72776023651093,114.80725924556815,113.63042791597296,114.61259460449219,462900
115.02845897322436,115.32929939479435,114.31174535063118,114.47986602783203,218000
115.31162590232188,116.33802354886227,114.30290172126237,116.09027099609375,416700
116.32031317262594,117.11665857461863,116.14333552640642,117.01048278808594,384400
117.74490731770078,117.98380285870829,116.35571097965712,116.57691955566406,335900
116.93972273277535,117.42638437466798,116.63002527843402,116.88663482666016,353800
116.68308521267436,117.4529001713067,116.16103625902058,116.99278259277344,262500
116.49730374616554,117.80685491598496,116.46190280829099,117.24940490722656,325200
117.66528559251388,119.01908126935403,116.70966273212623,118.49703216552734,317700
118.15191068762589,118.34657529346211,117.11665628467784,117.56791687011719,216800
117.73605470587353,118.94827342692784,117.37326938738995,118.59434509277344,252500
118.68284838502046,119.68270212648413,118.43509582063105,119.67385864257812,336300
119.9392829954264,119.9392829954264,118.49699887501272,118.93057250976562,296600
118.89519420473233,118.89519420473233,117.10783843484869,117.85993957519531,335900
117.62105837806524,118.22275293442262,117.47063811435207,117.91305541992188,243700
117.86879499915263,118.16963545130704,117.16976827041002,117.90418243408203,354700
117.99268873170973,118.205040375708,117.24941747320591,118.028076171875,316300
117.85991377887153,117.89531470802278,117.03702444633535,117.56791687011719,288700
117.83337843513374,118.60317993164062,117.02817600689117,118.60317993164062,273600
118.80672735883614,121.00111305092958,118.64745013440465,120.1251220703125,484700
120.37286527030385,120.47905457882639,117.36443372502615,118.57665252685547,636700
118.26696630227283,118.51471884819894,116.93085774942007,117.42637634277344,769500
120.66484144190031,123.70867339918193,119.5941995683152,120.67369842529297,1327100
120.77103856756018,121.02763457411272,118.97482601719258,119.93043518066406,420600
120.13395297820614,120.85951006099997,119.90388742635727,120.37284851074219,214200
119.85965876296764,120.73563606836896,119.60304925824418,119.97467803955078,330800
120.33749041483267,120.35519088502035,119.70925198744695,120.24015808105469,292600
120.1958843222579,120.1958843222579,118.38197136354098,118.60317993164062,394600
118.76245880126953,119.0190548032347,117.9749568277561,118.76245880126953,236300
118.9040433309981,120.66485503258075,118.9040433309981,120.51443481445312,322400
120.14281631722947,121.87709771892136,119.65615468653773,121.69127655029297,328200
121.58510578554748,121.7532264923535,120.86839203674484,121.74436950683594,156000
122.58494797467928,123.05392261329087,121.56739384732647,122.18677520751953,205000
122.16024819524637,122.6822973068322,121.76207537287587,121.98328399658203,279800
121.77974151772837,122.75305108679166,121.37271182417524,122.58493041992188,171500
122.78846491161296,123.13354976350485,120.08087399653813,120.70909881591797,310800
120.78872933989653,121.8770852851841,120.78872933989653,121.62047576904297,259700
121.97440236982587,123.17777744654268,121.63816104645687,122.50529479980469,417400
122.29297689776193,122.94774575848807,122.23987548879549,122.620361328125,358500
122.31949762956971,122.82384615623154,121.68241585794435,122.43451690673828,334300
123.02740048576997,123.23092217087883,122.31068659879118,122.98316955566406,280500
123.34592686278053,123.47866014187123,122.23104022653649,122.78849029541016,245200
123.08927858403935,123.29278665718998,122.12481260530642,123.28394317626953,330800
123.2220253816456,123.23088236600982,122.56725661072015,122.66458892822266,331200
121.75323675351187,121.94790143027197,119.22260945713397,119.23145294189453,517400
118.53243008074351,119.65616012270976,118.19618866580745,119.45265197753906,662900
119.7711467562544,122.05402040094485,119.11636464837511,119.47030639648438,602500
119.63843587897436,119.63843587897436,118.54123663101167,119.08098602294922,306000
118.9571284569495,119.98353951123536,118.53241176264167,119.70038604736328,269700
119.62077134301401,120.48790532277623,118.7536373632518,120.20476531982422,453700
120.70912954018631,122.0275379004268,120.70912954018631,121.92134857177734,305500
122.88578189118647,122.93001280138239,122.14251087861163,122.31948852539062,381800
122.82391006117247,124.92982109649483,122.82391006117247,124.85018920898438,480300
125.79230925130973,126.29895577477423,125.27676538828177,126.12118530273438,341900
125.95232177828413,126.13898962422813,125.24122619628906,125.24122619628906,575800
124.52127640204309,125.23237215287843,124.5123926217536,124.61016845703125,308100
124.52125268078358,125.59678666394885,123.99682492011738,125.57012176513672,215300
125.9078779502552,126.32564610332696,124.97457939337013,126.21898651123047,357600
126.13009910362575,126.87675696475783,125.49901174320586,126.20121002197266,476400
126.31675143331941,127.4900475342744,125.97009422587598,127.0811767578125,369000
127.04564418904053,127.67674518228283,126.08568059273476,126.18345642089844,432900
126.13008550596197,126.90340818272719,124.63679707072598,124.81456756591797,269400
125.05458550438046,125.2323560284444,123.11685017192504,123.15241241455078,643600
122.51242020577278,123.37462143607212,121.78354346963489,122.85907745361328,710100
123.0723972165133,123.0723972165133,121.1168810884196,122.15685272216797,367000
122.95687118663247,123.27686358226741,122.05022380516299,122.39688110351562,269500
122.24576233141345,122.24576233141345,120.0324807025106,120.423583984375,227800
120.09468716232332,120.09468716232332,116.71699361147478,116.75255584716797,836400
115.55258235157837,116.2458967606463,114.10372640192708,115.73925018310547,851000
116.44144039856228,116.44144039856228,114.91258986706642,114.93925476074219,451800
115.2770446168175,115.61481806894136,114.3348487377563,114.75261688232422,442800
115.65924136859293,115.6770224865132,114.23706388440914,115.55258178710938,357100
115.66814605463047,116.09479797067847,114.42372541854567,115.04592895507812,426000
114.94816338065428,115.73925361770867,114.69926841022574,114.85038757324219,269800
114.30817752694334,115.45480874437222,113.90817696077531,115.33036804199219,259100
115.76591961561326,116.35256090264873,115.42814617533556,116.01480102539062,367700
115.6414759199713,116.0059006843507,114.53039338255043,115.99701690673828,358200
115.86369833993486,117.89919568463205,115.68591427445986,117.38365173339844,743800
117.59696137110221,118.82358709117356,117.33029888829807,118.55693817138672,720900
118.75252801936624,119.96138657631865,118.75252801936624,119.58805084228516,812900
119.89912735023793,119.89912735023793,116.14811195941073,116.24588775634766,726400
116.35255960534971,119.09916598615834,116.35255960534971,118.96582794189453,785000
118.93028450209974,119.08139010850007,115.99702371845436,116.1303482055664,493900
116.13924932526956,116.42367942803575,114.8592799552704,114.92149353027344,380200
115.17039028847117,115.90813723651934,113.69486926633341,114.36151885986328,715400
115.57922753438267,117.3036294854519,115.01923769832992,116.54808807373047,715500
110.56604849561626,113.37486849614264,106.40615506977365,112.05045318603516,2196700
109.96160351755967,111.15268739156369,108.4416435892294,110.24604034423828,1540100
110.58382924864614,110.74381862842833,104.89508513566435,105.30396270751953,2154400
105.25064318475934,106.34394474234908,104.89509537147005,105.24175262451172,680700
105.31285874643032,105.8195121532984,103.75734306796569,104.45954132080078,837700
104.49509636969482,105.81951173914862,104.31732586259868,104.93952941894531,596000
104.93953974801815,107.59725452681913,104.72621376220333,107.40170288085938,644000
107.7216729244957,108.0149935511324,106.00616126982072,106.17504119873047,693600
105.89950242070091,106.85947939827402,104.27287589450923,106.46837615966797,608900
106.27281716979928,107.52612148940386,106.27281716979928,106.70836639404297,413900
106.61949112327088,107.4194720081456,106.37060968831217,106.96614837646484,747200
106.65504212949739,107.74835042342801,106.56615687522495,106.95726013183594,623900
106.94837918332088,108.35278938417336,106.90393316143523,107.001708984375,365100
107.20613606618032,107.66834343363264,106.45948504920673,106.97502899169922,452900
107.02836492429151,108.35277344725316,106.66392658666237,107.77500915527344,345200
107.68613715221025,108.07723365304219,107.11726334962684,107.59725189208984,564200
107.61502615350852,107.94390907537738,104.9573182232239,105.33953094482422,772100
105.76617351371064,106.81503576485834,105.20619032172459,106.72615051269531,607300
107.22391781777198,107.7750172545617,105.89061863524132,107.56169128417969,631100
107.58834013221227,108.54831702798258,106.96612987094959,108.25498962402344,535100
108.02387556773901,111.17046177895975,108.02387556773901,110.8060302734375,547600
110.80606202803394,112.15713564720801,110.23718142986972,111.7838134765625,657900
111.78379363596332,112.2282266501854,110.32605389183563,111.37491607666016,485500
111.8015769462649,112.06823948880529,109.25053558004048,109.50830078125,446500
109.51716476369427,109.97937882106055,107.76609788701565,108.21942138671875,738000
108.63719722618994,109.05496530670135,105.16172811513458,105.26839447021484,800400
105.20618755811265,106.8505884152176,104.88619523352348,106.81503295898438,636500
106.03283569528703,106.66392979948613,103.67733922257972,104.89508819580078,1460400
105.19730471406662,105.46396726461846,104.27288312873334,104.7706527709961,620400
104.7617519066499,105.2061849261821,103.99732657053374,104.69953155517578,373900
104.9928734817967,106.01506414274229,104.20178314025048,105.09953308105469,535000
104.79731326519574,106.08616638183594,104.66398199552363,106.08616638183594,466600
106.07722728501899,106.47043908100046,105.43379909805533,105.66614532470703,606000
106.02360205577925,106.72065431981846,105.79124902840933,106.36318969726562,561300
106.3810791598465,106.84577845103817,105.98786734709643,106.1666030883789,407900
106.18447951518894,106.53300570865319,106.03255923969361,106.25597381591797,416300
106.2202181712828,106.61342997577607,105.0316510844799,105.29975128173828,504500
105.85379640787718,106.9440603518273,104.3167102438582,104.70991516113281,531300
104.5580137499381,105.61253074253212,103.2264648856014,104.90653991699219,705900
104.50439963210621,104.95122876435491,102.87794186344385,103.75372314453125,1010200
103.36944906170775,104.13799570899768,101.12637174324368,103.6822280883789,1013900
102.99410918762396,103.84308176389438,101.43020731275766,103.2711410522461,712000
103.6911692184234,104.18268400003558,103.11922846422281,103.19966125488281,491500
103.02093686409225,104.13800983810101,102.56516918163642,103.9324722290039,608100
103.73584356608794,104.31672274891591,102.72600545527398,103.00304412841797,548900
103.28902074579204,104.71887256244365,103.28902074579204,104.2541732788086,427700
104.30777289746605,105.25504828692222,104.01286409272475,104.38819885253906,464500
104.74568072250422,105.38017725007305,104.30779009718204,105.29975128173828,501000
105.15676809521734,105.47848562123042,104.23630115837445,105.01378631591797,465800
105.18356727794162,106.73853745295948,105.08526433062195,105.56784057617188,456200
105.2818768710282,105.37124815101186,104.40609559898814,104.888671875,315600
105.11207410571406,106.93513755071866,104.37033620453693,106.82789611816406,373700
107.29263163714126,107.49817608119089,106.87261107352849,107.07815551757812,416600
107.27474887286421,107.56071927139676,106.77430237995027,106.97090148925781,261500
106.72065378881832,107.16748286026848,105.91636009659393,107.10492706298828,284800
106.72065644830802,106.96194797102362,105.88955408197675,106.34532165527344,415900
106.04148258110624,106.23808165291425,103.63753990261296,104.74567413330078,798400
104.91548884454008,105.1210264414165,103.46775990179654,104.14694213867188,929800
104.17373908275654,105.56784373287346,102.60089869668157,104.41502380371094,1771100
104.70995468056245,105.85383635902845,103.76267894397141,105.43382263183594,699300
105.04953690356459,105.48742756572017,104.13800161066884,104.97804260253906,364800
105.23720680734708,105.3444414433377,103.95033663088391,104.33460998535156,670600
104.32564823350617,105.93423559544925,103.93244329241932,105.38016510009766,639500
105.38018860605962,106.62237313894605,105.01379223626553,105.21932983398438,1313500
105.68402535823724,106.42575651561025,105.06739899093157,105.37124633789062,1347100
105.83594108774024,107.26579284667969,105.05845599784614,107.26579284667969,732700
106.8279036115299,107.2032384246927,104.63843689860481,105.3623046875,1004800
104.87973934817633,106.58662316741103,104.6205776212416,106.48832702636719,669100
107.98072011948813,112.9047718093529,107.23898218967254,110.84042358398438,1933900
110.52764654315105,110.68850529201131,109.11566494960769,109.3569564819336,881600
109.15142876657193,110.08977274791584,108.21308478522802,108.68672943115234,668400
108.65989672147154,109.76803779293628,108.15945031375904,109.58930206298828,563300
111.74301774927898,114.68315392975835,110.75999513157336,111.83238220214844,1083600
111.76089270102977,111.9753755787909,110.8136171875,111.707275390625,516800
111.8055910634059,111.84133821376794,110.9298029247156,111.53749084472656,462900
111.54641557966629,112.77966143373547,111.47492128775971,112.33283233642578,506200
112.7081726549545,114.72784206047021,112.61880138207056,113.58395385742188,624500
113.44098515848808,113.91462295981069,112.1541150431424,112.71711730957031,556700
112.66348907145833,113.19968262817815,111.29619311549797,111.82344818115234,345300
111.18003213544873,111.82346038287821,111.00129638499187,111.16215515136719,567500
110.97447082821098,111.79663470090162,110.23273291742518,110.7153091430664,439000
110.62595215358272,112.11835974844477,110.62595215358272,111.0638427734375,607600
111.04597446248977,111.04597446248977,110.05401327376138,110.50978088378906,504000
111.30514487697572,112.05581458226823,111.10853895852145,112.002197265625,474500
112.08262130976016,113.280126966047,111.36769876723625,113.13713836669922,617800
112.69924343291824,113.28905433764982,112.18092000707405,112.79754638671875,491400
113.04777945321364,114.77253349556966,112.61882045217466,114.4776382446289,571600
114.63846148732573,115.36232237607922,114.19163243143933,115.22827911376953,571200
115.82706235197082,118.17738823819091,115.56790742352099,118.05227661132812,1223000
118.00758041238687,121.08176712455182,117.68586288120348,121.00132751464844,1545500
121.04600278513591,122.4669160777232,120.17915322361335,120.73323059082031,961500
120.66172648736985,122.41328881433428,120.19702043411472,122.3328628540039,770000
121.56967208693989,122.8536130287714,121.15666608341381,121.27339172363281,808300
121.35420350251036,121.47091545027259,119.22627576000801,119.5854263305664,667300
119.17241688811181,119.82786159839554,118.31048284474427,119.01978302001953,1124800
118.49901701483985,118.8312330116416,117.26895882452901,118.11294555664062,843400
117.99621401228455,118.70552780498679,117.6011552467582,118.48106384277344,972900
118.34639260969794,119.7919412620285,118.19375873960028,118.84918975830078,405100
118.92102876009795,119.80092383585993,118.53495724223151,118.99285888671875,498100
119.18140733994173,119.21731555094223,117.84359700190703,118.14886474609375,389400
118.4900441160509,118.92101111162214,117.61014917086976,118.02315521240234,320900
117.96032255707462,119.31608014929465,117.96032255707462,118.31048583984375,608700
118.40924218204805,119.73806509713886,117.99622243401218,119.45074462890625,589300
118.79531661281978,119.5944078472647,118.58881358374596,118.74144744873047,347300
118.58882888927069,119.49565856893312,118.3104957054236,119.28018188476562,374500
119.31606238054522,120.14208811175172,118.84019987996096,119.77396392822266,318200
119.57644932720252,119.57644932720252,118.58881599833576,119.01978302001953,498700
118.95692004941871,119.73805021250863,118.436162040628,118.46309661865234,230600
118.79532413979477,119.54951988522033,118.39129168333073,119.43280792236328,339500
118.92101341536114,121.01301934509287,118.606772064663,120.37554931640625,331300
120.38454173325111,121.3901361327499,120.0972212189965,120.78857421875,366200
121.05790412069985,122.19818486949862,120.67181898677259,121.92882537841797,268100
122.09943641828873,122.6201945169191,121.87497242923399,122.21614837646484,283100
123.0601772664961,124.29023596325956,122.84470053141305,123.93109893798828,398100
124.70322876760544,125.58312387840985,123.65273881180707,124.88279724121094,377400
124.83788266124944,125.52026193716932,124.43385023219882,124.62240600585938,378000
124.92767338040707,125.87939847286731,124.63137927989119,125.45740509033203,382300
125.32275852600306,125.32275852600306,124.22737296662567,124.43387603759766,301200
124.97259817566963,125.07136289896454,123.99393827223655,124.78404235839844,195400
124.68525495684007,124.7391241233489,122.47653692880795,124.10165405273438,305200
124.335105550106,124.80199454561222,123.46418406049858,124.64936065673828,269800
124.7121746578215,125.4753576261437,123.6167894022075,124.32610321044922,550100
124.7570673698604,125.58309310619784,124.63136809911758,125.04438781738281,567800
125.04441286010989,125.22398132567719,122.89853750112057,123.34746551513672,882100
120.08822692936204,120.08822692936204,115.37448344241511,115.80545043945312,1749000
115.30266981831828,117.1253164646212,115.30266981831828,117.017578125,609300
116.97267444535363,117.61913183849684,116.31724342459825,117.48445892333984,348900
117.3497849490569,117.54731437936182,116.69435385769764,117.35877227783203,360000
117.59219481778827,119.35198480693514,117.1971360079242,118.95693969726562,449400
118.93897939658804,119.88173088891503,118.52595962940477,119.55850219726562,367700
119.55850209817052,121.12076268968562,118.59778965149411,119.54951477050781,649900
118.7773726656153,121.2913723845824,117.93339947371155,120.54615020751953,407400
120.77957533583657,121.56967918443756,120.4653203016043,121.03994750976562,336500
121.75826448989035,122.18025794673999,121.21954535768332,121.9737548828125,290500
122.02760942866975,123.04217736909594,121.78518447821615,122.57530212402344,301700
122.21614101549586,124.3620160736073,122.21614101549586,123.81432342529297,439900
123.81436240963501,124.71221859447702,123.5180819248115,124.27227783203125,1105500
124.31714003208255,124.66730330222846,123.9310548520684,124.29917907714844,243900
123.85025965999911,124.0298281211605,122.63814857181774,122.99729919433594,458500
123.17689281177714,123.96701064248664,122.51247429957158,123.80538940429688,429000
123.65270596553277,125.49331315650446,123.53598032360706,124.06571197509766,411500
124.10165437982764,125.10724869116294,123.92208592425989,125.01747131347656,279700
125.17907432877237,126.0948912296113,124.75708093819925,125.20600891113281,326900
124.68524879695006,125.42149723671746,124.09267429443314,124.62240600585938,347000
124.10164671557973,125.41250869044369,123.67067970879376,123.78739166259766,362600
123.78740530525141,123.78740530525141,121.3183012460245,121.83008575439453,521000
122.21615826618,123.21277900623727,121.9827206307434,123.18584442138672,482900
123.33847853624853,123.60783808546067,122.33288416606536,122.50347900390625,297100
122.21613765301885,122.97932062891991,120.73468093532087,122.55732727050781,441200
122.69202926069012,123.26665661048021,121.2195458205907,122.56632995605469,485100
122.00065748374551,122.47651998901674,120.35757963150613,121.29134368896484,709600
121.31827882191654,121.74027217005462,120.32165827421494,120.83344268798828,1135200
121.3003740996519,122.69204020359673,120.79756313606774,122.23413848876953,389100
122.29693739143275,123.30253144454167,122.13531623278799,122.27897644042969,373700
122.84463979609494,123.33844953664986,121.84801928847459,122.18022155761719,454300
122.53203992240962,122.53203992240962,121.17889218328037,121.90057373046875,310000
121.99079538923387,123.32591128889521,121.62094540770923,122.82072448730469,402200
123.100407357025,124.48963344176012,122.4599111573836,123.65068817138672,398800
123.65068246604334,123.68676035952943,122.0449340247534,122.11710357666016,296300
122.91094303041272,123.53339331126799,122.38772415324357,122.60423278808594,376600
122.72149498855592,122.72149498855592,119.42884040327135,120.41212463378906,422900
120.75493322203833,122.63130018054336,120.75493322203833,121.7833251953125,420000
122.32458769904497,122.7395453875023,121.62996785453417,121.69310760498047,149100
121.77429161014906,122.15317135990553,120.74589978511523,121.0706558227539,401700
120.23169762824804,120.40309856081869,119.10407440336957,119.22135162353516,275900
119.26645179380472,119.6272856970668,118.60790996120137,118.96875762939453,420300
118.92365653087326,119.53707695334852,118.29219028275702,118.79736328125,325700
118.91466513828067,119.41080844428248,118.12081382478226,119.05899047851562,288700
119.71749275596837,120.62860724574756,119.45587649404841,120.48426818847656,354100
120.4752543971313,120.50231625025602,119.10406085744647,119.73552703857422,516500
119.93400610003248,121.20596842943613,119.49198659565171,120.63764190673828,392100
120.66468804071802,121.24203051881024,120.09637535700456,120.77294921875,385600
120.67373929811414,122.40576704044906,120.67373929811414,121.83744049072266,303500
122.12614492285165,122.9290123369542,121.44957079529547,121.9908218383789,370000
121.90059148719534,121.90059148719534,119.67240678433146,120.3128890991211,396300
120.14149140996959,120.14149140996959,118.52674088559195,119.9881362915039,406100
119.87087999630019,119.87087999630019,118.4185005346376,119.53709411621094,372200
120.13246049469468,121.65700922428623,119.84379612068096,119.9610595703125,527600
120.0152059099435,120.82710300511748,119.76261937320508,120.32192993164062,505700
120.31287259428287,121.1067236794174,120.06028611536382,120.5023193359375,449900
120.55645893803212,120.70981405152806,119.60925263473835,120.11442565917969,340600
120.30387967000087,120.87220623918584,119.85283033317046,120.14149475097656,438700
120.59254286341775,121.9005969388918,120.39409382096596,121.39542388916016,445800
121.20595726552487,122.33358041150328,120.48427569911249,120.73686218261719,636800
120.89927615546436,121.64801975629442,120.20465627627165,121.17892456054688,672000
121.43148146528239,121.79231536474701,121.12477127424437,121.6028823852539,354700
121.56678502364922,122.21629702410823,121.3593062294535,121.61189270019531,439700
121.49465791196454,122.6944509493407,121.21500949064662,121.45858001708984,667500
122.88389579915858,126.29382805546125,121.43151622592337,126.0051498413086,1016600
125.56314035312941,125.86985065663761,123.16355412346556,123.45223236083984,728700
123.75891016883382,123.75891016883382,121.30520085516945,122.12611389160156,372000
122.8748641100852,123.94834994922762,122.58618593271596,123.64163970947266,280700
123.78599748437107,124.48963344176012,123.25376250005235,123.65068817138672,362400
123.93933005893815,125.12107706026455,123.51534260221197,124.97673797607422,265500
124.43550519538165,124.77830712906707,121.9908114984522,122.03591918945312,252000
121.83745322056913,122.54108913425597,120.9804621733797,121.62997436523438,352100
121.64800985769196,122.05395150187456,121.01652978348214,121.6750717163086,271300
121.72919109206806,122.72149132413148,121.62995969236844,122.55912017822266,179700
121.5938692135526,122.37870438782521,121.44051409706854,121.89156341552734,284600
122.33362380112017,122.56816454329606,121.88257438274938,121.9908218383789,181400
122.16217858917638,123.23567801861267,122.16217858917638,122.61322784423828,168800
122.91093794254719,123.14547863021775,122.20730211460281,122.81170654296875,170700
121.9997918957588,123.05524536612236,121.720129830767,122.64027404785156,224400
122.38773119764056,123.92129626247669,122.38773119764056,122.8838882446289,256600
123.28083137801586,123.64166540979774,122.83879798888746,123.45223236083984,282200
123.67772630266012,124.8414274658398,123.67772630266012,124.43548583984375,205400
124.26408723434491,125.82471402201793,124.06562443303011,125.62625122070312,342100
126.02319685581038,126.05025871802476,124.46256982006219,125.44585418701172,237400
125.680387225813,126.96136562339288,125.680387225813,126.79898071289062,296700
126.77192534483727,128.44081339493044,126.56444650434426,127.94465637207031,267900
128.8016477349469,129.92927107886885,128.18822724302137,129.12640380859375,318000
129.33385471444464,130.01042857466237,128.55804947079776,129.1895294189453,416900
129.0812961218502,129.6225608329061,128.74752401682798,129.12640380859375,284800
128.89185368796794,129.81198435860557,128.70240692346468,129.59548950195312,232100
129.50527255875846,130.01947536691404,129.19856233894578,129.7037353515625,393700
129.92928725953763,130.2991510659888,129.23466733899627,130.0285186767578,192600
130.26300880027756,130.5516869072915,129.68566635117946,130.4614715576172,158900
130.47952142975188,131.27337248374627,130.01042637376156,130.81329345703125,267500
130.65995573531958,130.9305880637801,129.3609315706547,129.69471740722656,371700
129.740042871903,130.93654829576317,129.4046473545092,130.71900939941406,380700
130.48333911496908,131.42605388069637,129.98478936687437,131.3354034423828,257400
131.87928154527262,132.24185564451776,130.34738038802863,130.37457275390625,221400
130.55584479055034,130.55584479055034,126.61278621593507,127.82743835449219,667900
127.6733275312677,129.8487992638972,127.6733275312677,129.25961303710938,255300
129.24151953926574,129.96668161471402,129.15086909309113,129.5406494140625,266900
129.86697568282415,131.09974709991207,129.60409767955727,130.9547119140625,395300
131.2175394423021,132.26902349909975,130.73712262573835,132.2599639892578,351900
132.2055770457329,133.17547017240227,131.77954495800603,132.93072509765625,267200
133.41113605722785,133.70120633033014,132.75850560537148,133.47459411621094,407800
132.87634779418883,133.11203337240138,131.39884541617238,132.00616455078125,296900
131.98801988056485,133.30236796949512,131.8792504427067,132.6859893798828,436800
132.69505121867007,134.45356426191114,132.59534128844572,134.39010620117188,415500
134.34480393754518,134.59860853509852,133.2751869924448,133.90969848632812,293700
133.6286812417347,134.41728727646878,133.47458660456317,133.78277587890625,290800
134.5170315890267,134.79804240886523,133.5833901872084,134.31761169433594,170700
134.52608326342687,135.82229853882177,134.00034124676978,135.76791381835938,223200
135.59573025512893,135.66824784968188,134.5805115940215,134.6802215576172,208300
134.63484633875643,135.0518188947741,133.33863112464715,133.5017852783203,311300
133.21172870133893,134.32665691088752,132.45937449823015,134.26319885253906,157800
134.86147959071073,136.3118035068601,134.4082550958283,136.29367065429688,237000
136.42961452856463,136.91003132345594,135.9673305838519,136.11236572265625,264800
136.23929298535376,136.23929298535376,134.48983915219958,135.10623168945312,218600
135.12432804476873,136.14860577430312,134.29038298468436,135.24215698242188,263000
135.63196449682115,136.23928365005182,134.78895975815132,135.96734619140625,171300
135.66822255960565,136.16677228464883,134.5170284365631,134.6620635986328,228100
134.23604111737868,134.49891909646715,132.73133232304875,133.03953552246094,214800
133.08484679281094,133.6830926119039,132.5319123579768,133.6287078857422,259800
133.91877697602203,135.0065129832539,133.7102837525563,134.44451904296875,266600
134.77084609151441,134.9974583674267,133.26615109125686,134.33575439453125,299800
134.11817601051922,135.07900956474526,133.65587825160213,134.4354248046875,280600
134.698308811409,134.698308811409,132.7313025744762,132.7494354248047,342100
138.68668882051367,139.56594540516184,135.5231770178187,135.95828247070312,782800
135.83136145999478,135.84948047788401,133.4745889911244,133.7283935546875,435200
133.4292725827041,133.74653522373538,132.62253363146894,133.01231384277344,235100
131.84301609622787,133.83720130863432,131.84301609622787,133.03953552246094,282200
132.86729741752495,135.78606433341753,132.7766469840866,135.7135467529297,202200
135.0155883945981,136.61094763565046,134.4626538996998,136.55654907226562,233800
135.61382413462601,135.61382413462601,134.03659802687537,134.10911560058594,192000
134.72552046659317,135.38722436957448,134.1544531656109,134.6892547607422,265200
134.19067429926778,135.01554602698556,133.71025754165436,134.83425903320312,210200
135.1787575741511,135.9673638585095,134.58955736530825,135.91297912597656,245600
136.6199599798911,137.9796331374686,136.46586534845625,137.51734924316406,209400
137.53548853447379,137.94338777561427,136.37523504214357,136.85565185546875,203600
137.0732107272924,138.3694260811051,137.0732107272924,138.12469482421875,138600
138.05217421472835,138.94049028956084,137.1275924373157,137.29981994628906,225100
137.75306308761867,140.2457979724516,137.75306308761867,140.0010528564453,225500
140.14606373625014,140.95280269682513,139.4480942166881,140.10073852539062,210900
140.33642833721635,141.98615817820263,139.67471066752475,140.89842224121094,542200
141.58730385422754,141.58730385422754,138.28783068085656,140.22763061523438,280900
140.76247581455235,140.76247581455235,139.48439308480766,139.90135192871094,411800
140.06451279813078,141.2882107318634,138.94051098305974,140.472412109375,255900
140.0101249207888,140.16421959795937,139.0855430264506,139.411865234375,262900
139.783485508962,139.783485508962,138.69573580628952,138.92234802246094,203500
139.48435848138928,139.50247750049652,138.52352487883718,138.72293090820312,238300
138.73199113872454,138.81356821093496,137.58985680253454,138.05215454101562,253800
138.0612401316643,138.2606600111707,137.30888582831085,138.0159149169922,186700
138.28783931731982,138.98580882969367,136.37523162176925,138.72293090820312,361100
138.89516471556246,138.91329756680537,137.39952952387733,137.44485473632812,211200
138.30598759459232,139.95571755266565,138.12470056411263,139.7472381591797,526000
140.282058894094,140.8893781363467,139.5841030398829,139.90135192871094,213200
139.7019143825922,140.2820411848906,139.00395861649105,139.95571899414062,244400
140.27296481536936,140.28202432493796,138.6776197586156,138.75013732910156,205000
138.89518158039917,139.12179383885567,137.28170340669394,137.65335083007812,180900
138.00685144766405,138.29692174819357,137.37233995439718,138.24252319335938,162800
138.58697373643054,138.58697373643054,137.7530423963417,137.99778747558594,94100
138.29691743867468,139.06739071673502,137.56268220008153,138.61416625976562,175800
139.02394576100463,140.14394175820019,138.48672004176927,140.01646423339844,227700
140.38068821975432,140.95434405475086,138.942005291388,138.96022033691406,189600
139.35169716479047,140.73574829101562,138.89641846876933,140.73574829101562,264500
141.07269357210325,142.5842226434522,140.70847606060087,141.8102569580078,243900
142.30191763165396,143.15784386044447,139.85251586024413,140.00730895996094,371300
140.64472398868367,142.8937883339472,140.5172464886201,142.8391571044922,259900
142.81188557189765,142.81188557189765,141.5462107541565,141.89222717285156,208000
141.98324555206128,142.49316949932967,140.35335349652854,140.46261596679688,214200
140.49902173331685,140.90876981990502,138.66879230908282,140.02552795410156,264600
140.68113925998102,140.68113925998102,139.16050984270393,139.7978973388672,388800
140.38069154041327,140.40800716234412,138.60510664486208,139.95272827148438,366700
140.86327713476322,141.53709485241768,138.504935963985,138.89646911621094,252000
141.6190330739169,143.32177146797324,141.07269291519995,142.5478057861328,789000
142.2655260216523,142.8482823364289,139.4701074891727,141.2548065185547,357400
141.8922046002248,141.8922046002248,140.67206064652285,141.3094482421875,398300
140.9725551042657,140.9725551042657,139.0421632594759,139.36996459960938,443600
139.31528602427105,139.65218782543812,137.77644175298852,139.3243865966797,322000
139.3335129695803,139.9982160563068,138.30457854532884,139.1878204345703,291500
139.87073586973057,141.25478713767853,139.38814151405214,140.9998321533203,461200
141.38226583547538,141.38226583547538,139.5247207690202,139.761474609375,433800
139.67951571076443,140.12569389006057,137.38492080182553,137.4031219482422,338300
136.79306493393008,137.39403628702323,135.29065044520357,136.50169372558594,428100
136.80218028989387,137.71273789963863,135.67308385196802,136.8568115234375,445500
136.1101552500057,137.0207129108321,133.77912986133134,134.75343322753906,542900
133.79737938420746,134.58956030718764,133.00519846122728,133.05982971191406,382200
132.3495820818453,133.72451936105873,128.3340188403556,128.35223388671875,420700
126.83155168134897,129.7817630673883,125.52036051489226,129.67250061035156,578500
129.27185086280855,131.90336151210028,128.77104145328832,129.93655395507812,352200
129.41757504673055,129.90016953373475,125.5932214526473,125.65696716308594,369500
126.8953189112801,128.63448741561118,124.6098241350491,127.84229278564453,407500
128.42503618901094,130.43737457327728,127.97887186273925,129.68161010742188,271000
128.962267916715,130.56484417384584,127.67837845990847,130.2643585205078,425200
129.2445459415503,132.14011239504862,128.4614658620623,131.89427185058594,680000
126.50375547621925,132.11279339521386,122.99811719735195,131.1385040283203,761300
130.73786981770328,131.65752804773092,128.7801625223673,129.14439392089844,447200
128.71644509298974,131.14763263704432,128.47970507799872,129.6452178955078,436800
129.8181953320065,130.5830603321357,128.78014639668132,128.7892608642578,492200
129.50861471654386,131.09299007890087,129.16261224665553,129.90016174316406,545800
130.81980448374173,132.84124340173028,129.72713817796557,132.7775115966797,323700
132.72287949385034,132.92320329053183,131.01104054130943,132.42239379882812,232500
132.71376687785468,132.85034495683325,129.82730102539062,129.82730102539062,315400
129.91836278261866,130.77428922268143,128.56164073503652,128.61627197265625,388100
128.76196410652992,129.08976542516348,125.68427472013742,126.00297546386719,380200
125.52946076833382,126.13953264190931,124.61890324466798,125.51124572753906,636400
125.05596102151738,126.81334418354281,124.79190546556771,126.17595672607422,943900
127.00454422092446,127.72389235866339,126.43090249799738,127.1411361694336,928800
126.17593819120175,127.59640542889922,125.64781326287789,126.85885620117188,527400
127.3414843911372,127.50537808804954,125.5932015933686,126.5675048828125,704500
127.45073141357642,128.60714330192306,126.93170698156099,128.397705078125,607800
128.41596894945744,130.03676076645218,128.41596894945744,129.34474182128906,819200
130.2188396543035,130.63770227100065,128.20651510371107,128.65267944335938,258000
128.99870521683346,129.0169202608062,126.64946472862351,126.83157348632812,338000
126.7223032566228,127.53269898872826,126.41271699806717,126.5948257446289,349500
125.3200452919912,126.6494515899282,124.20916392302676,126.33076477050781,837200
125.66603883928163,126.74960451548482,124.80101197060011,125.51124572753906,357900
125.66603129465825,125.66603129465825,123.15289768206362,123.48979949951172,486100
123.70835998702726,125.20167394228774,123.26218174713594,123.90868377685547,394900
123.34413305755555,123.70835052355933,121.30447912351954,121.33179473876953,417200
121.7345138257741,123.6749392009909,121.26771733446968,121.36840057373047,548200
122.29283735421058,124.60853773449284,122.29283735421058,124.30648803710938,415100
124.37974458349593,126.30187442345643,123.61089823404288,123.93124389648438,386400
124.21498480310157,125.15773976874922,123.44612456764384,123.62003326416016,302400
124.23326618013031,126.2103111838269,123.775617649626,125.31332397460938,286100
125.24011325570689,125.34994444671462,121.8718124127635,122.7413558959961,398700
122.9518671672608,124.37058053531584,122.34776769962558,123.87631225585938,359800
122.83287211195206,125.5329958534886,122.30199810033703,125.41401672363281,258800
126.07302933468259,127.15307322386236,125.60621886874424,126.5672836303711,256900
125.7160610165358,126.55813266417054,123.13491651646659,123.86715698242188,274100
124.39804701662898,125.75268297526328,123.49189775191758,124.3614273071289,314600
125.26756553183127,126.4666025352351,123.9678452856662,125.42316436767578,297400
124.58111436186307,125.39572838909531,124.09600791678815,124.90147399902344,306600
125.40486705060398,126.03642436684653,124.99298609498017,125.70691680908203,792000
126.18289585972612,126.50325552543516,125.24928863269446,126.01813507080078,562800
126.82359455706583,128.62673139665566,126.07305801637277,128.5626678466797,346500
129.16673397432103,130.23763000229428,128.90130393647874,130.04542541503906,405300
130.22848195268045,131.32683577794185,129.78914321584122,130.92410278320312,470300
130.38406600476952,130.85087645312979,128.36126728295855,129.63352966308594,442700
129.96307502498405,130.39326589437601,128.2606214048856,129.60610961914062,951800
129.52368859259394,129.89896375840786,128.4161869141901,129.0660400390625,385700
129.34062608322046,129.44130931907225,126.12793841139042,126.61304473876953,414200
126.20117263642013,128.7914651878736,125.35910095356125,128.37042236328125,489000
128.71828466999946,130.47565409540852,127.63822641812463,130.01800537109375,335600
129.8989634060843,131.01562699097838,129.39554720530003,130.7135772705078,336700
130.85087705307888,131.35427927536952,129.16671980695293,129.29486083984375,325900
128.60840144904134,130.02711486816406,127.63818867500271,130.02711486816406,337600
129.69762156259242,130.31086906319214,127.77550565765179,128.233154296875,340700
127.9676791168235,128.99280734993567,127.51919249799928,128.21481323242188,346400
127.69311291553566,130.9607307659429,127.69311291553566,130.1094970703125,417700
125.34079060137574,125.39570619429396,115.40066325972978,116.14205169677734,3248600
116.16037006951808,118.70489514774364,114.72334677324066,115.77593994140625,2437700
116.34342274146151,120.04121712824667,115.37320998501261,119.34559631347656,1424500
119.94053098717005,119.94053098717005,116.05968005503581,116.64546966552734,1117000
117.13057140048618,117.72550893096833,116.54478181315783,116.81021881103516,869000
114.76910417027877,116.52647294714329,114.11924405955791,115.6020278930664,1794300
115.23592172568584,115.29083732443125,112.9110659422273,113.45108795166016,1124900
113.14902422825591,114.41213164770816,112.7554462160613,113.55175018310547,1086000
113.89956928004399,115.10776112945399,113.42361089451622,114.47620391845703,1037000
114.71418936159952,117.48753850909432,114.6684217124796,115.65694427490234,2375600
116.47157434202192,116.47157434202192,114.1833312311767,114.43961334228516,676700
114.97961855460444,115.31827399570571,114.1192370883556,114.38467407226562,814600
114.50365557360124,115.01622665231396,113.58835855545388,114.54942321777344,898500
114.59519578010648,114.73249174371992,113.22225011029772,114.37552642822266,593900
113.84465953594734,115.55626775846696,113.82635666513187,114.76911163330078,1005300
114.32061979375781,114.86064178094513,113.31379428697305,113.5975341796875,712900
113.9362003294575,114.57690558631906,113.59753784616579,114.23824310302734,702800
114.66843546398285,114.66843546398285,111.76694493078914,111.78524780273438,926800
112.5998623752006,114.668436074203,112.47172132141108,113.5151596069336,1058300
113.98194157071212,114.3938294369093,112.84697517352716,113.99109649658203,747600
114.33892029176118,115.10777354238553,113.78058846189208,113.89042663574219,893200
114.20162067032734,114.97047389637895,112.92935820900236,114.96131896972656,805600
114.81487792661919,116.30680978272169,114.51282818801366,115.52880859375,675500
114.41213316923385,116.12374119538407,114.18330890289539,115.70270538330078,561400
115.29084106171288,115.64780643145673,114.17417729660082,114.92472076416016,549600
114.92470991930203,115.18099200845575,113.59753182197177,113.89042663574219,1058000
114.11008853284659,114.11008853284659,112.75545272649278,113.066650390625,800100
113.70735624749734,114.52197006802544,112.727988677696,113.96363830566406,1086900
114.12839717707483,115.63863179950343,113.63413590707245,115.51964569091797,1137100
114.46704963858511,115.27251553151302,114.46704963858511,114.9155502319336,700100
114.18331293510869,115.00708171964983,113.87211527381686,114.69587707519531,735600
114.41215580425107,115.26338252276125,114.00942278120769,114.88810729980469,467300
114.62265564365526,115.06199432858143,113.87211232234077,114.1100845336914,536000
114.44142145499977,115.09490528941093,114.1284918640099,114.68072509765625,535900
114.6715260410393,114.86481435523673,113.34616760586657,113.79715728759766,549200
113.95362819980961,114.22054248102481,113.30015131353545,113.3921890258789,412400
113.92601222977483,115.09491288984213,113.28174125164664,113.31855773925781,465800
113.34617553741452,114.10089602623759,112.39817374289589,113.85238647460938,483800
114.32178785894713,114.63472451224135,113.69592157438612,114.09169006347656,472600
113.87079959191539,114.2113398394384,113.15289558445576,113.7235336303711,440600
114.2113472122453,114.61632161060734,112.95041568975476,113.16210174560547,283400
113.14367796831539,114.60709644369567,113.09765560460048,114.58869171142578,597600
113.76954784149393,115.49988063340803,113.76954784149393,115.24217224121094,378200
115.26977511146202,115.84962597699712,114.97525025129518,115.72077178955078,470400
115.79439582189939,118.90532206683523,115.38942853463799,118.67522430419922,770500
117.80087587341112,118.53718467114561,117.34988612037127,117.598388671875,716900
118.45434148118032,118.45434148118032,117.65360565257161,117.95733642578125,347800
117.91130150920854,118.48193948320466,117.67199786287297,118.04935455322266,296600
118.32547982941412,118.32547982941412,116.87126720037355,117.23941802978516,476500
117.24862860602879,118.9237472483083,117.04614142852127,118.72126007080078,351400
118.92374482855438,119.60482528080846,117.95733132721486,118.0217514038086,564200
117.70881866574605,119.66004332766038,116.62275687350005,119.55879974365234,709900
119.57720360139757,119.69685893206523,118.01254162428326,118.67522430419922,639500
118.27026750980843,118.27946636581711,116.90808546358313,117.08296203613281,629200
117.81006032489213,118.91452683162728,116.95409632446302,118.24264526367188,572900
118.20581488628004,119.21825065098646,116.6963811598686,118.85929870605469,508800
119.08941562131815,121.05905220795839,119.08021676526954,120.81975555419922,429900
120.82894863875623,121.94262810586379,120.11104466771494,120.77372741699219,324800
120.81974243228898,121.4087921686907,119.80730661469842,119.97298431396484,411100
120.22147245123504,122.47644172135746,120.22147245123504,122.19110870361328,511300
121.95185024048901,122.57770959868904,121.3536014984415,121.8414077758789,761000
121.51923998058535,122.21873218473588,121.04984555933285,121.6480941772461,668200
122.22796780364757,123.75582073665664,122.13592305575769,123.51651000976562,672400
122.86301459527608,124.69458391993982,121.87818936430197,123.42445373535156,772700
123.77418804012993,124.45528249262522,122.72494277464183,123.5440902709961,809200
123.86624058342595,124.8878753046244,121.55606389137098,123.57170867919922,769700
124.15157933011541,124.59336321265175,123.49809534123224,123.7466049194336,535700
123.10230102498127,123.77418254870811,121.82295804711927,121.86898040771484,683700
121.86899529823768,122.59609812589895,120.33194376609954,120.80133819580078,569800
120.81053519358275,122.07148059712587,120.79213748262167,120.84735870361328,459500
120.4147827066622,120.82895593897031,119.42995737885458,120.71851348876953,501400
121.29834102775453,121.70331537261897,120.94860194777954,121.14187622070312,431700
121.37197183942459,122.26475234448766,121.17869756994719,121.6388931274414,1591000
122.19111219909269,123.20354798378567,121.8689837541835,123.05628204345703,490000
123.20355867848606,123.8018073024292,122.14511448410842,122.50406646728516,540300
122.5960914515427,122.5960914515427,120.71849979090287,121.12347412109375,343800
120.69088453188532,120.88415879036008,120.06501130641465,120.41476440429688,503500
120.73689599013227,121.27072450560729,119.72447422137905,121.22471618652344,266000
121.45483179977927,121.47322951249404,120.52522767762952,120.7829360961914,478100
120.80132758784511,121.08664657167076,119.70605997066681,120.01898956298828,352500
120.00979546570531,120.0558178297072,119.06179375229203,119.89935302734375,393700
119.7612825144567,120.24908866202476,118.84089143692401,119.54039764404297,473600
119.23665950126372,120.13863876891827,118.95134053198899,119.91773986816406,460800
119.53119166948105,119.71528113089448,117.88369772464213,119.27348327636719,761900
119.0157868385444,119.5128059638003,117.42351395456198,117.5523681640625,936600
117.62598251748858,120.52520879409524,117.62598251748858,119.54039764404297,1487800
118.93294106326735,119.26428242659512,116.64116915193947,116.94489288330078,634900
117.34986578432553,118.52796527416544,117.06454678907497,118.40830993652344,599900
116.38345846914959,118.56479505136258,114.70834685184255,117.17499542236328,1035600
117.25785211282538,121.63891663293425,116.84367181782827,120.70931243896484,1843600
124.40927142069384,127.62144162518018,123.19436239231646,126.3052749633789,6844100
126.96795669648687,127.28088631780797,124.77743530318467,125.63339233398438,1626400
125.38488821534158,126.4985677375922,124.48290877907445,125.62419891357422,1683600
125.79905870796652,127.6122304411979,125.40329724496355,127.24407958984375,1048500
127.4189363532896,128.11842847975328,125.78984029896667,126.5629653930664,1177600
127.59384247152258,129.24133661659585,126.8575266685403,128.77194213867188,1996500
129.41033278129046,131.08497634008015,129.0680063859648,129.9562225341797,2356500
129.43809470965573,130.49284349738937,128.14279413444507,128.29083251953125,1178100
128.48509808555602,129.16976490860014,126.55139466570839,126.79194641113281,1721600
126.45888207489037,127.66166917928541,125.32086705442978,126.76420593261719,1210100
126.74570151220186,128.318570313819,126.74570151220186,128.17977905273438,1478000
127.91147968909448,130.04873253392574,127.91147968909448,128.71641540527344,3888300
129.0402550021091,130.5021022624419,127.64317982817578,128.1057891845703,1284900
128.47585204786515,129.3178043404065,128.13352569236122,128.9754638671875,1137200
128.97549487326123,129.09577783474495,126.19983847755789,126.25536346435547,1059800
125.43187058500672,127.15276332899876,123.03554409789915,127.11576080322266,1953300
126.78270547812149,128.37408262275414,126.78270547812149,128.20755004882812,1200300
128.20753060051157,129.33628414945474,127.63388554711511,129.02171325683594,1121000
128.23530621991515,129.06799732979525,127.11578547930979,127.20831298828125,2777600
127.56915440042711,127.56915440042711,123.79426054266861,123.97930145263672,1568700
123.979291167551,124.71020764249033,121.6847530153208,122.71174621582031,1866300
124.81196608639208,125.02477649946825,119.95456911381419,121.12960052490234,1470500
120.26916405859753,123.02631137688242,119.90832938982103,121.7865219116211,2001200
123.05407633677223,127.31008763159652,122.8135245781908,127.24531555175781,1551600
127.03251309698145,128.78117563800336,126.95849391689879,127.89295959472656,844400
127.9022412296979,127.95775209419097,125.71872448076124,126.62543487548828,772100
127.04177189023997,129.38257396959958,126.88448641223468,128.71641540527344,1025000
129.41032283254316,129.9747067509633,127.57839393247272,129.26229858398438,786000
127.92072002680484,130.28003030751862,126.90298802571354,129.27154541015625,1306700
129.0680032317303,129.98397478865596,126.84748409203439,127.07878875732422,867000
128.46660946074618,130.01172284309717,127.53212963065275,129.28079223632812,652100
128.14276816397998,130.5113253744582,126.29233107857955,129.65087890625,1122500
131.3902901613968,131.89916322213503,128.18904166605384,129.3363037109375,1101000
129.60464049283382,133.78663307636404,128.76268806612632,133.5923309326172,1161600
134.20293667533298,135.03562761884837,133.07416905643518,133.84210205078125,987400
134.15669305087388,135.87760016092471,133.3240019824717,135.26695251464844,676100
135.9145996422724,136.18292092827377,134.2214621156944,135.0634002685547,661700
134.97087253723976,135.37797091568322,133.20370190250256,135.10964965820312,965500
133.22223043649348,139.31017047932468,131.50132328689247,137.5707550048828,1050100
137.99636116069914,138.3201933473951,131.5198303685134,134.25848388671875,1163500
134.24920422381615,136.21066284179688,133.67555917843978,136.21066284179688,604600
135.68327869282598,136.0441133200204,133.80508638746622,134.943115234375,587000
134.78586930420147,135.39651710632862,132.2045150391637,132.30628967285156,912600
132.47280611273777,133.4535497893501,131.38105482799517,132.260009765625,752100
131.65863339921094,133.18523871803976,130.48360161187816,130.8536834716797,798300
130.0394845891459,132.07496280355585,129.27155141251941,131.81590270996094,803900
130.45582342423975,132.64858700242502,128.6053862125484,132.37103271484375,606300
131.91768258604944,132.7041100023469,129.27155656650206,130.0764923095703,621600
128.36483065955565,129.23452426443845,127.08802450359573,127.87446594238281,1074600
129.0310214205935,130.20603914422824,128.54990368655834,129.05877685546875,647200
128.52212117683902,129.83592991579783,127.99473978987193,129.29005432128906,261300
129.8729339649189,130.52059829704706,128.1242713271477,129.39183044433594,603400
128.4388279672042,130.03019066287337,127.46734580170632,129.55833435058594,749700
129.79890892934586,130.97394048391172,128.46660602735102,130.06723022460938,1242900
129.94694539712896,131.76038000701908,129.62312736809804,130.99244689941406,767600
130.8906731873142,131.65860630017227,130.39104724992936,131.03871154785156,1148800
131.6216062346312,131.64936166601458,129.7896771747445,131.18675231933594,1140300
131.3347822571027,132.94466776244855,127.66166315114322,127.9114761352539,1352600
127.75415904242143,129.47506584023995,125.61690678594138,128.38330078125,1392300
128.64238351505304,130.28002433378222,126.15355742539205,126.75494384765625,855100
125.82974182948341,127.94848641761092,124.53444131067839,127.4026107788086,984300
129.04946951416989,129.7618916960492,127.01399168365694,127.46735382080078,916100
129.33630902544482,129.7064049565145,126.43112302570012,126.50514221191406,619000
126.62543240206594,127.31934643010933,124.88601672076773,125.39488983154297,960600
124.80276531152637,125.70022869092496,124.21062583501049,125.36714935302734,845600
125.60767026660116,125.78346405693462,121.07410483818641,122.18436431884766,1451800
123.0170746970897,124.09957879514035,122.045592316465,122.54520416259766,1289400
123.10034975306637,124.71022124127039,120.84281388650498,121.53672790527344,1013500
121.23138682158631,121.23138682158631,117.70630636582614,118.72405242919922,1354000
118.65005462672713,122.07336109290675,117.81734930183971,118.62229919433594,1983000
118.47423939559455,119.0571174881716,115.54129119655285,115.6060562133789,498800
118.39096099542228,120.58373142944211,116.22595304644787,120.54671478271484,850000
120.19315241842098,123.23566785589453,118.93707822300794,123.20775604248047,823700
123.58924002085399,124.61270633611132,121.61672943010379,123.03097534179688,562100
123.82186107575758,124.9290771484375,123.2729097413697,124.9290771484375,619700
124.05445160607869,125.93392748413055,123.63576020975418,125.21749114990234,1067000
124.9476707506899,125.60828352565693,122.02611568694655,122.12846374511719,889900
123.81255678377113,127.1155780583378,122.75185098513013,126.65967559814453,694100
126.27819340649347,128.66009632365126,126.22236977519466,128.11114501953125,653500
128.7159343654235,129.0881156111855,126.55733992905542,127.55289459228516,748100
128.0274134935541,128.0274134935541,125.61758448968213,127.078369140625,766800
126.22237460875098,126.65967866701949,125.2547176383119,126.2781982421875,737200
125.05001205611696,126.55732103116746,124.5568844017225,125.56175231933594,920200
124.69646421612958,125.18959189640356,123.62645921010645,124.19402313232422,485400
123.8125571821689,124.31498406980265,123.22638064887828,124.29637145996094,557700
124.22193811066278,125.05933520590183,123.96141835585823,125.02210998535156,868200
124.9942200464176,126.4550049675687,124.96630822475038,126.07352447509766,543600
126.66898644124973,129.02297779212307,125.98046178868405,128.45541381835938,499600
129.37652547466593,129.8045160888329,127.67383382908571,128.46470642089844,550600
128.84618356055555,129.39514907784383,126.68758930330615,127.78549194335938,483600
127.37611261590486,128.33445627080062,127.23655351946881,127.66455841064453,625300
128.91130946348275,129.6742560428828,128.0646132446796,128.21348571777344,357800
127.00393434342647,127.99950313428407,126.72480197794458,127.44123840332031,528600
127.04112554371821,129.3486061542062,127.04112554371821,129.274169921875,524200
129.97199881682417,130.61399892370852,128.98574354426685,129.8603515625,420700
129.37653604749812,132.40973840328172,128.14835933828093,131.91661071777344,917200
132.04686305789855,132.6237261595903,131.18156840536093,131.76773071289062,478500
132.08409264787545,132.44696044921875,131.330431032229,132.44696044921875,467400
132.44696187056906,133.8519086657679,132.00965782358278,133.76817321777344,488100
133.06100449319862,133.98213679467491,132.7911856033918,133.35874938964844,302200
132.73538926660186,132.9121735605473,131.07922198215644,132.38182067871094,323700
131.69330858268702,132.37253400766576,130.41862158054892,131.90731811523438,652900
132.22361741127432,133.33083313750888,131.75840167401662,133.22848510742188,522500
134.26128535799305,136.06632496902773,132.80050090260073,135.7313690185547,656300
136.24310873223638,136.46641745406282,134.75442651184372,135.11729431152344,679800
127.729666076319,129.09740184789382,119.15108443576274,123.43107604980469,4926100
124.3056603776132,126.0176510170198,122.11914056291653,122.82626342773438,2414000
121.99819552245691,122.37967591292092,118.95568709754392,119.19760131835938,1852400
119.23481491380399,122.68672271657962,119.23481491380399,120.92820739746094,1685400
120.66769024036152,120.9375091883461,119.16039541954449,119.78378295898438,977100
120.3048108932084,120.66767865587458,118.6579429562189,119.30924224853516,1056700
119.85820528502963,120.00706355081228,118.02524680231467,118.43463897705078,876700
118.09969968035114,118.10900598526047,117.04831438178164,117.2343978881836,915900
117.2064852932696,118.73239275124466,116.55517882792905,118.490478515625,1304300
118.86265095729453,119.14178330975803,118.16482717476637,118.63004302978516,1012300
119.14178218939584,119.76516972558755,117.96943625815626,118.97430419921875,886600
119.66281114718241,120.10941434929248,117.67168804941939,119.05802917480469,666700
119.09526769549367,119.39301267941829,117.91362245972515,118.08110046386719,590000
118.19273514721196,118.89055890705015,117.76473742634685,117.95082092285156,612100
117.93221023267783,118.17412444641256,115.09439089453022,115.8480453491211,1237000
115.09439411258656,116.89012750984975,115.09439411258656,116.67613220214844,1127600
116.95525976414613,117.96012768589131,116.61100458441095,117.55073547363281,626500
117.6530765142927,118.83472865701664,117.28090954201838,117.40186309814453,732700
117.72750778362843,118.36950785139946,116.61099271662893,116.71334075927734,1033400
116.6110011598571,116.80639095579772,115.37352535360284,116.26673889160156,1079200
116.3132720714977,116.74126981368318,115.38284034536474,115.9224853515625,1455000
115.51309498866499,116.23883056640626,113.79179779298603,116.23883056640625,1310400
116.63891405218483,116.90874008677768,114.71292079024228,114.9641342163086,1271900
114.90830444085671,115.23395408634774,113.3730908565363,114.01509094238281,1230600
115.72709202732723,118.48116900122874,115.15022891776256,117.66239166259766,1671300
117.32550003573851,117.76533597660018,115.94982304368514,116.68913269042969,1167200
115.94047647164878,116.63299164911362,114.77068394357109,115.77202606201172,1104200
116.41772875114316,117.75597140066093,116.3990080764112,117.27869415283203,880600
117.27869855671985,119.30010311295047,117.05410043042058,118.68244934082031,1210400
119.32817001993149,121.56480509432446,119.2252277305862,121.38700866699219,1312600
121.5367491208827,121.70520665538788,119.6276541678777,120.52604675292969,985400
121.33084932215934,122.4912884022403,120.88165308586935,122.41641998291016,744300
122.59422381240843,123.62364667080088,121.62096297512929,122.15438079833984,929500
122.92178172950746,122.92178172950746,121.77069581431407,122.36962890625,774600
122.72526153548566,124.33489704436616,122.51937692762704,123.39906311035156,1014000
123.70788803886757,124.21323207206908,123.06216034999892,123.7359619140625,693300
123.7359402205454,123.85760317818836,122.7533119219204,123.48326110839844,534100
122.35091135386156,123.59557197260655,121.92977473662687,122.77203369140625,915000
123.26803790378898,123.26803790378898,120.94717391570491,122.1169662475586,962500
122.09825087001751,122.94049567362218,121.7052023430225,122.72525787353516,821700
123.19316395961802,125.13970002614413,122.84691001440932,124.94316864013672,1346800
125.40174865722658,125.80415039941141,125.07420106452835,125.40174865722656,1402300
126.1410501970051,126.68383559450947,124.54078215994414,126.65576171875,1144600
127.61030974367993,127.61030974367993,125.99132111315522,126.3001480102539,633700
126.05684275855053,127.32022442870263,125.90710588451732,127.27342987060547,890800
126.63704842946005,127.3389238446345,126.20655855842197,126.571533203125,475500
126.61832602271318,128.86432160869504,126.61832602271318,127.6290283203125,714100
127.64774974354026,128.33091883344187,126.84293194587408,127.54480743408203,583300
127.19852641884539,127.82553334160328,126.35628172372353,127.67579650878906,750400
127.87235798915107,129.34162423259997,127.61967880925536,128.74269104003906,548000
129.03278436522632,129.07021143864438,128.0033613500763,128.5929412841797,499100
128.89243011807574,129.62237959365396,128.00339055471207,128.94857788085938,734200
128.99534519112422,129.82823681574502,127.97528963686698,128.9766387939453,726400
128.79883183934163,129.8095342246437,127.97529338916374,129.7533721923828,1024800
130.00604492417034,131.64375426491344,129.5755693226598,130.93252563476562,1239700
128.11565075619015,129.14507372237557,127.7226022453807,128.88304138183594,1263900
129.86565997309,133.71193744891357,125.19584418662686,126.33756256103516,2636600
125.88836259737229,126.92713865209362,124.70920290949454,126.4779281616211,1870400
126.43114748691045,127.59157221764266,125.72927216247464,127.28274536132812,952000
127.03945909483427,128.0033669238598,125.4204703547758,127.39508056640625,676100
125.11161164963947,126.25332992437428,124.59690025042472,125.85091400146484,1198900
125.94450993032174,128.4525375687211,125.94450993032174,127.28274536132812,1197700
126.68380964733818,127.15172652041508,126.08487662098734,126.88969421386719,878300
127.32020171039282,129.38838658012597,126.61832630325691,128.17181396484375,1013300
127.10494054433333,128.56483883797011,126.84289396987297,127.900390625,573900
127.07687082713232,127.62902364519591,125.75735596554063,126.14103698730469,851800
126.40308502169849,127.09559293195872,125.81350512647363,126.15040588378906,570900
126.31885175301501,127.47929089230858,126.09426076325548,127.17981719970703,521200
126.10361591045745,127.43249831261132,125.80414221322692,126.8429183959961,536400
127.48864989247329,127.76004972370662,125.28008128794303,126.06619262695312,770300
126.00066678823575,127.53543370419497,125.94451904296875,125.94451904296875,1360400
125.50468180193391,126.08489423610912,125.02741166540513,125.74799346923828,515700
125.579560309297,127.00203191471519,125.579560309297,126.49667358398438,422700
125.90707538052943,127.37634132658896,124.95253516913986,126.7306137084961,640800
126.23463341309373,130.50203368574773,126.23463341309373,130.19320678710938,1068400
131.44721234820082,134.24534606933594,130.68917502994708,134.24534606933594,1196900
133.06621647794384,133.41247043050103,125.54210438037245,132.0929412841797,2242400
132.56087738383624,139.3082466539828,132.35499276612683,138.9900665283203,1681300
139.43928581368306,143.135827783006,139.42056513270873,141.6104278564453,1338600
141.95663646897506,141.95663646897506,139.92587876412037,141.61973571777344,640400
142.62108922637663,142.79889996282216,141.6010336411493,142.3871307373047,1016500
141.84434739075343,142.7895344644991,141.07695675844553,141.87242126464844,744600
142.05020560452093,142.9579655289698,139.25207169362577,140.2908477783203,1007000
140.41251394824056,140.58097147793032,138.74673072636827,139.2427215576172,955200
139.24273134083248,139.54220506812544,137.63311003555938,138.09165954589844,1071100
138.6344513546473,140.26280769252187,137.80155964681526,138.34434509277344,1162800
138.5034015473099,139.5234569559042,137.01542924159625,139.39244079589844,971600
140.3750724114171,141.32962690212818,139.439238595341,141.0488739013672,846000
140.70095215854158,140.70095215854158,136.817156600001,136.98641967773438,1400700
136.6948628317396,138.4439858864409,136.3093001314285,137.88916015625,864800
137.7763046230942,139.215097782557,136.93935948883683,138.74490356445312,730700
138.9424015965989,139.2715433129842,136.0930255747358,136.30931091308594,843600
135.41595688555344,135.72628684198577,134.47556829607043,135.0115966796875,721300
135.31250041723848,136.82652647314256,133.54456544907504,136.4409637451172,1904400
137.8515460671953,138.40637183555629,133.9207290448808,135.3125,998100
135.18085480425296,135.6322372929564,133.53517483272293,134.2686767578125,830600
134.61661235444961,137.42837922537245,134.4379505870367,137.32493591308594,651300
136.35633521558717,136.79831896732463,135.17145084769808,136.46917724609375,806600
136.2246984186344,136.3563522537393,134.0429898949625,134.2310791015625,581100
133.5445854882611,134.08061390022195,132.8392940088549,133.53518676757812,702300
134.56021592350953,134.9551774564409,133.09321184428072,134.04299926757812,829200
133.64800632853937,134.19343336942438,132.5007312337794,134.17462158203125,506100
134.5037769011146,135.0962262958404,134.10881542102774,134.72006225585938,403300
134.92693301500304,136.1306291029332,134.65422667364558,136.11183166503906,432100
136.06483129753846,137.23090399920392,135.8861551644274,136.17767333984375,605700
136.10241715723382,136.47858114897628,133.99595620023246,134.5601806640625,467400
134.0147704320018,135.37834534280972,132.22803788218513,134.56961059570312,741200
135.09621762480617,135.21845837441202,133.6856348510939,133.9395294189453,467400
134.46618431765285,134.6918684203886,133.3565181988288,133.6010284423828,451300
134.21225642608078,136.5820396149649,132.7922748662429,136.52560424804688,682400
136.8265396913012,137.90798082890996,136.48799922531384,137.25912475585938,524900
137.25912684162307,137.56004373307834,136.34694874855114,136.86415100097656,752000
136.9205753621733,137.6352654774614,135.63223332187493,137.59765625,447900
137.70108351043095,137.7293083671658,134.72946670525187,135.34071350097656,452300
135.19025709812408,137.12746962628796,134.2686803074769,137.10865783691406,520900
137.0428221018729,138.42519444582737,134.04298027178382,135.40655517578125,512800
135.4347663613442,136.77951513371943,133.8078837979147,134.56961059570312,823500
134.50377384891368,135.7638910685756,133.3941222418298,135.24668884277344,821400
133.99595868308174,134.79528027561577,131.93650563134753,133.03675842285156,1364600
117.26645306189235,122.25051540597411,111.21035548512134,111.82160949707031,6584200
110.29817991502208,115.00012292184579,109.90321842435183,114.30423736572266,4506700
114.25721273126818,118.72405849648237,113.82463484443048,114.77442932128906,3173300
115.10356803052382,116.16620458372354,114.04092430272834,115.23522186279297,1217100
115.47031967344464,115.47031967344464,112.23538052021607,112.92186737060547,1292600
113.85283954836626,113.98449336918638,111.41723668859915,111.6335220336914,1214100
110.12890598203357,110.4956569502839,105.58682746804666,106.26390838623047,1775900
106.69647847388075,107.01621429504416,103.09478879276409,104.01637268066406,1936100
104.02579399149866,106.48960763778516,103.997576305624,106.0570297241211,1115700
106.61186138901947,106.95980058980066,105.9253745334366,106.39556884765625,841100
106.3955651504161,106.45198617029115,103.22645299984758,103.48036193847656,1082500
105.06963639002107,105.64326691704139,103.64024149679307,103.90354919433594,648800
104.43955540167161,104.43955540167161,101.2234281183018,101.37389373779297,950100
101.08237281961293,101.18581614389352,98.60915328134965,100.1513900756836,1611100
101.12939296130021,102.34249514091871,100.79085248444873,102.23905181884766,1070300
103.08539835528987,103.24526269141755,100.53694617351827,100.9319076538086,1044300
100.85667318901508,102.52115778552233,100.85667318901508,101.90050506591797,915400
103.36751176404776,103.48036097734534,102.0321616923731,102.27666473388672,839600
102.88790533806416,103.65902359192026,102.66220694089071,103.20763397216797,858000
102.59640268435263,103.03838650814556,102.05097553266789,102.64342498779297,985000
103.9787660126651,105.55861912938042,103.9787660126651,105.22948455810547,882000
106.08524041082792,108.16349844874888,106.00060887685184,107.67449951171875,1418800
108.18229505729056,111.68994018200996,107.84375461970438,110.83419036865234,2096400
110.96585717134775,113.47669306510153,110.96585717134775,112.78080749511719,1590200
112.92186424028807,116.86208757568726,112.92186424028807,116.47653198242188,2225900
117.63319978079568,119.88073500646765,116.72102891779332,119.86192321777344,1467900
120.20046500284224,120.6048323691143,117.16300680857594,119.52338409423828,1169800
119.45756261803923,120.26629738738387,118.42313659375525,119.71147155761719,785900
118.73346990791049,119.02498808605137,114.72741235292956,114.75562286376953,1039900
114.68038024897068,115.26342373000996,112.70556573842438,114.94369506835938,1114800
115.36688329497147,117.41693089983447,114.47351692078007,115.65840148925781,901700
115.49853166500226,116.95613691658284,115.02833734831123,115.53614807128906,711100
115.73483949777521,116.11330673544657,113.5113544021165,113.7005844116211,1974400
113.16127110797011,116.38769547093217,113.06665610308072,116.17007446289062,1065100
116.39714646965948,116.9932346880171,113.65327536300036,114.19258880615234,1112300
114.65621479450532,116.3403864553326,114.2493637693545,115.53614807128906,1382800
115.50774799283364,115.50774799283364,110.99453990662602,113.35049438476562,925100
113.7951997659399,114.85490659094255,113.35050852037182,114.3061294555664,492400
114.72245116416512,116.82293761056926,114.57106137189766,116.08493041992188,914300
116.4255405003727,116.87969540188132,114.13581700506128,115.07252502441406,817800
114.23990475134099,115.00630293886024,110.57825259465896,110.69178771972656,1463700
110.3700905676396,111.62849108738641,108.4115303378564,111.57171630859375,829700
110.89047149822811,112.84903163591835,110.09569681912456,112.7354965209961,1727600
112.35702738752845,113.8046578275145,111.95017638908398,112.02587127685547,908200
110.70124663581616,110.97563520739227,106.79358984474038,107.9762954711914,1591900
108.8562300411234,109.54692609273742,107.30452081825133,108.90353393554688,1070300
108.89407800844847,110.0957110670716,107.74921973329587,109.7267074584961,1316300
111.10809756297664,113.21804757493302,110.93778766417002,111.78933715820312,798700
111.6379484454165,112.95311653601938,111.42033465070045,111.95964813232422,518900
112.53679281101056,113.52080462496372,111.81770586645608,112.76387023925781,490700
112.55571213638446,113.77626503501608,112.07316628839958,112.74494934082031,786000
113.28428027174014,113.90874509636237,112.49896199378979,113.01934814453125,457100
113.37888218677736,113.71003828422009,110.78638652414222,111.49600982666016,788000
112.06372193851783,112.5462606199275,111.28786736323688,112.01641082763672,844300
111.53386602364886,113.1045025214632,110.90940122212103,112.70711517333984,604100
112.98150110840793,114.41966790471191,112.98150110840793,113.55865478515625,725200
113.96550236729597,113.96550236729597,111.91232729277743,113.26534271240234,581400
112.9720498757603,114.03174956271626,111.91234297014164,113.50189971923828,857600
114.32504229858878,114.40073718049469,113.35049415469936,113.71949768066406,895000
112.54626313165724,116.42554331329906,112.51787935195993,115.64968872070312,1071900
115.37530295680628,116.82293350585226,113.88982496102325,116.6810073852539,738000
116.49176375446416,116.70937752443916,114.09796175410852,115.44152069091797,940600
115.98083993560412,117.04053949894899,114.71297581975124,115.1860580444336,1104900
116.60530401125028,118.1002455646583,116.0659905671299,117.33385467529297,1448000
119.54788119228623,128.67836991292867,117.73124711422967,127.22128295898438,2798400
127.0793437480442,127.4672746337731,124.07054775588009,125.84932708740234,1016400
126.36973663115121,127.85522192388238,125.76419188877063,126.23727416992188,693700
126.29404665197816,126.87120763495219,124.72342438975835,125.66011810302734,664300
125.31001477096709,125.31947121747987,123.74883485698287,124.15569305419922,676600
123.94752646563151,124.61930948821036,122.87835615938192,123.53121185302734,576700
122.60400784335532,125.96289498528574,122.26338801752216,125.537109375,631300
125.11131344863533,126.71033358028086,124.799077466954,126.69140625,581400
127.03205015532485,128.05390962488858,126.57789520351619,126.71035766601562,941200
126.08585540468158,127.80788144232436,125.4708543554218,127.75111389160156,626100
128.36613618766168,129.73807182738926,127.26858190094981,129.51100158691406,1068100
128.27155028266685,129.96517867687882,127.98769799632393,129.05685424804688,1073300
128.74461065066123,129.9083889450702,128.21474640246186,129.51100158691406,1050200
131.51684193422852,133.11586196268095,130.3246800752822,132.48193359375,1483000
132.34001779399867,133.9390380340453,131.99939801246612,133.797119140625,792000
133.41864837256915,134.36481285430807,132.72795234335052,134.2418212890625,1313100
134.86629457157386,134.86629457157386,132.70904045711478,133.8065948486328,845700
133.40920199112995,134.22290408431354,132.93611971456568,133.62681579589844,431700
133.88227752474938,134.37428711004742,132.81310701361846,132.9739532470703,910100
131.2140807020036,133.97689363676795,130.9018591342893,133.59841918945312,1616800
133.83494165639624,134.44995713358975,132.42516604389377,132.48193359375,1098600
132.92663660001656,134.639191787651,132.7468630610145,134.13772583007812,803100
134.37429083959086,134.71491064850878,133.53220498383885,134.39320373535156,1055200
132.8604097724727,133.2104859975429,124.75178797780559,126.60626220703125,2722700
126.52110475064605,127.59973158938894,126.02909522008805,126.77657318115234,2292500
127.15504765146554,127.94982237322037,126.44542427047202,127.29696655273438,1258300
127.45780790564409,128.3188065050512,126.28455889612282,127.35372924804688,1111500
127.92144224905493,128.37559718341996,126.27512519798479,126.76712036132812,825200
119.09372980399493,119.81280963616008,113.20858538042376,113.53974151611328,5941700
113.45458899564883,115.43206934154193,113.35996677043904,114.56159973144531,3505100
114.77921252394268,116.87969885683063,113.38834956196757,115.88623046875,1727200
116.73776809881399,117.3149289950417,115.67806852698233,116.69992065429688,1169500
118.03401311982462,118.7152526671654,115.96191069977337,116.18899536132812,1720100
115.89569261623635,117.95833160454744,115.33745900195443,117.27709197998047,1160500
118.39355270472663,118.83825114247938,117.7312404901981,118.35570526123047,548100
117.54661665429812,120.36415559428106,117.54661665429812,120.20233917236328,844200
120.95431684812576,122.67720928167003,120.34511964072782,121.21131896972656,706200
121.52544496635682,121.81100935015111,120.70683481249739,120.84961700439453,572700
121.37314251728215,122.94373201613786,121.17325036465739,122.81047058105469,831200
123.17218583440179,123.23882382169056,120.72588324392969,121.4112319946289,881200
120.23089856902072,121.63967172180895,119.6978528009298,120.26897430419922,1072800
120.22138593082768,120.76395245209558,119.47891998291017,119.47891998291016,1170300
118.50801616133622,120.45935587851295,118.50801616133622,119.2790298461914,1244700
118.83165147818352,119.57411745405149,118.11774775162928,118.16534423828125,756100
118.08919168893283,118.7079096987519,116.42341634214526,117.68940734863281,1121500
118.31764199388134,120.6211695075524,117.96544688984247,119.92630004882812,1004900
119.9358160414968,121.33506839060018,118.89827953144002,121.23036193847656,839900
120.91626582377557,123.45776162356772,120.48792644617646,123.07701873779297,1744400
122.80094725184091,124.22875462119943,122.42020442977504,123.68619537353516,1051800
123.79089031466724,126.9701376088842,123.5338809452526,126.72265625,819400
126.9510925278662,128.55975762620986,126.44660181381126,128.388427734375,929400
127.57932605337638,129.4830689052055,127.08434884506732,128.31227111816406,912500
128.58833081120815,130.22555112329,128.13143651056447,129.35934448242188,707000
129.08327997674388,130.36831216497555,127.41750504169046,129.50210571289062,952100
129.7306051036596,130.64440844967706,128.67402679314478,129.25466918945312,687800
128.38843901833056,129.07378769471651,127.30330603478734,127.53174591064453,889900
128.37891250873537,129.2736740980602,127.27475253889469,128.93099975585938,752100
129.94000227688696,130.73958555413705,128.35037825954598,128.55027770996094,710300
126.62746824415845,126.70361970934908,122.93420206665036,126.57035827636719,1869000
126.18961985166503,126.60843113812955,123.56244504688944,124.79988098144531,1367300
125.15205543166172,129.7876793161499,124.59996824220786,129.30221557617188,1096500
130.99655700945613,133.84265814984875,130.78714410818807,133.25250244140625,1171600
134.37572034368443,136.69828951530067,133.76652306296614,135.80352783203125,1102200
136.12714725340862,136.9457573801138,135.24191366985923,135.36566162109375,962200
135.08011763358954,135.8511313935376,132.91936478854788,133.2620391845703,1152800
132.8527276107811,133.3381769032088,132.06267243136563,132.3672637939453,964900
133.2049080413287,133.69035730672448,131.19645847461734,131.3392333984375,941400
132.7004227243459,134.25196354969773,131.32021181461013,132.68138122558594,1247900
124.65711853390779,130.38737544882787,122.3440628557731,130.158935546875,3177600
130.1303785055292,130.92041918652694,129.16897885195334,129.33079528808594,1028400
128.97861110161807,129.21657901877973,126.38951900094652,128.35037231445312,1072700
128.4836121981313,130.15891534933263,127.57933716960235,127.79826354980469,887300
127.14149226456152,129.15945534019826,125.56138197638192,126.30384063720703,1478700
125.78981202154992,127.38896368287992,124.96168847024347,125.81836700439453,1632300
123.10555453611873,123.27688445068439,119.25999243922716,121.75389862060547,1994900
122.24884631627462,122.4773006986006,116.10928548197651,117.9749526977539,1963500
119.783524844511,121.1732638430253,116.91839640932474,117.49903869628906,1599000
115.738062654618,120.71635424471333,115.21453763964604,116.3472671508789,1533000
113.3488752600761,115.29069425360123,109.78887014084458,114.01518249511719,2332500
114.57678315923769,116.79463839155784,113.23464076361643,116.661376953125,1295500
116.23305233448336,118.84117872465634,113.33936153319601,116.42342376708984,1427000
118.23195937171592,121.65869535487182,117.95591576238402,121.6015853881836,1422900
119.01249970256542,121.69677720491053,117.7655502858282,118.82212829589844,1492500
115.26212794362256,118.32715564123401,114.58629998269022,116.82320404052734,1635400
111.14052977742033,112.85389429590478,104.57261430105333,107.29496765136719,2968100
110.88350885991333,113.04426122898647,109.42714662872656,112.8634033203125,2707700
110.17912991375383,110.45517352971059,104.57260716693736,105.92426300048828,2622200
99.08982481814279,101.39335217775779,90.4087611125647,95.13004302978516,2699300
99.87036858363808,103.77304077148439,95.44416410013991,103.77304077148438,1621100
95.50128613337097,101.80267192376128,93.28342340539525,96.60545349121094,1836500
98.99464736804363,106.23839089585469,95.46320456897503,104.21090698242188,2271500
98.54726755219636,104.21090804251591,93.62609302494134,103.1924057006836,2105000
102.23101153969091,106.55250948560712,98.5948623093849,102.25004577636719,1796500
102.96393759247285,103.15431624827936,96.03431428958554,97.48116302490234,1538300
97.13850928822838,97.87144729731864,87.70545731379624,89.74246215820312,2184700
93.75934825696861,101.04116711210791,93.38811893114065,96.0914306640625,1647500
94.76802756976676,104.147011548829,91.8910382600391,100.28225708007812,2288400
101.46181689887959,109.85303497314455,100.10003651938356,109.85303497314453,1104200
105.25944694547091,108.75019325723483,104.56896836660563,105.7005844116211,1006800
106.40064398965129,107.83913854011918,101.94131673645009,103.5811996459961,1099700
101.72074149254706,104.2716752689319,97.52034015725098,97.89434814453125,1519200
94.154272298254,97.91353664802276,92.83085982356175,96.59971618652344,1363600
95.02694488563532,98.37384741773936,94.28852091483115,95.1132583618164,1094000
95.46810628000239,97.89436629954866,94.67213741420007,94.84475708007812,1234000
100.07127434223968,105.3841153540341,98.50811282130933,104.53060913085938,1199200
107.0048110368303,113.66983252768156,106.48695214654987,109.34475708007812,1629700
109.87220927437805,117.00714431340641,109.36394238994772,116.27830505371094,1061800
115.86594028072274,125.12025664664363,115.77004210773859,122.14736938476562,1543900
119.83618983082444,120.85272367831575,113.78492485960342,115.14669799804688,833500
118.44565713379998,119.86496782501207,114.9932712737655,117.35240173339844,639200
114.61924540427913,114.62883741682404,112.26011516099837,112.5669937133789,739500
113.19994099083557,115.43440445862798,110.36131239801627,114.97408294677734,848200
117.55377992999223,120.3060949027967,117.4578817537435,119.98963165283203,761000
118.2250735594417,120.862313626831,115.21382548600215,115.60701751708984,937800
112.50945261535652,117.92778351039665,112.33683297796645,117.16058349609375,710400
119.44299224166592,120.63214560652258,117.4770468975719,119.1840591430664,652500
120.42116258164928,122.74193182317273,117.69761665851816,118.1099853515625,629600
119.27996856626413,121.66787484953328,117.42910523761165,121.30345153808594,567400
120.6609212732536,125.79155031683726,120.6609212732536,125.1873779296875,530200
126.58751258580678,129.02335676820226,125.56137951291703,126.30941009521484,839600
129.46448863197347,130.31799467540756,127.76706123930262,127.83419799804688,707600
126.04088792801855,127.3834916476529,125.36959338476315,125.65729522705078,1131300
123.67216880713119,124.32427926470446,119.87453703527976,121.43769836425781,568800
121.71582753862103,122.93375712600097,119.71152847236648,122.65564727783203,801200
124.055776440924,127.4314479084191,123.00087453448056,123.61463165283203,970600
123.94070438797915,128.1890515663531,123.08719814711371,125.92581939697266,915500
127.18210513781537,127.62324994554562,124.56404891379835,124.93805694580078,807700
127.67118622145045,129.46450467772036,126.04088075234395,128.95623779296875,506100
128.49591643032073,128.49591643032073,125.88744538608549,127.19168090820312,968500
133.53065558210102,137.22278270936303,127.66158803374091,127.86298370361328,2112400
126.68342999922801,127.76708597818877,122.1090130845702,124.03659057617188,1095600
122.21451238044503,122.45426149775346,117.66886384835226,120.88150787353516,1893500
119.9129080092994,124.7942033789977,119.52930799470326,122.96251678466797,1114000
126.20392809103241,129.15762403221498,126.16556004169983,126.49161529541016,1275200
125.53261322014306,126.70258990851279,122.63644753491022,123.55708312988281,946700
125.0723158641318,126.55876329551953,123.9502917681245,124.93805694580078,834700
124.1133136058689,126.3573616929511,123.54750923601144,123.69135284423828,932400
123.16389249693829,124.3914212703719,120.58419732650938,124.1133041381836,889100
127.49855378373528,131.07560584689466,127.03823966197244,127.67118072509766,969100
129.0329816533657,131.54554779398418,128.7069263561958,130.6440887451172,806200
132.34151214255323,132.34151214255323,127.28759667577644,128.79322814941406,891300
128.4767375741857,128.4767375741857,126.15596824636137,127.72872161865234,1589600
126.93276437445645,127.53693679041322,125.5805759354693,125.64771270751953,801400
125.57099504560908,129.71385201926682,125.16821830047043,128.43838500976562,859400
130.20292196793613,132.3510641533778,130.1645539242697,131.2002716064453,737000
130.38517038120992,131.89078727470567,128.8603548273428,130.193359375,815100
132.82098665680553,133.30048480358099,131.47839769908308,132.2072296142578,974200
128.898699666109,131.00848865629982,127.88216590203396,130.01113891601562,1031400
128.74526866443364,130.30843750288454,126.50122056614299,129.05215454101562,1083700
128.91787208905703,129.5508131909385,126.69300817003538,128.04519653320312,1379700
126.00252856772468,126.27104637236104,120.52666034255418,121.07328796386719,1321400
124.50649389144316,124.85173315171814,119.42381047249805,121.648681640625,720600
118.88677830197345,122.78988582483377,118.5894917757188,122.11859130859375,780000
126.2614572021464,127.34511307776572,121.8788370583616,123.75847625732422,962900
125.21616384891337,125.77236886989226,122.96251651187153,123.3748779296875,470300
122.56934037979569,124.36265915301632,122.1090261568601,123.25981903076172,666300
125.49425432414581,126.22308623214657,120.74722564441866,120.91983795166016,1273800
119.83618309491598,121.52401872063635,117.81270020979251,119.9416732788086,1181100
121.52402649150399,121.52402649150399,118.02368812461586,118.25384521484375,886100
116.91267180075572,119.45991440915964,115.3978342846872,117.78105163574219,1121200
117.61703196983626,118.35997469871705,115.83203338943301,118.0994644165039,693600
117.59773438376206,117.59773438376206,114.71279031980308,114.86717224121094,858700
115.86098764000859,119.08363311403573,115.52328637197215,117.59774017333984,686400
117.32757184882539,118.85206017679026,115.78378946160434,118.15735626220703,1085400
117.71351878101726,119.9809498426469,117.42405636407089,119.8072738647461,819400
121.43789156035878,123.0106186280875,120.97475318974672,122.42205047607422,960300
123.31937437817072,124.25529446242182,121.4089460935631,123.69567108154297,876600
122.73081393570963,123.57025642107041,121.46684325585636,122.58609008789062,694200
122.45099990624702,123.60883476525404,117.79070098027486,119.0353775024414,968400
119.25729536656868,119.48886087207232,115.93816524990092,118.00297546386719,1100800
118.55294382217954,121.12913114091143,117.5494835197669,120.84931945800781,520600
121.88173351429766,122.69222385580292,119.9230589508845,120.14497375488281,778100
120.2704112285931,122.933440413132,120.11602931118912,122.54749298095703,611000
124.34214373904659,125.77979784180728,123.82112313420068,125.16228485107422,595900
124.74738086852027,126.04995441879791,124.0526916607321,125.05614471435547,517600
125.84732805718556,127.66127887005214,124.75704067773914,126.38766479492188,774800
126.39730913296367,126.69641491345251,122.93344747718834,124.19741821289062,1306100
124.7087872417491,125.33594353223349,123.22289442529573,123.44481658935547,542000
123.96583862037427,125.43243739534437,123.15535563526055,124.03338623046875,547900
124.19741682903876,125.97276479340897,122.73081799110783,123.97550201416016,834500
124.12021234351259,124.26493618034564,121.1098313946981,122.3641586303711,781400
122.71151270840721,124.62194836270841,121.69840166484322,124.26493835449219,702100
124.25530005071276,125.24910971515249,123.00098010350469,123.83075714111328,827100
124.29389920733216,125.41313126358483,123.63778344212386,123.7342758178711,804500
122.21943358208098,122.45100645533527,119.0932734064969,120.11602783203125,915300
119.9230550188071,121.61156853346662,118.10911172171052,121.52472686767578,1081400
121.7852494575089,121.7852494575089,119.80727345820246,120.16427612304688,1060100
119.1318713412629,122.34487325088674,117.85824995744827,121.46684265136719,810900
122.5088967146117,124.27460123656827,121.8913837716326,121.97821807861328,947600
121.55367914256823,122.05540563425139,120.7817843046952,120.9747543334961,761400
121.15808446222127,122.4992460761637,120.02919430280238,122.3448715209961,664300
122.15189121946871,126.28151905165207,122.15189121946871,125.9631118774414,1188700
126.97623473217413,128.08582354804173,120.66600964375569,120.88793182373047,2052600
122.47030917379509,124.36144360441506,121.70806497510607,122.53784942626953,797300
121.06159435144947,121.29315985512531,119.23800036716605,119.45991516113281,878800
118.88101033755473,119.87482006435548,118.24420329453116,118.84241485595703,530500
119.27660574217298,120.0677946932746,118.26349461735497,118.95819854736328,434300
118.97748883793497,120.22216544621364,117.90648820665648,118.31173706054688,612900
118.93888300579285,118.93888300579285,117.41440218630174,117.6942138671875,417400
116.69077068349469,116.97058240541193,115.44609400103613,116.44955444335938,852900
116.0732445415993,116.84513200574325,114.65489203254978,116.31446075439453,728900
117.25038276529202,118.63979061669087,116.65217122142268,118.57225036621094,397300
119.81691881744779,120.37654220394052,118.33102604710572,118.56259155273438,588200
120.09674259992178,121.68877125421248,119.73973991508421,120.51163482666016,794400
120.72390715164575,121.14844273082163,118.33103879785729,119.2380142211914,579500
119.51782322869126,120.69495227650812,117.93544530989709,120.09674072265625,451900
119.80726641453843,121.10983248712695,118.81345679886968,119.44062042236328,683700
119.06433850484359,120.36690473917274,117.23109359366323,120.35725402832031,930500
120.84932487792574,122.09400144266336,119.99059573316902,121.53437805175781,1165700
120.78180089318971,121.88174640336065,118.1284221454143,119.52747344970703,1094100
120.28006708694043,121.44755278227211,118.15735979979031,118.79417419433594,936000
117.4240618587152,119.07398740664563,116.04430468119978,117.35652160644531,849700
118.18631328896764,120.69496084854282,117.65564194903327,117.71353149414062,686800
117.39512005701155,118.21525381569843,116.08290309857831,116.13114929199219,900700
117.0574072192301,117.0574072192301,114.95400148148764,116.77759552001953,941200
117.71351729781222,119.633596379447,117.40476082558283,118.65908813476562,722300
119.77832425050227,120.77213388777321,119.45027372847815,119.87480926513672,718900
120.00988975789191,121.57297349577524,119.77832425050227,119.87480926513672,786300
118.18630851772679,120.58882760139286,117.59774029511001,119.81693267822266,1216600
119.60464920455468,120.65635574780717,117.74245969850338,118.23454284667969,821200
116.16973229458365,116.41094851306853,114.57770378031651,116.19867706298828,867700
115.42678935558406,117.2021446612885,115.0118971396859,116.37236022949219,696500
115.55666497438483,115.80914379580507,112.55607949884111,112.76000213623047,815500
112.00255690394238,113.79903185158011,110.25464554516726,113.17755126953125,698200
112.87652537562698,116.28496354217837,112.50752356552397,115.52753448486328,887300
117.30457752698936,119.61570803422924,117.0715167466208,117.88721466064453,732400
118.00374725259506,119.45063859951269,116.92587254229748,117.98432922363281,669600
118.51841001063391,120.30516490567237,117.84837322067789,118.90682983398438,952500
119.4312081684247,121.3636316535738,116.11016970720475,116.61511993408203,1350800
115.84798383394823,117.44052882908332,115.37215695215018,115.72174072265625,961400
116.10045495716246,117.70271266664987,114.32341277148,114.9351806640625,906800
115.74116120442521,116.22669337505053,111.52673811090834,111.97342681884766,2389300
113.06102309553745,114.2845662566762,111.9637230420142,113.13871002197266,1150200
114.28456824966692,114.86720539082533,111.52674158218838,112.83767700195312,911300
114.34284053128339,118.19796763521424,114.34284053128339,115.9548110961914,1454500
116.70250932667008,116.70250932667008,114.29426657281938,115.20706939697266,1208000
114.71183827189671,116.00335573987715,112.6726044537681,113.77961730957031,1045000
114.23602594358385,114.97403702996645,113.37177914068393,113.52715301513672,892900
112.18707640998551,113.53685542309034,111.80836186148179,112.65319061279297,912900
113.30378721240903,114.22629536971571,112.50751475188795,112.90564727783203,1237900
113.29408235194117,113.29408235194117,109.53606784616093,110.26436614990234,1167700
110.70133156442415,112.2938764433621,109.80795417548487,110.31290435791016,1028700
109.2447437994676,109.73998871244251,106.96274396627206,107.25405883789062,1202000
107.00158527745353,108.99226279033438,105.37019683986816,108.6135482788086,1133100
109.9633303750185,110.06043533310941,106.76852761598387,107.37059020996094,1678600
106.66170148718378,107.01128523551532,104.54478837920132,105.79745483398438,1373200
105.42845677025296,105.92370166592808,102.25307958786881,102.5638198852539,2327300
100.65082745542213,101.71899682339215,98.34940213942205,98.50477600097656,2477000
98.07749854891762,100.56342089385039,96.65974549853357,99.94194030761719,1902000
99.79627864490735,100.35949773838968,98.4756379626459,99.68946838378906,1564100
101.27231030974447,102.4958535661553,100.74793462842554,102.02973937988281,1235100
103.23385056371531,104.77784676091173,102.36960386911704,104.12723541259766,1068600
104.17578586456739,104.33115972205357,101.84522986270764,101.9811782836914,1362300
103.14646320362466,105.14685352498753,102.37932142780261,104.43798065185547,1571700
104.69044108499351,106.03051457681012,104.36999549265856,105.41873931884766,1415300
110.81786932459602,113.96411583035976,108.86602785321453,109.12821197509766,2060800
106.08878002021478,110.84699680719586,104.45739161921078,109.18647766113281,2536000
109.53605969261427,109.7205568779579,105.13713204220748,106.04022216796875,1328300
106.08877911705542,108.1668562114174,105.31192468180686,106.69084167480469,1362500
107.73958620143245,110.0992728580362,107.43855862500155,108.92428588867188,1306200
110.84700405914035,112.60462827326697,109.06024168941535,111.4393539428711,1441800
110.05072276883381,111.37137085598695,108.4775958803809,111.19657897949219,992800
111.67241060493312,112.02199439603926,109.00198339481516,109.13793182373047,893800
108.5552963813893,109.15735901097408,107.35117853085357,108.71066284179688,813300
108.42906213404581,109.55549306527787,107.97266064836334,108.8174819946289,1049600
109.40982223439174,110.32262512500631,107.55509311569257,108.06004333496094,1020100
108.85630612847044,112.09966473045145,108.59412202827991,111.79862976074219,1443000
111.69182812271058,111.69182812271058,108.5941376110231,109.14764404296875,884300
110.42943762884923,111.39078924840872,109.12820756431078,109.60403442382812,474100
108.95342056915241,109.41953473176434,106.98216106138588,108.85631561279297,2359900
108.46789253557984,109.92448916269309,107.99207304514024,108.39021301269531,1375800
108.71066206666704,109.29330666278419,107.64249265484192,109.25446319580078,1177000
108.80777468782269,111.1091926949517,108.50673967016985,109.38069915771484,1851200
110.39059416841563,112.87651650131689,109.943905462262,112.64346313476562,2129400
112.40069720221462,113.42031772128183,111.10917985369825,111.58500671386719,1410300
111.14803215153644,112.28417574003323,110.63336919650628,112.0899658203125,1125300
112.47838960200343,113.17755714526467,110.72075802557355,111.88603973388672,1165400
111.30340503159024,111.41022270908368,108.72037015203382,109.33213806152344,1085200
108.76892184175648,109.16705437980923,106.3606789513624,107.82698822021484,1482400
109.26416051945355,109.50692661387956,105.86543519748962,106.08878326416016,1141200
106.25385981867305,108.34164966114726,105.7294841785656,107.72016906738281,1665800
108.43875663870757,109.46808991085582,107.39000533891875,108.87574005126953,1150800
109.56519688582863,110.81787083778235,109.19618767615698,110.29349517822266,1031800
110.08957085633138,111.62384693820704,108.32223399024937,110.98294830322266,3919000
109.73998708865508,111.30340132503146,108.93400187936625,110.98294830322266,2067100
111.49761176022183,112.75999841705206,111.0800537806826,111.63356018066406,2100500
111.14802452175583,111.51702630734844,107.22492366190386,107.33174133300781,1539600
107.60555256026382,107.71311959370952,106.84280993081761,107.62510681152344,626900
108.10426580266233,108.37807006884005,106.42231678402014,106.81346893310547,1174100
107.0677155911417,108.79856149247003,107.0090453777431,108.58342742919922,1902800
108.51497596478615,109.18971325884029,108.08470783981167,108.7985610961914,1876300
107.56643125175067,107.61532806838053,105.3662087943285,106.43209075927734,3795400
107.12638137940647,107.40018562569712,101.64049321709133,102.7552719116211,5097900
103.1757687965071,106.36364134607734,102.39346448190676,105.60089874267578,5606100
107.64466312636533,111.89842505003992,107.26329183076321,110.42182922363281,5611700
111.849539921536,116.12286400265232,111.1650291811318,116.02507781982422,7707700
116.9247065719032,118.3230704299542,115.18408739068026,116.36731719970703,2861900
115.06674794524486,121.364276195633,114.65604152733442,119.74099731445312,6187500
123.47648691675874,124.31746147077455,120.86555793330851,123.19290924072266,8156400
121.84342769479626,122.35192772488045,116.56289235348268,118.8315658569336,5635000
117.98082875217531,118.47954797253888,116.22064765713174,117.28653717041016,5980300
117.02249518802755,117.02249518802755,113.59992696353514,115.11563873291016,4942000
116.1130721805317,117.72657015694377,114.54847102121965,117.67767333984375,4805300
118.37197295258787,119.16405066163614,116.14240789569193,117.42343139648438,4251100
115.7903714836495,116.62156509934998,112.90563104484544,113.43368530273438,7635700
112.7785100676581,113.27722176201759,111.4779323991228,113.24788665771484,7202500
114.30400197378451,114.47023921512361,112.12334120405976,113.75639343261719,10666200
114.90051227180545,115.32099955130954,110.70542033273647,111.26280975341797,9340800
109.23860324190277,111.67351409091121,107.11661263268414,108.48564147949219,11438700
109.52218802710364,113.1794447168959,108.38784749858871,112.47537231445312,11222500
111.04767069270272,112.63183356159406,108.38784499409313,109.8937759399414,19974800
120.2788255714572,130.28249932519236,114.42134664276017,127.27063751220703,30551300
126.68393227892466,130.04783058892576,121.30561030964061,121.48162841796875,30334000
122.19545909706868,126.08741124952998,121.99988676122106,125.43223571777344,15933300
130.08693348825318,136.53113722546635,124.13166809082031,124.13166809082031,16109900
123.7796315517419,125.56914766100292,123.14401021963964,124.24900817871094,8794000
125.04109304770782,125.97008036479926,122.54750454361817,124.43480682373047,7803400
124.79662247220496,125.9407289172605,123.03644149379598,125.11931610107422,5513900
125.305123166252,138.38911854467958,125.29534977062201,132.5707550048828,8140000
132.60007257298014,137.13741938796684,130.7616597951209,133.7441864013672,5212000
133.89087465992708,136.4235717069888,129.96959450303368,131.09414672851562,3069000
131.71021597811654,135.3968153393443,131.133272302407,133.86154174804688,7615500
133.3041582511297,135.5043808153179,131.1821526918886,134.62428283691406,3203600
134.6536326062222,136.29647339206622,133.62685898022167,134.89810180664062,3241000
136.0715402784427,137.20588086022727,135.10345187053207,136.41380310058594,3220600
136.41378583199267,138.2913071152638,135.15233158210572,137.45033264160156,2181600
137.38190754359835,137.38190754359835,133.9104421583983,135.8466339111328,3222800
136.28665380650577,137.02984955484604,133.94952938355593,135.09364318847656,2612800
134.40913559834632,135.89551220731926,131.9057738913684,133.60728454589844,2425100
133.32370917486705,134.01800821531322,130.8399088574075,132.51206970214844,2042500
134.28203202057693,137.88061101830462,134.1744649896006,136.071533203125,2634500
135.78795941691857,136.3551296945422,133.44106130094391,134.11578369140625,2037700
133.82244361716616,133.99845427578478,128.7276990163938,128.81570434570312,2804600
128.60056438599983,129.72513158693255,124.90419897229542,127.9942855834961,2296700
129.24596111069644,131.60264752898232,126.69370233746713,130.7616729736328,2150300
126.83060159195229,131.69064985383514,126.83060159195229,128.32675170898438,3868700
129.61755596644076,131.33861353896572,128.22897288158302,128.4049835205078,2426200
129.74467717688938,133.6268489827822,129.35353245397016,132.29693603515625,2305200
133.87131705291398,135.24035341418883,132.8445584334761,132.86410522460938,1408000
132.9032230261123,133.02056345280573,131.37773779424208,131.8568878173828,2671700
131.57331389510864,133.9300003397838,131.57331389510864,133.7637481689453,5111700
133.0694414754561,134.34068396286122,132.8543074427624,133.65615844726562,1314500
133.99844217632887,135.10344761526488,133.4606070104213,134.80030822753906,1447000
134.565604856232,135.6217134166354,133.36282076850034,134.63404846191406,1706900
134.30156715963867,134.86873737183572,132.26758206386003,134.27223205566406,5036100
132.472965434009,134.61451791874075,132.14049091779717,134.26248168945312,1085900
133.76374219488935,134.94697952270508,132.5511846820882,132.99122619628906,1640200
133.27479526053162,135.68037826207942,133.27479526053162,133.4116973876953,1421300
135.0638624771824,137.5814332316272,133.56906422042164,137.0995635986328,1813500
137.67979108533618,138.61404380937682,135.40807693337314,138.19117736816406,2209100
137.7092931482792,139.72532166838457,137.55194121367734,138.96807861328125,2981900
139.09592354920076,139.80399222158175,136.61768319586722,137.43392944335938,2186500
137.6207668180739,138.85005047908155,136.84385114101076,137.29623413085938,4312900
137.44376589781245,138.11250412792998,136.12597718710987,136.54885864257812,1181200
138.05348413073116,138.28949700194082,136.61767413861807,136.69635009765625,1687000
136.33250525879856,138.66322271098664,136.26365815816348,138.59437561035156,1942800
138.32885697778542,138.32885697778542,135.7916133051086,136.20465087890625,954400
135.33922524568385,136.63735614901856,134.92618768714257,136.08663940429688,874500
136.78485862241965,137.98464076985505,136.12596432930434,137.95513916015625,1108200
138.2304989581615,138.4861995860827,137.18806872222066,138.1616668701172,3669700
137.50276991624372,139.14509120043994,137.50276991624372,138.45668029785156,1124200
138.64354580143694,139.21393530963465,137.85680113475365,138.61404418945312,897400
138.99756431385202,139.69580406502686,138.44684761169398,139.5384521484375,986500
140.65956665836143,140.65956665836143,138.69271260174625,140.4923858642578,2369300
140.45305790051444,140.80707723137448,139.12542538616592,140.5513916015625,1649200
140.6300563699362,140.66938684604304,138.77138000136694,139.46961975097656,893500
139.93182716103067,141.64299561571642,139.7253158855807,141.47581481933594,575700
141.34796470999714,141.6331669558173,139.5187898095058,140.12852478027344,574800
140.68907860165052,142.44942151491665,140.04001311387955,142.14454650878906,802700
142.41989791822527,143.11812264851864,141.9085117032313,142.10519409179688,855600
141.29878424625076,141.42663455822102,139.65646295592396,140.2268524169922,1388600
140.7579189207378,141.69217162005899,139.80399347869974,141.3971405029297,788800
142.55759453463642,143.10831129236928,140.0891829874968,141.74134826660156,1257000
141.46597738899274,141.80033896151687,139.27292441447926,139.81381225585938,1087700
141.0037647298433,142.5379084126453,140.42353140906684,141.7314910888672,969400
140.7579209578329,143.09846717421178,139.54829486068724,143.08863830566406,1057500
143.58034437590686,143.58034437590686,141.92819419140224,142.2723846435547,917100
142.1248836649226,144.10156666385623,141.56432303492142,144.08189392089844,1183400
143.21648580727586,144.6031065405172,143.0984643574956,144.02288818359375,835900
144.5637745394537,144.5637745394537,140.11868012747132,140.34487915039062,1465100
139.30244788678004,139.48930144366545,134.41481381776498,136.3816680908203,2589800
136.09646609947666,138.5943641534088,133.02817856736036,133.04783630371094,1769400
133.86408829994846,137.0208958051104,133.4215491185274,136.35215759277344,886800
137.04057592313188,139.49914373656512,136.95205607735892,138.8697509765625,1098100
138.54521246251835,141.14145936529215,138.2206797239333,140.38421630859375,1433200
140.89558928143327,141.61348678361347,139.59745844974907,139.6663055419922,1929100
138.58453561402106,139.67614022029156,137.51260375005342,139.56796264648438,1792400
139.59746809929953,140.33503839394805,136.8733709427439,137.070068359375,1181400
137.83712339681418,139.64662536348743,137.67977148512844,138.2108154296875,1308400
139.1746105478086,140.1088633128005,138.30918987830518,139.50897216796875,1044900
139.71548813699772,140.54156325722948,138.72221721313977,139.27293395996094,779000
139.01724668488146,139.65646825718684,137.94531481493308,139.3516082763672,984400
140.0006612917187,140.87591067754195,139.4696173409772,140.4727020263672,3640000
139.68596095726116,140.98409176738224,138.62387302922272,139.3220977783203,911100
140.80708433960743,141.22013692494093,138.50586853741197,139.95150756835938,1973400
140.6300613973236,142.25270994954604,139.64663439454512,141.28895568847656,1888600
140.65956799937834,141.77084535385035,139.64663935103692,140.34487915039062,1092600
140.9545986400266,141.06277621404587,139.3516077720788,140.63006591796875,1415000
141.0627837763121,142.11504295645074,139.88267427295884,140.8070831298828,696100
140.88576490699432,142.58710464210586,140.3350481164477,142.4100799560547,994200
142.41991409195685,144.9473138341491,142.26256216087322,144.65228271484375,1137900
145.57670419718343,145.7143833831775,144.62277876354386,145.3013458251953,1493800
146.03890970592394,146.3044391979518,143.2164790138338,145.33084106445312,1835400
145.05548490823506,145.5570272844359,144.1605627219602,145.32101440429688,1303500
145.57670742276974,145.64555452024516,143.9343860227704,144.7899627685547,859000
144.96697910788586,145.7832253266826,144.1015585374208,144.8292999267578,791300
144.80963098447813,145.61604835646241,142.32156178501356,143.39349365234375,1412200
141.39714075440318,143.216486808348,141.22013108735436,142.45924377441406,1842600
143.86553343061905,146.13726247195086,143.24598460653363,145.95040893554688,821000
146.41262738747582,147.2583752702457,145.0849948369501,146.6289825439453,900300
146.58962188747094,147.54354724975576,145.92089875006553,145.98973083496094,927100
146.80035387601723,147.28475104637195,145.57454077699575,146.7212677001953,617900
147.07714876792068,148.27330644318468,146.86956075386018,147.25509643554688,827100
147.4231561695291,147.57143332973754,145.9699796629005,147.0870361328125,1014400
147.2452008294608,148.3128415798335,146.5235602137615,147.057373046875,664500
146.31595795494457,147.84822057076784,145.79202523427824,147.69004821777344,1462700
148.16455767208947,148.44135173355008,147.44290200514683,147.68016052246094,871500
147.74936747395301,148.35238634381506,146.66195145153125,148.27330017089844,955700
147.88776159593053,148.27329725372306,145.57453256503047,146.21710205078125,1060100
145.67340282616527,147.3934932175576,145.09015924690686,147.096923828125,642500
145.26809050488592,146.25664507121266,144.5761053252863,146.10836791992188,1406200
147.75925202909983,147.90752918018336,145.3768319073868,146.00950622558594,1707900
145.3768331326751,147.32428684876277,145.23843609578213,146.8794403076172,2216100
146.90909920703712,146.90909920703712,142.87579464273074,143.78526306152344,1222700
143.25144935638596,143.9533146686507,142.4902580979975,143.05374145507812,2025500
143.1130589695531,144.00275210886804,141.7093131956256,142.35186767578125,1083200
142.39138713772638,143.50845857785376,141.04695238041958,141.7784881591797,1343500
140.94812463926507,141.27434948578878,138.02199622096438,138.5063934326172,2290300
138.6843155576438,142.74727548968656,138.48660765823564,142.14425659179688,1260200
142.7472694914772,143.6172023132937,141.96631804217938,143.3206329345703,656500
143.0636081587214,144.83311407313548,142.45070919688152,144.37838745117188,1298600
145.1988926645925,146.77069073054895,144.10159654447966,146.63229370117188,582700
146.64218208644232,147.4923396246046,146.21711085943403,147.096923828125,692800
146.31595774954252,147.56154617244246,145.554781584599,147.4528045654297,1003600
147.67029450445432,147.72960536840856,145.87111784906133,146.7707061767578,774200
147.64063996352365,148.38205593571917,146.93875953948742,147.42315673828125,720400
147.42315103446833,149.04437996091116,147.04749546282986,148.91586303710938,738000
149.75613131147992,150.2504085769139,147.759246935566,147.87786865234375,1063600
147.34405660241066,148.95539023881489,146.6520714440642,148.3919219970703,981400
147.29463794832827,148.31284799721251,146.0787199928527,146.09848022460938,2313500
146.98818124383098,148.0261665578683,146.0885929660556,146.38516235351562,1045500
146.38515126057487,149.8648673025151,145.49544316561605,149.33103942871094,1697900
149.86487852951402,152.06935099240286,148.80711790145548,151.97048950195312,1632800
152.49442579800137,154.70879351243354,151.95073284019458,154.56051635742188,1269300
155.23271908072303,155.2821498248295,154.09588738700054,154.98558044433594,793500
155.0152425659169,155.0152425659169,153.49287513707642,154.30348205566406,1197800
154.600052359964,155.26238212787933,153.8191008676895,154.9559326171875,555400
154.70880004276697,154.75823079123936,152.9887095512958,153.77955627441406,1085700
153.08756253509716,154.1453080896815,151.5058691768181,153.0579071044922,793300
152.30662199568337,152.79100411978806,149.6869431256228,149.77590942382812,1048000
148.6192919364332,149.61774171608266,147.5615463795931,147.69004821777344,1369000
147.30451301765137,148.28318748534718,146.6817338874321,148.04592895507812,930000
148.44136060018178,148.8268962862552,147.23532279571714,148.52044677734375,1088200
149.19266551086778,150.3295124053733,148.48090495831642,149.5584259033203,1395700
149.14322011571596,150.68536280008874,148.3029577987925,149.93406677246094,818300
149.7462381296168,149.99337676566313,148.58963112301754,149.3013916015625,811400
150.06258395006637,150.67548294513333,148.83677087578712,150.0922393798828,686800
150.20098773565846,150.6062987402296,149.30139943306773,149.46945190429688,480400
149.11357207306762,150.08236644054352,148.05582649603474,149.76602172851562,1122800
149.75614031915825,149.94395302063805,148.34249941123255,148.73793029785156,640800
149.3013920760555,150.23063576400605,148.66871776913206,149.69680786132812,583000
149.35082223768325,150.6260509617368,147.9866121407669,149.18276977539062,1210000
148.3227312168498,149.11357794391043,146.58288048463385,148.35240173339844,926400
148.13491209895113,149.40026077385824,147.1265821884593,149.29151916503906,800500
148.59953363928946,150.52721207853966,148.54020769303514,149.1135711669922,1166100
149.0542481433302,149.34093739899035,145.70304895032572,145.9007568359375,1062800
147.2353114610703,147.29462231833935,144.16090632475124,145.9007568359375,2561600
145.85133629563546,145.950197787429,141.45227142544869,142.10472106933594,1550400
142.20358327394385,143.52824279940043,141.76861684250534,142.65830993652344,814300
142.38150657000563,143.2217839472047,141.2842104474273,141.48191833496094,748700
139.84094190448425,140.40441018897965,133.11876753307612,133.6624755859375,4507400
132.81231764465062,135.61980911172918,131.4481074584148,133.4252166748047,1720500
133.56360278241016,134.16662164740882,129.89605884922577,131.06256103515625,1500300
132.59483131386466,132.96059168339042,129.58961692832284,131.09222412109375,1815500
132.1264778797221,134.1651628234759,132.11653855275907,132.15631103515625,1266900
131.70880681137803,133.5386446076141,130.52537432292286,131.90769958496094,1504000
131.798307610299,133.50881279451644,130.62482961216284,130.86349487304688,1186500
130.57510019160648,133.65797609210185,129.78945325704598,132.1960906982422,2185400
132.27565233515224,134.54306334417493,131.93753310168566,133.33975219726562,1416200
133.91654793243143,135.5375384097718,132.7530093046918,132.9817352294922,1711200
136.75080784572512,142.95636254167508,134.93090937468386,140.3209991455078,4299100
139.8137950402806,141.0767875836717,136.13422587856084,137.23809814453125,2185100
137.2381071667762,138.10329907349467,134.4336689974122,134.72207641601562,1874700
134.1055059752208,136.83036886077352,133.63809960771218,136.7508087158203,1012800
138.00385819406165,138.84915625841558,136.93975835625977,137.48672485351562,805300
137.06904571030532,138.88894414532268,137.06904571030532,137.2778778076172,660000
138.04363355077137,139.96298599480153,137.34750125548038,139.22706604003906,1104200
139.21712174748723,142.76740391412918,139.1574402604085,142.6480712890625,1265200
142.61824208849876,143.6723874379468,140.9674032480765,143.5530548095703,1364800
144.94531089575426,148.29670019234374,144.4281775788488,147.50112915039062,1215000
148.2967039997746,148.37626414092156,146.5563657453664,146.7652130126953,982400
145.711062217065,146.5961478890328,144.35857021753105,144.71658325195312,935800
145.39282345528812,146.8845419213298,144.20939104430119,146.19834899902344,759100
145.99946145756513,145.99946145756513,143.73205052209127,144.9652099609375,668200
144.43813648566376,145.18399574115205,143.8513823386918,145.04476928710938,687500
145.40278592669608,145.55195171165846,144.24918660783445,144.5177001953125,581600
145.27349962888914,145.68123967618305,144.4978071935497,145.5320587158203,1068400
146.20830005362757,147.99836520558557,145.01492834383708,147.2723846435547,959200
147.4414520263672,148.4160523783141,146.07902064345058,147.4414520263672,1549900
147.79945899212916,149.29117744033246,147.3320526643952,147.6602325439453,929100
146.8646512137496,147.9386903530681,145.4425535296855,146.63592529296875,936500
146.6955861949019,147.1629925209198,143.20497050175763,143.28453063964844,900900
143.18508856662535,144.81603359249124,143.03592277978083,143.60276794433594,1286800
144.02046281258595,145.57184769735665,143.74199471895525,144.48785400390625,1801900
144.40830235163702,144.52763497585264,140.49999198857742,141.08673095703125,1102500
141.4845310553549,143.35414124974622,141.2557899605287,142.80718994140625,1201200
143.42376158033176,146.74531777496614,143.1652025049954,146.71548461914062,2133900
145.25359344653944,153.2989245343792,144.36850778535555,152.2746124267578,2856200
152.7122005885735,153.61718016654825,149.99727702919523,150.29562377929688,1401000
150.36522321561088,150.8624627204076,148.07791845863701,149.42047119140625,855200
149.71881867767783,154.1442472575832,149.09229204264727,151.73760986328125,894400
151.53870791487293,151.67793436149572,149.90776303677274,151.51881408691406,1448800
151.87683438117452,153.17959944571092,151.19064144194965,152.10556030273438,970100
151.78732855633874,152.33427984483157,150.04699037592957,151.98622131347656,1151900
151.5983770135476,152.28456993257998,149.122118908897,149.22157287597656,790100
149.53980990897398,150.08677642144292,148.6149516761551,149.20169067382812,1015500
149.62931893144355,151.08124979227696,148.4558258056641,148.45582580566406,626800
148.20720453143878,148.5254450960266,145.8403396495891,146.7652130126953,883600
145.83040334376872,147.202789251533,145.79063085964387,146.65582275390625,557500
143.67238135801284,144.86575311491427,142.8767951285635,143.77183532714844,711200
144.57736056653314,147.11326985393123,143.8016681675216,146.3773651123047,1735500
145.91989239448367,146.108845823312,141.1066179081535,141.38507080078125,1812400
143.20497805322438,145.780675058263,140.69888668842023,140.71878051757812,1181200
140.0823172582413,141.72320159360953,139.09777755229285,139.72430419921875,1712500
139.70440570254135,141.64363671806836,137.84473482797767,139.99281311035156,1269000
141.35524025102663,143.38397067391972,140.87789459408913,142.24032592773438,1281900
143.97073391993558,145.8005716995736,143.39393425959506,144.30885314941406,1110500
144.66685959250722,147.3917374823539,143.2845344062246,147.34201049804688,1204100
147.17295021883785,148.06797523409585,145.7806705373259,146.66575622558594,1155400
147.9386841398629,147.9386841398629,145.21382151013964,146.3077392578125,1050400
145.90996396793656,147.4315156643708,145.13427154130522,145.69117736816406,1925700
145.44256010235776,147.03373264167203,144.10000732390225,144.90554809570312,1960000
144.89558930991575,144.98508877928793,141.72319882721845,144.2093963623047,965600
145.16409746302685,146.76520922271806,144.00055888107164,145.10443115234375,1449500
144.5475329372478,144.5475329372478,141.86242741926887,143.63259887695312,3280500
141.63369691548866,142.27016286651357,138.84915268930018,141.50440979003906,1010900
142.12099300789765,143.5033181669137,140.69888019240275,141.90220642089844,1011000
141.43479919433594,141.8226453825471,140.87789340352444,141.43479919433594,677500
141.6436432394998,142.8469695619728,141.4248718099598,142.3000030517578,627000
143.10000610351562,145.25,142.49000549316406,145.2100067138672,533300
145.0,147.77000427246094,144.61000061035156,147.44000244140625,694800
147.47000122070312,149.6999969482422,147.11000061035156,148.99000549316406,1606500
148.83999633789062,149.92999267578125,148.36000061035156,148.55999755859375,402700
148.52000427246094,151.22999572753906,148.39999389648438,150.64999389648438,810100
150.77999877929688,151.86000061035156,148.88999938964844,149.1199951171875,946900
149.5,151.30999755859375,148.69000244140625,149.67999267578125,1794600
149.86000061035156,150.69000244140625,144.8699951171875,144.9199981689453,1409700
145.02000427246094,145.33999633789062,142.41000366210938,143.82000732421875,682600
144.0,144.0,141.92999267578125,141.97000122070312,1601900
140.9199981689453,141.2899932861328,137.3800048828125,140.58999633789062,2062400
140.99000549316406,146.3300018310547,140.75,146.16000366210938,1030100
147.24000549316406,148.82000732421875,145.16000366210938,146.08999633789062,1023200
147.0800018310547,147.82000732421875,145.63999938964844,145.8800048828125,1108000
144.4499969482422,146.1999969482422,142.89999389648438,145.7899932861328,925900
144.52000427246094,145.0,140.0800018310547,141.22000122070312,1818700
142.36000061035156,142.97999572753906,139.25999450683594,139.3800048828125,1204800
139.38999938964844,145.64999389648438,138.32000732421875,141.0,3723300
141.30999755859375,143.7899932861328,138.72000122070312,139.2899932861328,1253400
136.36000061035156,137.0,130.97999572753906,136.6199951171875,2030300
133.8800048828125,135.3000030517578,131.8800048828125,134.02999877929688,1601200
136.5399932861328,137.32000732421875,131.8800048828125,133.22999572753906,1354900
134.97999572753906,136.00999450683594,130.9499969482422,131.9600067138672,1041700
131.8300018310547,132.1199951171875,128.3699951171875,130.7100067138672,2261500
130.27999877929688,132.2899932861328,129.55999755859375,131.9199981689453,2591700
132.2100067138672,134.77000427246094,132.0800018310547,134.10000610351562,1477100
133.75,134.27999877929688,132.5399932861328,133.39999389648438,2270000
132.32000732421875,132.5800018310547,128.8300018310547,128.99000549316406,886600
127.20999908447266,128.52999877929688,125.38999938964844,127.0999984741211,1898000
127.27999877929688,128.99000549316406,126.5,127.97000122070312,2237600
128.25,129.36000061035156,127.69999694824219,128.9199981689453,1807600
130.32000732421875,134.7899932861328,130.11000061035156,132.60000610351562,2426000
133.2899932861328,143.13999938964844,131.55999755859375,136.39999389648438,3659900
135.6999969482422,139.19000244140625,133.75999450683594,133.83999633789062,1974300
133.52000427246094,133.86000061035156,130.33999633789062,131.61000061035156,1254500
132.9499969482422,135.32000732421875,132.94000244140625,135.25999450683594,1251400
135.25999450683594,137.6999969482422,134.1699981689453,137.47999572753906,1530300
