Open,High,Low,Close,Volume
101.05,101.05,101.05,101.05,0
100.21,100.21,100.04,100.05,0
100.58000183105469,100.95999908447266,100.2300033569336,100.4000015258789,16570
100.42500305175781,100.45999908447266,100.0999984741211,100.29499816894531,3584
100.21499633789062,100.2300033569336,99.86000061035156,99.95999908447266,20420
99.94000244140625,99.95999908447266,99.54499816894531,99.8499984741211,10253
99.84500122070312,99.87000274658203,99.75,99.81500244140625,3699
99.91000366210938,100.16000366210938,99.7300033569336,100.14299774169922,11675
100.08499908447266,100.3499984741211,100.0199966430664,100.08000183105469,6966
100.16000366210938,100.48999786376953,100.13999938964844,100.375,6198
100.3499984741211,100.3499984741211,100.0999984741211,100.26000213623047,5749
100.29000091552734,100.33000183105469,100.1760025024414,100.29000091552734,4624
100.17500305175781,100.22000122070312,99.94999694824219,100.08999633789062,5049
100.04499816894531,100.12999725341797,100.0250015258789,100.11000061035156,3966
100.12999725341797,100.44999694824219,100.12000274658203,100.27999877929688,5297
100.19000244140625,100.2699966430664,100.08000183105469,100.19999694824219,5421
100.08999633789062,100.38999938964844,100.08499908447266,100.38999938964844,6694
100.38999938964844,100.52999877929688,100.18000030517578,100.29499816894531,5778
100.37000274658203,100.5199966430664,100.25,100.4800033569336,7789
100.5,100.55999755859375,100.37000274658203,100.52999877929688,7091
100.51000213623047,100.68000030517578,100.51000213623047,100.62000274658203,4219
100.62000274658203,100.66500091552734,100.55999755859375,100.66000366210938,3873
100.70999908447266,100.91000366210938,100.70999908447266,100.81500244140625,7939
100.9000015258789,100.98999786376953,100.85540008544922,100.85540008544922,9728
100.87750244140625,100.94000244140625,100.72000122070312,100.87999725341797,11598
100.83000183105469,100.87999725341797,100.63999938964844,100.70500183105469,15043
100.70999908447266,100.79000091552734,100.56999969482422,100.58999633789062,17101
100.56999969482422,100.73500061035156,100.36000061035156,100.5,55348
100.55,100.55,100.55,100.55,21573
100.442,100.55,100.442,100.55,0
100.55,100.55,100.55,100.55,0
101.31,101.31,101.31,101.31,0
101.0199966430664,101.0199966430664,100.65010070800781,100.88999938964844,4613
100.78500366210938,100.88999938964844,100.62000274658203,100.88999938964844,2671
100.69000244140625,100.86000061035156,100.52999877929688,100.80999755859375,9854
100.79000091552734,100.80999755859375,100.31999969482422,100.40499877929688,4503
100.47000122070312,100.58000183105469,100.33000183105469,100.58000183105469,9548
100.5999984741211,101.02999877929688,100.5999984741211,100.97000122070312,7096
100.97000122070312,100.98500061035156,100.81999969482422,100.9800033569336,5883
101.0199966430664,101.25,101.0199966430664,101.25,12243
101.26000213623047,101.45999908447266,101.25,101.44999694824219,6437
101.52999877929688,101.52999877929688,101.29000091552734,101.29000091552734,5137
101.37000274658203,101.8499984741211,101.37000274658203,101.66999816894531,14304
101.7249984741211,101.83999633789062,101.64730072021484,101.7300033569336,7934
101.69499969482422,101.75,101.30999755859375,101.38999938964844,11441
101.3949966430664,101.76499938964844,101.3949966430664,101.74500274658203,19082
101.72000122070312,101.81999969482422,101.62000274658203,101.62000274658203,31181
101.6449966430664,101.69000244140625,101.29000091552734,101.29000091552734,9087
101.16999816894531,101.18000030517578,100.95999908447266,100.97000122070312,9273
100.98999786376953,101.2300033569336,100.98999786376953,101.16000366210938,9641
101.01499938964844,101.01499938964844,100.7300033569336,100.75499725341797,11345
100.69499969482422,100.93000030517578,100.57319641113281,100.8499984741211,22490
100.84500122070312,101.08000183105469,100.79000091552734,101.04499816894531,7694
101.05999755859375,101.26000213623047,100.97000122070312,101.26000213623047,11972
101.20500183105469,101.44999694824219,101.16999816894531,101.37000274658203,14003
101.30000305175781,101.30000305175781,101.13999938964844,101.17500305175781,12950
101.17500305175781,101.17500305175781,101.05000305175781,101.11000061035156,23566
101.08000183105469,101.29000091552734,100.69000244140625,100.69999694824219,89496
100.7,100.7,100.7,100.7,0
100.7,100.7,100.7,100.7,0
100.2,100.2,100.2,100.2,0
100.58000183105469,101.2300033569336,100.08000183105469,100.40499877929688,9272
100.62000274658203,100.62000274658203,100.18009948730469,100.50499725341797,5631
100.55000305175781,100.7300033569336,100.42500305175781,100.68000030517578,4424
101.4800033569336,101.5199966430664,101.44999694824219,101.5199966430664,81259
101.44000244140625,101.48500061035156,101.30999755859375,101.36000061035156,7102
101.3499984741211,101.37999725341797,101.21499633789062,101.3499984741211,4554
101.3499984741211,101.40499877929688,101.19999694824219,101.19999694824219,5212
101.16999816894531,101.2699966430664,101.0199966430664,101.11000061035156,8421
101.12999725341797,101.33999633789062,101.08499908447266,101.20999908447266,9407
101.20999908447266,101.22000122070312,100.98500061035156,100.98500061035156,7041
100.9800033569336,101.01000213623047,100.65010070800781,100.65010070800781,11839
100.7300033569336,100.9000015258789,100.70999908447266,100.84500122070312,12060
100.9000015258789,101.02999877929688,100.51000213623047,100.54000091552734,12204
100.49500274658203,100.94000244140625,100.49500274658203,100.63999938964844,16695
100.66500091552734,100.75,100.2699966430664,100.36000061035156,23260
100.34500122070312,100.34500122070312,99.62999725341797,99.66999816894531,64639
99.71,99.71,99.71,99.71,26651
100.6126,100.6126,100.6126,100.6126,0
97.8,97.8,97.75,97.75,0
99.9000015258789,99.9000015258789,99.1500015258789,99.3499984741211,16646
99.16459655761719,99.5199966430664,99.0,99.51000213623047,11913
99.56559753417969,99.56559753417969,98.95999908447266,99.37000274658203,24301
99.23999786376953,99.55000305175781,98.88999938964844,99.48999786376953,16788
99.0999984741211,99.52999877929688,99.08999633789062,99.36000061035156,8285
99.33000183105469,99.62999725341797,99.02999877929688,99.02999877929688,7529
99.125,99.31999969482422,98.93000030517578,99.13999938964844,7476
99.06999969482422,99.37999725341797,99.06999969482422,99.16999816894531,7228
99.20500183105469,99.29499816894531,98.95999908447266,98.95999908447266,8657
98.93000030517578,99.05000305175781,98.7300033569336,98.98500061035156,10433
98.81999969482422,98.93000030517578,98.52999877929688,98.61000061035156,5938
98.62999725341797,98.93000030517578,98.5999984741211,98.72000122070312,7684
98.70169830322266,98.81999969482422,98.5250015258789,98.80999755859375,5092
98.7750015258789,98.7750015258789,98.5,98.61000061035156,4691
98.68000030517578,98.89720153808594,98.51000213623047,98.89720153808594,5414
98.80000305175781,98.86000061035156,98.41999816894531,98.5199966430664,6324
98.55999755859375,98.9000015258789,98.55000305175781,98.73999786376953,6042
98.61000061035156,98.83000183105469,98.47000122070312,98.48500061035156,6247
98.48999786376953,98.80999755859375,98.4800033569336,98.66500091552734,17020
98.66999816894531,98.77999877929688,98.5,98.61499786376953,5971
98.5427017211914,98.66000366210938,98.52999877929688,98.52999877929688,10396
98.52999877929688,98.52999877929688,98.23999786376953,98.23999786376953,10643
98.37000274658203,98.45069885253906,98.07499694824219,98.1500015258789,6635
98.08999633789062,98.25,97.68000030517578,97.70999908447266,9635
97.7750015258789,97.97000122070312,97.62000274658203,97.80999755859375,22961
97.7300033569336,98.06999969482422,97.66999816894531,97.69999694824219,95291
97.69,97.69,97.69,97.69,77474
95.01499938964844,95.01499938964844,95.01499938964844,95.01499938964844,0
95.06999969482422,95.11000061035156,95.06500244140625,95.11000061035156,3035
95.33740234375,95.33740234375,95.05000305175781,95.11000061035156,23480
95.0999984741211,95.20999908447266,94.56999969482422,94.59500122070312,19403
94.5999984741211,94.93000030517578,94.5,94.73999786376953,32221
95.0,95.4800033569336,94.94000244140625,95.4800033569336,1416
95.69999694824219,95.69999694824219,95.69000244140625,95.69000244140625,15113
95.79239654541016,95.79239654541016,94.94999694824219,94.94999694824219,1099
94.69000244140625,95.20999908447266,94.51000213623047,94.51000213623047,48428
94.76000213623047,94.94000244140625,94.52999877929688,94.94000244140625,7617
95.37999725341797,95.37999725341797,95.37999725341797,95.37999725341797,8858
95.30999755859375,95.38999938964844,95.30999755859375,95.38999938964844,8570
95.33999633789062,95.3499984741211,95.16500091552734,95.20999908447266,10730
95.12999725341797,95.31999969482422,94.98999786376953,95.31999969482422,10918
95.25,95.30000305175781,95.04000091552734,95.18000030517578,15899
95.12000274658203,95.12000274658203,94.96900177001953,95.0199966430664,8062
94.94000244140625,95.08999633789062,94.87349700927734,94.87349700927734,8113
94.81999969482422,94.9813003540039,94.80000305175781,94.9813003540039,8269
94.87000274658203,94.8949966430664,94.75,94.75,8138
94.68000030517578,94.7300033569336,94.16999816894531,94.37000274658203,30534
94.41000366210938,94.41000366210938,94.25,94.26000213623047,10339
94.44000244140625,94.5199966430664,94.33000183105469,94.44999694824219,19089
94.5999984741211,94.5999984741211,94.3499984741211,94.3499984741211,21293
94.5,94.69999694824219,94.5,94.69999694824219,18630
94.47000122070312,94.47000122070312,94.31999969482422,94.31999969482422,26895
94.34500122070312,94.34500122070312,94.34500122070312,94.34500122070312,14925
94.29000091552734,94.29000091552734,93.80000305175781,93.80000305175781,307903
93.70999908447266,93.70999908447266,93.2699966430664,93.2699966430664,6942
93.77999877929688,93.94000244140625,93.7699966430664,93.94000244140625,24585
94.04199981689453,94.12000274658203,93.93000030517578,94.12000274658203,43674
94.16,94.16,94.16,94.16,0
94.93000030517578,96.54000091552734,94.93000030517578,96.54000091552734,7346
96.66000366210938,97.19999694824219,96.62999725341797,97.11959838867188,12345
97.25,97.51000213623047,96.73500061035156,97.19499969482422,17578
97.31999969482422,97.36000061035156,96.4800033569336,96.48999786376953,9230
96.62000274658203,97.04000091552734,96.52999877929688,97.0250015258789,5925
97.13999938964844,97.65499877929688,97.08999633789062,97.58499908447266,6816
97.54000091552734,97.54000091552734,97.22000122070312,97.44999694824219,6634
97.3949966430664,97.3949966430664,96.86000061035156,96.87000274658203,6740
96.9800033569336,97.04000091552734,96.77980041503906,96.84500122070312,9103
96.88999938964844,97.20999908447266,96.88999938964844,97.02999877929688,7169
97.01000213623047,97.01000213623047,96.16999816894531,96.19999694824219,15949
96.19000244140625,96.19000244140625,95.55000305175781,95.59500122070312,16350
95.63999938964844,95.6500015258789,95.43000030517578,95.43000030517578,8422
95.43000030517578,95.48500061035156,94.87999725341797,95.06999969482422,27685
95.21499633789062,95.29000091552734,94.76000213623047,95.08989715576172,10167
95.12999725341797,95.12999725341797,94.88999938964844,94.88999938964844,6213
94.94999694824219,95.08000183105469,94.55999755859375,94.7699966430664,12340
94.7249984741211,95.18000030517578,94.7249984741211,95.18000030517578,6770
95.26000213623047,95.5250015258789,95.19999694824219,95.23500061035156,11247
95.22000122070312,95.23999786376953,94.79000091552734,94.80000305175781,9757
94.86000061035156,95.33000183105469,94.86000061035156,95.31999969482422,20497
95.20999908447266,95.34500122070312,94.88999938964844,94.95999908447266,12613
94.94999694824219,94.98999786376953,94.36000061035156,94.43499755859375,18854
94.37000274658203,94.68000030517578,94.12000274658203,94.61000061035156,25925
94.62999725341797,94.76000213623047,94.33999633789062,94.61000061035156,36367
94.68000030517578,94.79499816894531,94.25,94.55000305175781,149790
94.57,94.57,94.57,94.57,0
94.57,94.57,94.57,94.57,0
93.86000061035156,93.94499969482422,93.38999938964844,93.70999908447266,6644
93.8499984741211,93.91999816894531,93.66999816894531,93.66999816894531,4051
93.81999969482422,94.38999938964844,93.81999969482422,94.18000030517578,5673
94.2300033569336,94.2699966430664,93.44999694824219,93.66999816894531,10268
93.7300033569336,94.12840270996094,93.22000122070312,93.22000122070312,7045
93.4000015258789,93.79000091552734,93.4000015258789,93.54000091552734,3939
93.6500015258789,93.67109680175781,93.44000244140625,93.62000274658203,9419
93.69000244140625,94.12000274658203,93.69000244140625,94.12000274658203,8110
94.13999938964844,94.37999725341797,94.13999938964844,94.30999755859375,8416
94.25,94.31999969482422,94.0,94.26499938964844,4084
94.28500366210938,94.52999877929688,94.19999694824219,94.44999694824219,6048
94.48500061035156,94.61000061035156,94.44999694824219,94.61000061035156,3607
94.54000091552734,94.54000091552734,94.25,94.2699966430664,10487
94.26000213623047,94.26000213623047,94.00499725341797,94.23999786376953,3956
94.2770004272461,94.52999877929688,94.16999816894531,94.52999877929688,5644
94.48999786376953,94.48999786376953,94.37000274658203,94.44499969482422,3344
94.55999755859375,94.75,94.55000305175781,94.5999984741211,6463
94.47000122070312,94.87200164794922,94.45999908447266,94.62000274658203,5216
94.66000366210938,94.66000366210938,94.16000366210938,94.16000366210938,5575
94.12999725341797,94.12999725341797,93.66000366210938,93.66000366210938,6342
93.5199966430664,94.04000091552734,93.5199966430664,94.02999877929688,6779
94.11000061035156,94.36499786376953,94.05999755859375,94.36499786376953,4961
94.44000244140625,94.5199966430664,94.13999938964844,94.13999938964844,10491
94.2699966430664,94.30999755859375,93.87999725341797,94.2300033569336,23494
94.16999816894531,94.36000061035156,94.12000274658203,94.31400299072266,39195
94.36000061035156,94.69000244140625,94.30000305175781,94.5199966430664,154031
94.54,94.93,94.529,94.529,0
93.81999969482422,93.81999969482422,93.2300033569336,93.55500030517578,7933
93.58499908447266,93.66000366210938,93.16000366210938,93.4000015258789,8288
93.3949966430664,93.58000183105469,93.12999725341797,93.5,8604
93.66000366210938,93.98999786376953,93.62000274658203,93.83000183105469,6161
93.76499938964844,93.94000244140625,93.47000122070312,93.47000122070312,10554
93.31999969482422,93.55999755859375,93.26000213623047,93.5,6442
93.55999755859375,93.5999984741211,93.4209976196289,93.58999633789062,11131
93.67240142822266,93.67240142822266,93.43000030517578,93.63999938964844,9327
93.62999725341797,93.77999877929688,93.5,93.7300033569336,9900
93.79000091552734,94.0999984741211,93.75,94.06749725341797,6025
94.08000183105469,94.16999816894531,94.03009796142578,94.11000061035156,8856
94.18000030517578,94.30000305175781,94.18000030517578,94.30000305175781,5138
94.37000274658203,94.41999816894531,94.23999786376953,94.38500213623047,7051
94.58999633789062,94.69000244140625,94.5,94.58000183105469,3417
94.55000305175781,94.7300033569336,94.51000213623047,94.7300033569336,8538
94.72000122070312,95.0656967163086,94.70999908447266,94.70999908447266,11722
94.75,94.94999694824219,94.73999786376953,94.73999786376953,5279
94.72000122070312,94.79000091552734,94.61000061035156,94.65499877929688,3770
94.5999984741211,94.69999694824219,94.52999877929688,94.58999633789062,7937
94.62000274658203,94.67500305175781,94.54000091552734,94.56999969482422,4949
94.61000061035156,94.6449966430664,94.55999755859375,94.62000274658203,3277
94.56999969482422,94.58000183105469,94.33999633789062,94.38999938964844,7086
94.36000061035156,94.37999725341797,94.05999755859375,94.05999755859375,6867
94.0999984741211,94.30000305175781,93.98999786376953,94.2300033569336,23365
94.22000122070312,94.48500061035156,94.1500015258789,94.37000274658203,20772
94.37000274658203,94.75,94.3499984741211,94.75,54682
94.7,94.7,94.699,94.7,0
94.7,94.8,93.9877,94.8,0
94.7,94.7,94.7,94.7,0
95.11000061035156,95.11000061035156,94.86000061035156,94.86000061035156,5529
94.7699966430664,94.91000366210938,94.69999694824219,94.87000274658203,11269
94.79499816894531,94.79499816894531,94.2249984741211,94.2249984741211,5253
94.41999816894531,94.62000274658203,94.30000305175781,94.44999694824219,9336
94.51000213623047,94.61000061035156,94.36000061035156,94.61000061035156,6292
94.6500015258789,94.93000030517578,94.6500015258789,94.93000030517578,2730
94.87000274658203,94.9000015258789,94.69000244140625,94.77999877929688,3467
94.73699951171875,94.83999633789062,94.47899627685547,94.51499938964844,3979
94.47000122070312,94.93000030517578,94.47000122070312,94.86000061035156,9302
94.90499877929688,94.93000030517578,94.79000091552734,94.79000091552734,2450
94.8499984741211,94.87999725341797,94.73899841308594,94.87999725341797,3881
94.81999969482422,94.91999816894531,94.76000213623047,94.83499908447266,3267
94.91000366210938,94.91000366210938,94.68810272216797,94.73899841308594,8136
94.69000244140625,94.76000213623047,94.63999938964844,94.75,4074
94.6500015258789,94.69000244140625,94.5999984741211,94.69000244140625,5044
94.69999694824219,94.7699966430664,94.6500015258789,94.7699966430664,2210
94.7249984741211,95.01000213623047,94.7249984741211,94.9000015258789,5140
94.97000122070312,94.97000122070312,94.86000061035156,94.86000061035156,4740
94.87000274658203,95.01499938964844,94.87000274658203,94.96499633789062,13337
95.02999877929688,95.0969009399414,94.75,94.97000122070312,13622
94.9000015258789,94.90499877929688,94.7300033569336,94.8499984741211,17973
94.88150024414062,94.94000244140625,94.80999755859375,94.86000061035156,21883
94.88999938964844,95.16000366210938,94.83999633789062,95.05999755859375,34014
95.0,95.25,94.93000030517578,95.25,7614
95.20999908447266,95.29000091552734,95.08000183105469,95.23999786376953,14198
95.18000030517578,95.33000183105469,95.18000030517578,95.30999755859375,51337
95.34,95.34,95.339,95.34,0
95.30999755859375,95.45999908447266,95.0,95.33499908447266,25465
95.0999984741211,95.4000015258789,94.52999877929688,94.81999969482422,13589
94.69000244140625,94.81990051269531,94.5,94.6050033569336,5767
94.51000213623047,94.68000030517578,94.44999694824219,94.62999725341797,7916
94.69999694824219,95.16000366210938,94.68000030517578,95.0,5650
95.06999969482422,95.20999908447266,94.94000244140625,95.12000274658203,10590
95.12000274658203,95.26499938964844,94.9000015258789,94.99500274658203,12061
94.91000366210938,95.0,94.875,94.875,4130
94.91999816894531,95.1500015258789,94.90499877929688,95.0,10168
95.0,95.0999984741211,94.94999694824219,95.0199966430664,10997
94.94999694824219,95.12000274658203,94.7249984741211,94.87000274658203,9917
94.87000274658203,94.91000366210938,94.77999877929688,94.9000015258789,3458
94.93000030517578,95.09500122070312,94.83999633789062,94.87999725341797,7702
94.91000366210938,94.92500305175781,94.68000030517578,94.7300033569336,7174
94.75,94.93000030517578,94.75,94.9000015258789,9756
94.91500091552734,94.95500183105469,94.7699966430664,94.81500244140625,11189
94.83999633789062,94.91999816894531,94.83999633789062,94.91999816894531,6926
94.91000366210938,94.94999694824219,94.86000061035156,94.91500091552734,7414
94.93000030517578,95.05999755859375,94.8499984741211,94.91999816894531,48871
94.91999816894531,95.66999816894531,94.8499984741211,95.6050033569336,24686
95.5999984741211,95.94000244140625,95.58000183105469,95.94000244140625,14956
95.87000274658203,96.04000091552734,95.87000274658203,95.95500183105469,11491
95.95999908447266,96.25469970703125,95.88999938964844,96.25,18810
96.25,96.25,95.94000244140625,96.0199966430664,14258
96.05000305175781,96.20999908447266,96.0250015258789,96.1500015258789,24575
96.16000366210938,96.31999969482422,96.04499816894531,96.31999969482422,115727
96.31,96.31,96.23,96.23,0
96.11,96.11,95.6,95.6,0
97.0,97.0,97.0,97.0,0
95.32,95.32,94.0,94.0,0
94.0,94.23,93.9,93.9,0
94.0,94.0,93.9,93.9,0
92.38999938964844,93.0199966430664,90.12000274658203,90.44499969482422,45885
90.36000061035156,90.95490264892578,89.5,90.44000244140625,42781
90.1500015258789,90.30999755859375,89.7699966430664,90.18000030517578,22307
90.2300033569336,90.33000183105469,89.29499816894531,89.6050033569336,36179
89.69000244140625,89.69000244140625,88.61000061035156,89.33370208740234,22218
89.2300033569336,89.7300033569336,88.2300033569336,89.25,43493
89.29000091552734,89.29000091552734,88.19999694824219,88.48999786376953,25928
88.3499984741211,88.77210235595703,87.62999725341797,88.34500122070312,30786
88.4291000366211,89.52999877929688,88.4291000366211,89.50499725341797,33461
89.58000183105469,89.94999694824219,89.32499694824219,89.66000366210938,25628
89.66999816894531,89.69000244140625,88.6500015258789,89.2300033569336,37120
89.2300033569336,89.86830139160156,88.88999938964844,89.83000183105469,24063
89.7750015258789,89.97000122070312,89.41000366210938,89.62000274658203,39743
89.72000122070312,90.13999938964844,89.58000183105469,90.13999938964844,22066
89.98999786376953,89.98999786376953,89.30500030517578,89.55000305175781,26329
89.48999786376953,89.63999938964844,88.58999633789062,88.6500015258789,24308
88.6500015258789,88.7699966430664,88.29000091552734,88.7300033569336,24055
88.76499938964844,89.08809661865234,88.62999725341797,88.93000030517578,18209
88.93000030517578,89.0,88.80999755859375,88.94499969482422,18565
88.95999908447266,88.98999786376953,88.08999633789062,88.19999694824219,26318
88.11000061035156,88.2699966430664,88.0,88.24500274658203,26992
88.3949966430664,88.55999755859375,88.18000030517578,88.21499633789062,22219
88.25,88.25,87.55000305175781,87.67250061035156,35236
87.86000061035156,88.12000274658203,87.86000061035156,88.0999984741211,42967
88.0999984741211,88.13999938964844,87.2300033569336,87.2300033569336,61455
87.2300033569336,87.5199966430664,86.80999755859375,86.83000183105469,191366
86.83,86.83,86.83,86.83,0
85.8550033569336,85.97000122070312,85.81999969482422,85.94499969482422,499691
85.98999786376953,86.18000030517578,85.95999908447266,86.01000213623047,22249
86.08999633789062,86.1500015258789,85.98999786376953,86.01499938964844,23344
86.01499938964844,86.19000244140625,85.77860260009766,85.86000061035156,80263
85.8499984741211,85.8499984741211,85.13999938964844,85.30999755859375,119177
85.33,85.33,85.2333,85.2333,66601
85.24,85.24,85.24,85.24,0
85.29000091552734,85.43499755859375,84.80000305175781,84.80000305175781,27841
84.77999877929688,85.4822998046875,84.7750015258789,85.2300033569336,5428
85.29000091552734,85.45999908447266,85.1500015258789,85.2699966430664,6221
85.33000183105469,85.7699966430664,85.19000244140625,85.65499877929688,4051
85.75,85.76000213623047,85.47000122070312,85.72000122070312,9243
85.77999877929688,85.98999786376953,85.73999786376953,85.86000061035156,7007
85.79499816894531,85.8499984741211,85.58999633789062,85.5999984741211,8380
85.54499816894531,85.68419647216797,85.52999877929688,85.56500244140625,6643
85.63999938964844,85.88999938964844,85.52999877929688,85.86499786376953,16710
85.91999816894531,86.0999984741211,85.91000366210938,86.08999633789062,7228
86.12999725341797,86.18000030517578,86.0250015258789,86.11289978027344,10631
86.04679870605469,86.0999984741211,85.96499633789062,86.0999984741211,4394
86.12999725341797,86.5199966430664,86.12999725341797,86.38999938964844,10010
86.41999816894531,86.48999786376953,86.38500213623047,86.47000122070312,5026
86.45999908447266,86.45999908447266,86.19000244140625,86.20999908447266,15210
86.26000213623047,86.29499816894531,86.19999694824219,86.19999694824219,35932
86.19999694824219,86.30999755859375,86.14749908447266,86.16000366210938,22381
86.12999725341797,86.12999725341797,85.9574966430664,85.9574966430664,8809
85.98999786376953,86.0,85.93000030517578,85.93000030517578,13343
85.87999725341797,85.87999725341797,85.63400268554688,85.79000091552734,7225
85.81999969482422,85.81999969482422,85.58000183105469,85.625,13295
85.66000366210938,85.97000122070312,85.62999725341797,85.94999694824219,14591
85.94999694824219,86.22000122070312,85.86000061035156,86.19000244140625,33866
86.20999908447266,86.63500213623047,86.16999816894531,86.58000183105469,26332
86.58000183105469,86.58000183105469,86.36000061035156,86.36499786376953,28346
86.3499984741211,86.5199966430664,86.2699966430664,86.29000091552734,87435
86.3,86.3,86.3,86.3,0
87.51,87.51,87.51,87.51,0
86.3,86.3,86.3,86.3,0
86.69,87.63,86.69,87.63,0
87.63,87.63,86.98,86.98,0
87.5,87.5,86.98,86.98,0
87.5,87.5,87.5,87.5,0
87.62999725341797,89.28500366210938,87.62999725341797,88.94010162353516,55733
89.1500015258789,89.44999694824219,88.73999786376953,88.73999786376953,29487
88.77999877929688,88.83000183105469,88.54000091552734,88.62999725341797,15125
88.66000366210938,88.7300033569336,88.54000091552734,88.65499877929688,17706
88.60919952392578,88.75,88.48500061035156,88.55000305175781,13179
88.55500030517578,88.68000030517578,88.48999786376953,88.55999755859375,11677
88.62000274658203,88.62000274658203,88.0199966430664,88.0199966430664,10466
87.95999908447266,88.13999938964844,87.73999786376953,88.01499938964844,16209
88.01000213623047,88.16999816894531,87.88999938964844,88.12989807128906,11959
88.08499908447266,88.08499908447266,87.9800033569336,88.04499816894531,8981
88.07499694824219,88.19000244140625,87.9000015258789,87.9000015258789,9592
87.95999908447266,88.01499938964844,87.87000274658203,88.0,11153
87.95500183105469,88.1500015258789,87.94999694824219,88.1500015258789,9080
88.19000244140625,88.20999908447266,88.0,88.09429931640625,11418
88.05000305175781,88.08000183105469,87.83000183105469,87.87000274658203,8927
87.91999816894531,88.04000091552734,87.76000213623047,87.76000213623047,10428
87.7300033569336,87.91000366210938,87.5999984741211,87.66000366210938,14160
87.54000091552734,87.85859680175781,87.54000091552734,87.76499938964844,10816
87.7300033569336,87.79000091552734,87.56999969482422,87.7300033569336,18955
87.80999755859375,87.88500213623047,87.63500213623047,87.65499877929688,11745
87.65499877929688,87.68000030517578,87.41999816894531,87.44499969482422,12616
87.41999816894531,87.41999816894531,87.11000061035156,87.11000061035156,22268
87.08999633789062,87.20500183105469,86.98999786376953,87.08000183105469,17384
87.1500015258789,87.1500015258789,86.87000274658203,86.8949966430664,16732
86.86000061035156,86.87999725341797,86.47000122070312,86.62999725341797,47402
86.6500015258789,87.0199966430664,86.51000213623047,87.01000213623047,121680
87.01,88.691,87.01,88.691,0
87.85,87.85,87.85,87.85,0
87.39,87.39,87.39,87.39,0
86.88,86.88,86.88,86.88,0
85.91999816894531,86.65499877929688,85.91999816894531,86.375,7946
86.69000244140625,87.31999969482422,86.5801010131836,87.31999969482422,8615
87.26000213623047,87.38500213623047,87.16999816894531,87.23999786376953,6736
87.30000305175781,87.36000061035156,87.0999984741211,87.16500091552734,3870
87.16000366210938,87.31500244140625,87.12999725341797,87.2300033569336,11148
87.22000122070312,87.30000305175781,87.13999938964844,87.16000366210938,14612
87.12999725341797,87.46499633789062,87.11000061035156,87.31999969482422,5279
87.31999969482422,87.66999816894531,87.2699966430664,87.63500213623047,7731
87.59709930419922,88.06999969482422,87.59709930419922,87.86000061035156,23347
87.8499984741211,88.04000091552734,87.68000030517578,87.68499755859375,15715
87.68000030517578,87.79000091552734,87.53500366210938,87.79000091552734,8584
87.7699966430664,87.7699966430664,87.62000274658203,87.6500015258789,9171
87.66000366210938,87.79000091552734,87.62999725341797,87.72000122070312,7968
87.72000122070312,87.72000122070312,86.94000244140625,87.01000213623047,12190
87.07499694824219,87.07499694824219,86.625,86.625,12434
86.6050033569336,86.7300033569336,86.37000274658203,86.56999969482422,21396
86.54000091552734,86.61000061035156,86.30000305175781,86.52999877929688,6884
86.4749984741211,86.4749984741211,86.33000183105469,86.37000274658203,3144
86.44000244140625,86.58000183105469,86.1500015258789,86.16000366210938,7733
86.05999755859375,86.23989868164062,85.9800033569336,86.20320129394531,7844
86.16000366210938,86.22000122070312,86.04000091552734,86.05999755859375,6449
86.05999755859375,86.16999816894531,85.69999694824219,85.73999786376953,25501
85.81999969482422,85.99500274658203,85.81999969482422,85.91000366210938,8503
85.98999786376953,85.98999786376953,85.66000366210938,85.66999816894531,15940
85.69000244140625,85.69000244140625,85.44000244140625,85.55999755859375,30723
85.54000091552734,85.79000091552734,85.31999969482422,85.48100280761719,119650
85.5,85.52,85.49,85.49,0
85.55,85.55,85.55,85.55,0
85.5,85.5,85.5,85.5,0
86.0,86.18,86.0,86.18,0
86.18,86.18,86.18,86.18,0
86.2,86.2,86.2,86.2,0
86.0,86.0,86.0,86.0,0
86.0,86.0,85.9,85.9,0
86.69999694824219,86.7699966430664,86.22000122070312,86.7699966430664,19054
86.62999725341797,86.65499877929688,86.19999694824219,86.19999694824219,6332
86.4000015258789,86.55500030517578,86.29000091552734,86.37000274658203,6317
86.42500305175781,86.87000274658203,86.41999816894531,86.87000274658203,7609
86.82830047607422,86.87999725341797,86.55000305175781,86.80000305175781,9213
86.80999755859375,87.25,86.77999877929688,87.08000183105469,15566
87.20999908447266,87.33499908447266,87.06999969482422,87.18990325927734,5957
87.13999938964844,87.33499908447266,87.05000305175781,87.08000183105469,9797
87.08000183105469,87.08000183105469,86.99500274658203,87.01000213623047,20895
87.03500366210938,87.37999725341797,87.01000213623047,87.37999725341797,6315
87.2699966430664,87.33000183105469,87.19000244140625,87.3125,5179
87.30999755859375,87.30999755859375,87.19000244140625,87.25,4374
87.3499984741211,87.4000015258789,87.19000244140625,87.22000122070312,4463
87.1500015258789,87.2699966430664,87.13999938964844,87.22000122070312,5406
87.2750015258789,87.33499908447266,87.16000366210938,87.16000366210938,4377
87.12999725341797,87.2750015258789,87.08000183105469,87.08000183105469,3989
87.0199966430664,87.12999725341797,86.7300033569336,86.76499938964844,28577
86.66699981689453,86.66699981689453,86.36000061035156,86.37000274658203,25590
86.34750366210938,86.93000030517578,86.13999938964844,86.93000030517578,28528
86.94999694824219,87.04000091552734,86.66999816894531,86.75,11730
86.7300033569336,87.05000305175781,86.7300033569336,86.84500122070312,25103
86.68499755859375,86.80999755859375,86.33170318603516,86.80999755859375,13733
86.80999755859375,86.98999786376953,86.54000091552734,86.875,20044
86.918701171875,87.08999633789062,86.80000305175781,86.98999786376953,25657
87.0199966430664,87.12999725341797,86.75,87.03500366210938,26661
87.01000213623047,87.2699966430664,86.93000030517578,87.0,74262
87.02,87.02,87.0,87.0,0
87.15,87.15,87.15,87.15,0
87.0,87.0,87.0,87.0,0
88.0,88.0,87.45,87.45,0
86.9800033569336,87.41999816894531,86.87000274658203,86.87000274658203,10330
86.62000274658203,86.93000030517578,86.61000061035156,86.76499938964844,2487
86.68000030517578,86.70999908447266,86.24849700927734,86.31999969482422,8103
86.22000122070312,86.56999969482422,86.01000213623047,86.2750015258789,8748
86.19000244140625,86.44999694824219,86.13999938964844,86.34249877929688,16686
86.23500061035156,86.44000244140625,86.18000030517578,86.26000213623047,26375
86.33000183105469,86.37999725341797,86.08000183105469,86.13500213623047,12502
86.13500213623047,86.29000091552734,85.91999816894531,86.0999984741211,11516
86.05999755859375,86.05999755859375,85.95500183105469,86.01000213623047,4359
86.0199966430664,86.30000305175781,86.0199966430664,86.2699966430664,7064
86.23999786376953,86.27999877929688,86.12999725341797,86.12999725341797,11857
86.16000366210938,86.45999908447266,86.16000366210938,86.44999694824219,5143
86.47850036621094,86.5999984741211,86.36000061035156,86.58000183105469,6603
86.52999877929688,86.68000030517578,86.45069885253906,86.62999725341797,7788
86.62000274658203,86.80000305175781,86.58499908447266,86.68000030517578,5016
86.63999938964844,86.75,86.55999755859375,86.72000122070312,35634
86.66000366210938,86.81999969482422,86.54499816894531,86.7300033569336,15346
86.69999694824219,86.79000091552734,86.16999816894531,86.38999938964844,11270
86.22000122070312,86.37999725341797,86.11000061035156,86.23999786376953,7598
86.21749877929688,86.54000091552734,86.12000274658203,86.54000091552734,11837
86.41999816894531,86.62999725341797,86.33000183105469,86.51000213623047,9258
86.4800033569336,86.66999816894531,86.30999755859375,86.55000305175781,12351
86.51000213623047,86.63999938964844,86.37000274658203,86.63999938964844,14226
86.57510375976562,86.62999725341797,86.41000366210938,86.42500305175781,10340
86.37000274658203,86.94000244140625,86.37000274658203,86.94000244140625,21584
86.9000015258789,87.04000091552734,86.54000091552734,86.6500015258789,65736
86.72,86.72,86.65,86.65,54026
88.0,88.0,88.0,88.0,0
86.0,86.0,86.0,86.0,0
86.0,86.0,86.0,86.0,0
88.0,88.0,88.0,88.0,0
88.0,88.0,87.96,87.96,0
87.91999816894531,88.37999725341797,87.5199966430664,88.37999725341797,12837
88.4000015258789,88.4000015258789,87.93000030517578,87.94000244140625,4196
87.94000244140625,88.16999816894531,87.94000244140625,88.08000183105469,4522
87.86000061035156,88.0199966430664,87.80000305175781,87.95999908447266,5419
87.99500274658203,88.1500015258789,87.97000122070312,88.08170318603516,6364
88.02999877929688,88.05000305175781,87.625,87.79000091552734,11806
87.87999725341797,87.87999725341797,87.61000061035156,87.77200317382812,2717
87.7500991821289,88.05000305175781,87.70999908447266,88.05000305175781,5364
88.01000213623047,88.1500015258789,87.83999633789062,87.91000366210938,8087
87.93000030517578,87.93000030517578,87.54000091552734,87.8949966430664,16476
87.94999694824219,87.97000122070312,87.75,87.91000366210938,6777
87.91999816894531,88.02999877929688,87.9000015258789,87.94999694824219,5957
87.95369720458984,87.95369720458984,87.77999877929688,87.77999877929688,11632
87.66999816894531,87.8499984741211,87.66999816894531,87.77999877929688,9200
87.87000274658203,87.88999938964844,87.7300033569336,87.73999786376953,11858
87.76000213623047,87.8550033569336,87.67500305175781,87.7699966430664,24995
87.7300033569336,87.7300033569336,87.52999877929688,87.55999755859375,3070
87.47000122070312,87.58999633789062,87.41999816894531,87.58999633789062,11859
87.66999816894531,87.87999725341797,87.58999633789062,87.76499938964844,17934
87.87999725341797,88.1050033569336,87.83999633789062,88.0,34791
88.1500015258789,88.3550033569336,88.06999969482422,88.26499938964844,12974
88.2699966430664,88.45999908447266,88.1500015258789,88.45999908447266,9083
88.38999938964844,88.66000366210938,88.38500213623047,88.44000244140625,13727
88.5199966430664,88.72000122070312,88.5199966430664,88.62999725341797,6505
88.6500015258789,88.77999877929688,88.55999755859375,88.69000244140625,14980
88.7300033569336,88.91999816894531,88.58999633789062,88.66000366210938,57072
88.66,88.66,88.66,88.66,0
