Datetime,Open,High,Low,Close,Volume
2022-02-14 04:03:00-05:00,5.05,5.05,5.04,5.04,0
2022-02-14 05:09:00-05:00,5.0,5.0,5.0,5.0,0
2022-02-14 05:13:00-05:00,5.04,5.04,5.0,5.0,0
2022-02-14 07:03:00-05:00,5.08,5.08,5.08,5.08,0
2022-02-14 07:07:00-05:00,5.04,5.04,5.04,5.04,0
2022-02-14 07:16:00-05:00,4.9,4.9,4.9,4.9,0
2022-02-14 07:17:00-05:00,4.92,4.92,4.92,4.92,0
2022-02-14 07:20:00-05:00,4.92,4.92,4.92,4.92,0
2022-02-14 07:23:00-05:00,4.92,4.92,4.92,4.92,0
2022-02-14 07:28:00-05:00,4.92,4.92,4.92,4.92,0
2022-02-14 08:00:00-05:00,4.92,5.05,4.91,5.05,0
2022-02-14 08:06:00-05:00,5.06,5.06,5.06,5.06,0
2022-02-14 08:11:00-05:00,5.06,5.06,5.04,5.04,0
2022-02-14 08:12:00-05:00,5.04,5.04,5.03,5.03,0
2022-02-14 08:13:00-05:00,5.03,5.03,5.03,5.03,0
2022-02-14 08:14:00-05:00,5.03,5.03,5.02,5.02,0
2022-02-14 08:18:00-05:00,5.03,5.03,5.03,5.03,0
2022-02-14 08:20:00-05:00,5.04,5.04,5.04,5.04,0
2022-02-14 08:21:00-05:00,5.03,5.03,5.03,5.03,0
2022-02-14 08:27:00-05:00,5.03,5.03,5.02,5.02,0
2022-02-14 08:28:00-05:00,5.02,5.02,5.02,5.02,0
2022-02-14 08:29:00-05:00,5.03,5.03,5.03,5.03,0
2022-02-14 08:30:00-05:00,5.04,5.04,5.04,5.04,0
2022-02-14 08:32:00-05:00,5.05,5.05,5.04,5.05,0
2022-02-14 08:33:00-05:00,5.03,5.03,5.03,5.03,0
2022-02-14 08:34:00-05:00,5.03,5.03,5.03,5.03,0
2022-02-14 08:35:00-05:00,5.03,5.03,5.02,5.02,0
2022-02-14 08:39:00-05:00,5.04,5.04,5.04,5.04,0
2022-02-14 08:40:00-05:00,5.04,5.04,5.04,5.04,0
2022-02-14 08:43:00-05:00,5.04,5.04,5.04,5.04,0
2022-02-14 08:44:00-05:00,5.04,5.04,5.04,5.04,0
2022-02-14 08:47:00-05:00,5.04,5.04,5.04,5.04,0
2022-02-14 08:48:00-05:00,5.04,5.04,5.04,5.04,0
2022-02-14 08:55:00-05:00,5.03,5.03,5.03,5.03,0
2022-02-14 08:56:00-05:00,5.03,5.03,5.03,5.03,0
2022-02-14 08:57:00-05:00,5.03,5.03,5.03,5.03,0
2022-02-14 08:58:00-05:00,5.03,5.03,5.03,5.03,0
2022-02-14 08:59:00-05:00,5.02,5.02,5.02,5.02,0
2022-02-14 09:00:00-05:00,5.03,5.03,5.03,5.03,0
2022-02-14 09:02:00-05:00,5.02,5.03,5.02,5.03,0
2022-02-14 09:03:00-05:00,5.02,5.02,5.02,5.02,0
2022-02-14 09:04:00-05:00,5.03,5.03,5.02,5.02,0
2022-02-14 09:07:00-05:00,5.02,5.02,5.02,5.02,0
2022-02-14 09:08:00-05:00,5.01,5.01,5.01,5.01,0
2022-02-14 09:30:00-05:00,5.010000228881836,5.019999980926514,5.0,5.0,488766
2022-02-14 09:31:00-05:00,5.010000228881836,5.010000228881836,4.989999771118164,5.0,408730
2022-02-14 09:32:00-05:00,5.0,5.010000228881836,5.0,5.010000228881836,34333
2022-02-14 09:33:00-05:00,5.008999824523926,5.019999980926514,5.008999824523926,5.010000228881836,99271
2022-02-14 09:34:00-05:00,5.010000228881836,5.034999847412109,5.010000228881836,5.03000020980835,310363
2022-02-14 09:35:00-05:00,5.034999847412109,5.034999847412109,5.019999980926514,5.03000020980835,371247
2022-02-14 09:36:00-05:00,5.03000020980835,5.039999961853027,5.025000095367432,5.025000095367432,414135
2022-02-14 09:37:00-05:00,5.03000020980835,5.03000020980835,5.020100116729736,5.03000020980835,21167
2022-02-14 09:38:00-05:00,5.03000020980835,5.03000020980835,5.019999980926514,5.025000095367432,98701
2022-02-14 09:39:00-05:00,5.025000095367432,5.03000020980835,5.019999980926514,5.03000020980835,74419
2022-02-14 09:40:00-05:00,5.03000020980835,5.03000020980835,5.025000095367432,5.03000020980835,43665
2022-02-14 09:41:00-05:00,5.03000020980835,5.039999961853027,5.025000095367432,5.03000020980835,367002
2022-02-14 09:42:00-05:00,5.03000020980835,5.0370001792907715,5.03000020980835,5.03000020980835,62059
2022-02-14 09:43:00-05:00,5.03000020980835,5.039899826049805,5.03000020980835,5.03000020980835,256032
2022-02-14 09:44:00-05:00,5.03000020980835,5.031199932098389,5.019999980926514,5.020100116729736,102918
2022-02-14 09:45:00-05:00,5.019999980926514,5.03000020980835,5.019999980926514,5.03000020980835,45928
2022-02-14 09:46:00-05:00,5.019999980926514,5.019999980926514,5.010000228881836,5.019999980926514,248961
2022-02-14 09:47:00-05:00,5.019999980926514,5.019999980926514,5.014999866485596,5.019800186157227,48282
2022-02-14 09:48:00-05:00,5.019999980926514,5.019999980926514,5.014999866485596,5.019999980926514,58406
2022-02-14 09:49:00-05:00,5.019999980926514,5.03000020980835,5.019800186157227,5.03000020980835,101536
2022-02-14 09:50:00-05:00,5.03000020980835,5.03000020980835,5.025000095367432,5.03000020980835,11143
2022-02-14 09:51:00-05:00,5.03000020980835,5.039999961853027,5.03000020980835,5.034999847412109,127084
2022-02-14 09:52:00-05:00,5.03000020980835,5.039999961853027,5.03000020980835,5.034999847412109,491486
2022-02-14 09:53:00-05:00,5.039999961853027,5.039999961853027,5.0329999923706055,5.039999961853027,232344
2022-02-14 09:54:00-05:00,5.039999961853027,5.049900054931641,5.039999961853027,5.045000076293945,104366
2022-02-14 09:55:00-05:00,5.045000076293945,5.050000190734863,5.039999961853027,5.050000190734863,1850
2022-02-14 09:56:00-05:00,5.050000190734863,5.054999828338623,5.039999961853027,5.050000190734863,725712
2022-02-14 09:57:00-05:00,5.050000190734863,5.050000190734863,5.034999847412109,5.039999961853027,465218
2022-02-14 09:58:00-05:00,5.039999961853027,5.046299934387207,5.039999961853027,5.045000076293945,12722
2022-02-14 09:59:00-05:00,5.039999961853027,5.039999961853027,5.039999961853027,5.039999961853027,21655
2022-02-14 10:00:00-05:00,5.039999961853027,5.039999961853027,5.03000020980835,5.03000020980835,140795
2022-02-14 10:01:00-05:00,5.03000020980835,5.035799980163574,5.03000020980835,5.03000020980835,59905
2022-02-14 10:02:00-05:00,5.03000020980835,5.03000020980835,5.019999980926514,5.025000095367432,220122
2022-02-14 10:03:00-05:00,5.019999980926514,5.03000020980835,5.019999980926514,5.025000095367432,192441
2022-02-14 10:04:00-05:00,5.025000095367432,5.03000020980835,5.023099899291992,5.03000020980835,28467
2022-02-14 10:05:00-05:00,5.03000020980835,5.03000020980835,5.019999980926514,5.03000020980835,47851
2022-02-14 10:06:00-05:00,5.03000020980835,5.03000020980835,5.02269983291626,5.029300212860107,57489
2022-02-14 10:07:00-05:00,5.03000020980835,5.039999961853027,5.0295000076293945,5.034999847412109,140405
2022-02-14 10:08:00-05:00,5.039999961853027,5.039999961853027,5.032800197601318,5.039999961853027,17427
2022-02-14 10:09:00-05:00,5.039999961853027,5.039999961853027,5.033899784088135,5.039999961853027,90318
2022-02-14 10:10:00-05:00,5.039999961853027,5.050000190734863,5.0345001220703125,5.045000076293945,178085
2022-02-14 10:11:00-05:00,5.045000076293945,5.050000190734863,5.040200233459473,5.050000190734863,13667
2022-02-14 10:12:00-05:00,5.043099880218506,5.050000190734863,5.039999961853027,5.050000190734863,34644
2022-02-14 10:13:00-05:00,5.039999961853027,5.050000190734863,5.03000020980835,5.03000020980835,193300
2022-02-14 10:14:00-05:00,5.034999847412109,5.034999847412109,5.03000020980835,5.03000020980835,119145
2022-02-14 10:15:00-05:00,5.03000020980835,5.039899826049805,5.014999866485596,5.019999980926514,347342
2022-02-14 10:16:00-05:00,5.014999866485596,5.019999980926514,5.010000228881836,5.014999866485596,54300
2022-02-14 10:17:00-05:00,5.014999866485596,5.019999980926514,5.012800216674805,5.013500213623047,30149
2022-02-14 10:18:00-05:00,5.019999980926514,5.026000022888184,5.01140022277832,5.020100116729736,185293
2022-02-14 10:19:00-05:00,5.025300025939941,5.03000020980835,5.019999980926514,5.019999980926514,31513
2022-02-14 10:20:00-05:00,5.019999980926514,5.025000095367432,5.014999866485596,5.017099857330322,178910
2022-02-14 10:21:00-05:00,5.014999866485596,5.014999866485596,5.005000114440918,5.005000114440918,151279
2022-02-14 10:22:00-05:00,5.005000114440918,5.010000228881836,5.003300189971924,5.010000228881836,27313
2022-02-14 10:23:00-05:00,5.010000228881836,5.019999980926514,5.000199794769287,5.019999980926514,132579
2022-02-14 10:24:00-05:00,5.014999866485596,5.019999980926514,5.014999866485596,5.019999980926514,6283
2022-02-14 10:25:00-05:00,5.019999980926514,5.019999980926514,5.0100998878479,5.019999980926514,35653
2022-02-14 10:26:00-05:00,5.019999980926514,5.019999980926514,5.010200023651123,5.019999980926514,80180
2022-02-14 10:27:00-05:00,5.019999980926514,5.019999980926514,5.010000228881836,5.019999980926514,27885
2022-02-14 10:28:00-05:00,5.019999980926514,5.019999980926514,5.014999866485596,5.019999980926514,5400
2022-02-14 10:29:00-05:00,5.019999980926514,5.019999980926514,5.013000011444092,5.019999980926514,53921
2022-02-14 10:30:00-05:00,5.019999980926514,5.025000095367432,5.010000228881836,5.014999866485596,608797
2022-02-14 10:31:00-05:00,5.010200023651123,5.013199806213379,5.0,5.010000228881836,201805
2022-02-14 10:32:00-05:00,5.010000228881836,5.010000228881836,5.0,5.005000114440918,61027
2022-02-14 10:33:00-05:00,5.010000228881836,5.010000228881836,5.000199794769287,5.010000228881836,68828
2022-02-14 10:34:00-05:00,5.009300231933594,5.019999980926514,5.007500171661377,5.019999980926514,184104
2022-02-14 10:35:00-05:00,5.014999866485596,5.019999980926514,5.014999866485596,5.01669979095459,82512
2022-02-14 10:36:00-05:00,5.014999866485596,5.019999980926514,5.014999866485596,5.019999980926514,171552
2022-02-14 10:37:00-05:00,5.019999980926514,5.019999980926514,5.01669979095459,5.019999980926514,49006
2022-02-14 10:38:00-05:00,5.019999980926514,5.019999980926514,5.010000228881836,5.019999980926514,77978
2022-02-14 10:39:00-05:00,5.019999980926514,5.026599884033203,5.01669979095459,5.019999980926514,530537
2022-02-14 10:40:00-05:00,5.025000095367432,5.03000020980835,5.019999980926514,5.019999980926514,148983
2022-02-14 10:41:00-05:00,5.019999980926514,5.025000095367432,5.019999980926514,5.019999980926514,40925
2022-02-14 10:42:00-05:00,5.019999980926514,5.025000095367432,5.014999866485596,5.014999866485596,81599
2022-02-14 10:43:00-05:00,5.019999980926514,5.019999980926514,5.014999866485596,5.014999866485596,31326
2022-02-14 10:44:00-05:00,5.019999980926514,5.019999980926514,5.014999866485596,5.019999980926514,34471
2022-02-14 10:45:00-05:00,5.019999980926514,5.019999980926514,5.010000228881836,5.014999866485596,78377
2022-02-14 10:46:00-05:00,5.019999980926514,5.019999980926514,5.019999980926514,5.019999980926514,19538
2022-02-14 10:47:00-05:00,5.019999980926514,5.019999980926514,5.010000228881836,5.019999980926514,18816
2022-02-14 10:48:00-05:00,5.019999980926514,5.019999980926514,5.010000228881836,5.019999980926514,109010
2022-02-14 10:49:00-05:00,5.014999866485596,5.019999980926514,5.010000228881836,5.014999866485596,53002
2022-02-14 10:50:00-05:00,5.019999980926514,5.019999980926514,5.010000228881836,5.019999980926514,40951
2022-02-14 10:51:00-05:00,5.019999980926514,5.019999980926514,5.010000228881836,5.019999980926514,142592
2022-02-14 10:52:00-05:00,5.014999866485596,5.019999980926514,5.014999866485596,5.014999866485596,17504
2022-02-14 10:53:00-05:00,5.019999980926514,5.019999980926514,5.010000228881836,5.019999980926514,84987
2022-02-14 10:54:00-05:00,5.019999980926514,5.019999980926514,5.014999866485596,5.019999980926514,6428
2022-02-14 10:55:00-05:00,5.019999980926514,5.019999980926514,5.014999866485596,5.019999980926514,80689
2022-02-14 10:56:00-05:00,5.019999980926514,5.019999980926514,5.014999866485596,5.019999980926514,14429
2022-02-14 10:57:00-05:00,5.019999980926514,5.019999980926514,5.0,5.010000228881836,430787
2022-02-14 10:58:00-05:00,5.010000228881836,5.010000228881836,5.005000114440918,5.008600234985352,41085
2022-02-14 10:59:00-05:00,5.010000228881836,5.018499851226807,5.005000114440918,5.010000228881836,360242
2022-02-14 11:00:00-05:00,5.014999866485596,5.014999866485596,5.010000228881836,5.014999866485596,62361
2022-02-14 11:01:00-05:00,5.014999866485596,5.019999980926514,5.010000228881836,5.014999866485596,48285
2022-02-14 11:02:00-05:00,5.019999980926514,5.019999980926514,5.014999866485596,5.014999866485596,7503
2022-02-14 11:03:00-05:00,5.019999980926514,5.019999980926514,5.014999866485596,5.014999866485596,3221
2022-02-14 11:04:00-05:00,5.019999980926514,5.03000020980835,5.014999866485596,5.03000020980835,161003
2022-02-14 11:05:00-05:00,5.019999980926514,5.03000020980835,5.019999980926514,5.03000020980835,71102
2022-02-14 11:06:00-05:00,5.019999980926514,5.019999980926514,5.010000228881836,5.019999980926514,202836
2022-02-14 11:07:00-05:00,5.014999866485596,5.014999866485596,5.014999866485596,5.014999866485596,502
2022-02-14 11:08:00-05:00,5.014999866485596,5.014999866485596,5.010000228881836,5.014999866485596,4515
2022-02-14 11:09:00-05:00,5.014999866485596,5.019999980926514,5.014999866485596,5.014999866485596,616
2022-02-14 11:10:00-05:00,5.019999980926514,5.019999980926514,5.014999866485596,5.019999980926514,7969
2022-02-14 11:11:00-05:00,5.014999866485596,5.019999980926514,5.014999866485596,5.014999866485596,723
2022-02-14 11:12:00-05:00,5.014999866485596,5.019999980926514,5.010000228881836,5.014999866485596,30539
2022-02-14 11:13:00-05:00,5.014999866485596,5.03000020980835,5.014999866485596,5.027100086212158,329504
2022-02-14 11:14:00-05:00,5.0295000076293945,5.03000020980835,5.025000095367432,5.03000020980835,10916
2022-02-14 11:15:00-05:00,5.03000020980835,5.0391998291015625,5.026700019836426,5.0391998291015625,154462
2022-02-14 11:16:00-05:00,5.034999847412109,5.039999961853027,5.030099868774414,5.039999961853027,38606
2022-02-14 11:17:00-05:00,5.039999961853027,5.039999961853027,5.039999961853027,5.039999961853027,3165
2022-02-14 11:18:00-05:00,5.039999961853027,5.039999961853027,5.03000020980835,5.039999961853027,30113
2022-02-14 11:19:00-05:00,5.039999961853027,5.039999961853027,5.034999847412109,5.039999961853027,162700
2022-02-14 11:20:00-05:00,5.039999961853027,5.039999961853027,5.03000020980835,5.039999961853027,38531
2022-02-14 11:21:00-05:00,5.034999847412109,5.039999961853027,5.03000020980835,5.03000020980835,299845
2022-02-14 11:22:00-05:00,5.030300140380859,5.034999847412109,5.019999980926514,5.019999980926514,121099
2022-02-14 11:23:00-05:00,5.025000095367432,5.03000020980835,5.020999908447266,5.03000020980835,47497
2022-02-14 11:24:00-05:00,5.0289998054504395,5.0289998054504395,5.0208001136779785,5.0208001136779785,556
2022-02-14 11:25:00-05:00,5.025000095367432,5.039999961853027,5.025000095367432,5.039999961853027,588914
2022-02-14 11:27:00-05:00,5.034999847412109,5.039999961853027,5.03000020980835,5.034999847412109,83893
2022-02-14 11:28:00-05:00,5.034999847412109,5.039899826049805,5.034999847412109,5.039899826049805,16002
2022-02-14 11:29:00-05:00,5.034999847412109,5.034999847412109,5.03000020980835,5.034999847412109,21282
2022-02-14 11:30:00-05:00,5.034999847412109,5.039999961853027,5.03000020980835,5.034999847412109,27616
2022-02-14 11:31:00-05:00,5.034999847412109,5.039999961853027,5.034999847412109,5.039999961853027,12804
2022-02-14 11:32:00-05:00,5.039999961853027,5.039999961853027,5.034999847412109,5.039999961853027,8358
2022-02-14 11:33:00-05:00,5.034999847412109,5.034999847412109,5.025000095367432,5.03000020980835,515712
2022-02-14 11:34:00-05:00,5.034999847412109,5.039999961853027,5.03000020980835,5.039999961853027,307611
2022-02-14 11:35:00-05:00,5.039999961853027,5.050000190734863,5.0366997718811035,5.039999961853027,261628
2022-02-14 11:36:00-05:00,5.039999961853027,5.045000076293945,5.03000020980835,5.034999847412109,279167
2022-02-14 11:37:00-05:00,5.034999847412109,5.039999961853027,5.03000020980835,5.0395002365112305,24771
2022-02-14 11:38:00-05:00,5.034999847412109,5.034999847412109,5.03000020980835,5.0304999351501465,81581
2022-02-14 11:39:00-05:00,5.034999847412109,5.034999847412109,5.019999980926514,5.025000095367432,345431
2022-02-14 11:40:00-05:00,5.019999980926514,5.025000095367432,5.019999980926514,5.019999980926514,11352
2022-02-14 11:41:00-05:00,5.019999980926514,5.025000095367432,5.019999980926514,5.025000095367432,16357
2022-02-14 11:42:00-05:00,5.025000095367432,5.034999847412109,5.019999980926514,5.034999847412109,216005
2022-02-14 11:43:00-05:00,5.034999847412109,5.034999847412109,5.03000020980835,5.03000020980835,258747
2022-02-14 11:44:00-05:00,5.034999847412109,5.034999847412109,5.03000020980835,5.03000020980835,26989
2022-02-14 11:45:00-05:00,5.034999847412109,5.034999847412109,5.03000020980835,5.034999847412109,21722
2022-02-14 11:46:00-05:00,5.03000020980835,5.034999847412109,5.03000020980835,5.030099868774414,30202
2022-02-14 11:47:00-05:00,5.03000020980835,5.034999847412109,5.03000020980835,5.034999847412109,5313
2022-02-14 11:48:00-05:00,5.034999847412109,5.034999847412109,5.03000020980835,5.034999847412109,21803
2022-02-14 11:49:00-05:00,5.034999847412109,5.034999847412109,5.03000020980835,5.034999847412109,10938
2022-02-14 11:50:00-05:00,5.034999847412109,5.039999961853027,5.034999847412109,5.039999961853027,101045
2022-02-14 11:51:00-05:00,5.034999847412109,5.039999961853027,5.034999847412109,5.039999961853027,65102
2022-02-14 11:52:00-05:00,5.039999961853027,5.039999961853027,5.03000020980835,5.03000020980835,154941
2022-02-14 11:53:00-05:00,5.03000020980835,5.034999847412109,5.03000020980835,5.034999847412109,16900
2022-02-14 11:54:00-05:00,5.03000020980835,5.034999847412109,5.03000020980835,5.034999847412109,8378
2022-02-14 11:55:00-05:00,5.03000020980835,5.034999847412109,5.03000020980835,5.034999847412109,6799
2022-02-14 11:56:00-05:00,5.034999847412109,5.034999847412109,5.03000020980835,5.03000020980835,25700
2022-02-14 11:57:00-05:00,5.034999847412109,5.034999847412109,5.03000020980835,5.034999847412109,1667
2022-02-14 11:58:00-05:00,5.034999847412109,5.039999961853027,5.034999847412109,5.039999961853027,11503
2022-02-14 11:59:00-05:00,5.034999847412109,5.039999961853027,5.034999847412109,5.039999961853027,1621
2022-02-14 12:00:00-05:00,5.034999847412109,5.034999847412109,5.03000020980835,5.03000020980835,27185
2022-02-14 12:01:00-05:00,5.034999847412109,5.039999961853027,5.03000020980835,5.039999961853027,10710
2022-02-14 12:02:00-05:00,5.034999847412109,5.039999961853027,5.034999847412109,5.039999961853027,3073
2022-02-14 12:03:00-05:00,5.039999961853027,5.039999961853027,5.03000020980835,5.03000020980835,8264
2022-02-14 12:04:00-05:00,5.03000020980835,5.039999961853027,5.03000020980835,5.034999847412109,32767
2022-02-14 12:05:00-05:00,5.03000020980835,5.036399841308594,5.019999980926514,5.030099868774414,856921
2022-02-14 12:06:00-05:00,5.03000020980835,5.035099983215332,5.03000020980835,5.034999847412109,51324
2022-02-14 12:07:00-05:00,5.03000020980835,5.034999847412109,5.03000020980835,5.034999847412109,30434
2022-02-14 12:08:00-05:00,5.034999847412109,5.034999847412109,5.03000020980835,5.031700134277344,57092
2022-02-14 12:09:00-05:00,5.034999847412109,5.034999847412109,5.03000020980835,5.03000020980835,4203
2022-02-14 12:10:00-05:00,5.039999961853027,5.039999961853027,5.03000020980835,5.034999847412109,88278
2022-02-14 12:11:00-05:00,5.039999961853027,5.039999961853027,5.03000020980835,5.03000020980835,22608
2022-02-14 12:12:00-05:00,5.03000020980835,5.035699844360352,5.03000020980835,5.034999847412109,35372
2022-02-14 12:13:00-05:00,5.034999847412109,5.034999847412109,5.03000020980835,5.034999847412109,29630
2022-02-14 12:14:00-05:00,5.034999847412109,5.034999847412109,5.03000020980835,5.034999847412109,40504
2022-02-14 12:15:00-05:00,5.03000020980835,5.039999961853027,5.03000020980835,5.034999847412109,41699
2022-02-14 12:16:00-05:00,5.034999847412109,5.039999961853027,5.03000020980835,5.037199974060059,15605
2022-02-14 12:17:00-05:00,5.034999847412109,5.039999961853027,5.034999847412109,5.039999961853027,15456
2022-02-14 12:18:00-05:00,5.039999961853027,5.039999961853027,5.034999847412109,5.039999961853027,940
2022-02-14 12:19:00-05:00,5.039999961853027,5.039999961853027,5.03249979019165,5.03249979019165,3184
2022-02-14 12:20:00-05:00,5.039999961853027,5.039999961853027,5.03000020980835,5.039999961853027,29357
2022-02-14 12:21:00-05:00,5.039999961853027,5.039999961853027,5.034999847412109,5.034999847412109,1710
2022-02-14 12:22:00-05:00,5.039999961853027,5.039999961853027,5.034999847412109,5.036600112915039,66826
2022-02-14 12:23:00-05:00,5.039999961853027,5.039999961853027,5.033199787139893,5.039999961853027,97674
2022-02-14 12:24:00-05:00,5.039999961853027,5.04580020904541,5.0366997718811035,5.039999961853027,282074
2022-02-14 12:25:00-05:00,5.039999961853027,5.045000076293945,5.039999961853027,5.039999961853027,28661
2022-02-14 12:26:00-05:00,5.039999961853027,5.050000190734863,5.039999961853027,5.039999961853027,53339
2022-02-14 12:27:00-05:00,5.039999961853027,5.045000076293945,5.039999961853027,5.045000076293945,93738
2022-02-14 12:28:00-05:00,5.039999961853027,5.045000076293945,5.039999961853027,5.045000076293945,15682
2022-02-14 12:29:00-05:00,5.045000076293945,5.050000190734863,5.045000076293945,5.050000190734863,33893
2022-02-14 12:30:00-05:00,5.045000076293945,5.059999942779541,5.045000076293945,5.054999828338623,326744
2022-02-14 12:31:00-05:00,5.054999828338623,5.059999942779541,5.054999828338623,5.059999942779541,10850
2022-02-14 12:32:00-05:00,5.059999942779541,5.059999942779541,5.054999828338623,5.059999942779541,91529
2022-02-14 12:33:00-05:00,5.050000190734863,5.059999942779541,5.050000190734863,5.059999942779541,17850
2022-02-14 12:34:00-05:00,5.059999942779541,5.059999942779541,5.050000190734863,5.054999828338623,44243
2022-02-14 12:35:00-05:00,5.055300235748291,5.059999942779541,5.05019998550415,5.059999942779541,14416
2022-02-14 12:36:00-05:00,5.050000190734863,5.059999942779541,5.050000190734863,5.054999828338623,66517
2022-02-14 12:37:00-05:00,5.050000190734863,5.059999942779541,5.050000190734863,5.050000190734863,38308
2022-02-14 12:38:00-05:00,5.056000232696533,5.059999942779541,5.050000190734863,5.054999828338623,43399
2022-02-14 12:39:00-05:00,5.059999942779541,5.059999942779541,5.050000190734863,5.055099964141846,46789
2022-02-14 12:40:00-05:00,5.054999828338623,5.059999942779541,5.050000190734863,5.050000190734863,21375
2022-02-14 12:41:00-05:00,5.059999942779541,5.059999942779541,5.050000190734863,5.059999942779541,73758
2022-02-14 12:42:00-05:00,5.059999942779541,5.059999942779541,5.054999828338623,5.054999828338623,4628
2022-02-14 12:43:00-05:00,5.054999828338623,5.059999942779541,5.054999828338623,5.0594000816345215,35770
2022-02-14 12:44:00-05:00,5.059899806976318,5.069900035858154,5.054999828338623,5.054999828338623,603410
2022-02-14 12:45:00-05:00,5.054999828338623,5.059999942779541,5.050000190734863,5.059999942779541,7208
2022-02-14 12:46:00-05:00,5.050099849700928,5.050099849700928,5.050000190734863,5.050000190734863,7780
2022-02-14 12:47:00-05:00,5.054500102996826,5.059999942779541,5.054500102996826,5.059999942779541,813
2022-02-14 12:48:00-05:00,5.054999828338623,5.057700157165527,5.054999828338623,5.054999828338623,13148
2022-02-14 12:49:00-05:00,5.054999828338623,5.059999942779541,5.054999828338623,5.059999942779541,1939
2022-02-14 12:50:00-05:00,5.054999828338623,5.054999828338623,5.054999828338623,5.054999828338623,211
2022-02-14 12:51:00-05:00,5.052499771118164,5.054999828338623,5.052499771118164,5.054999828338623,4601
2022-02-14 12:52:00-05:00,5.052499771118164,5.059999942779541,5.052499771118164,5.054999828338623,738
2022-02-14 12:53:00-05:00,5.054999828338623,5.054999828338623,5.054999828338623,5.054999828338623,335
2022-02-14 12:54:00-05:00,5.054999828338623,5.059999942779541,5.054999828338623,5.054999828338623,40792
2022-02-14 12:55:00-05:00,5.058499813079834,5.059999942779541,5.050600051879883,5.054999828338623,96800
2022-02-14 12:56:00-05:00,5.059999942779541,5.070000171661377,5.050000190734863,5.065000057220459,188298
2022-02-14 12:57:00-05:00,5.065100193023682,5.070000171661377,5.059999942779541,5.065000057220459,66995
2022-02-14 12:58:00-05:00,5.065000057220459,5.070000171661377,5.059999942779541,5.070000171661377,7800
2022-02-14 12:59:00-05:00,5.070000171661377,5.070000171661377,5.065000057220459,5.065000057220459,19745
2022-02-14 13:00:00-05:00,5.065000057220459,5.070000171661377,5.060100078582764,5.060100078582764,34738
2022-02-14 13:01:00-05:00,5.070000171661377,5.070000171661377,5.065000057220459,5.065000057220459,1242
2022-02-14 13:02:00-05:00,5.065000057220459,5.070000171661377,5.059999942779541,5.065000057220459,121576
2022-02-14 13:03:00-05:00,5.065000057220459,5.070000171661377,5.059999942779541,5.065000057220459,3026
2022-02-14 13:04:00-05:00,5.065000057220459,5.070000171661377,5.065000057220459,5.065000057220459,15358
2022-02-14 13:05:00-05:00,5.065000057220459,5.070000171661377,5.065000057220459,5.070000171661377,66121
2022-02-14 13:06:00-05:00,5.070000171661377,5.070000171661377,5.065000057220459,5.065000057220459,6134
2022-02-14 13:07:00-05:00,5.070000171661377,5.070000171661377,5.060100078582764,5.070000171661377,3651
2022-02-14 13:08:00-05:00,5.068699836730957,5.070000171661377,5.068699836730957,5.070000171661377,9173
2022-02-14 13:09:00-05:00,5.065000057220459,5.070000171661377,5.065000057220459,5.065000057220459,6556
2022-02-14 13:10:00-05:00,5.070000171661377,5.070000171661377,5.065000057220459,5.070000171661377,1290
2022-02-14 13:11:00-05:00,5.070000171661377,5.070000171661377,5.064000129699707,5.070000171661377,19688
2022-02-14 13:12:00-05:00,5.065000057220459,5.070000171661377,5.059999942779541,5.065000057220459,172337
2022-02-14 13:13:00-05:00,5.065000057220459,5.065000057220459,5.059999942779541,5.065000057220459,41157
2022-02-14 13:14:00-05:00,5.065000057220459,5.070000171661377,5.059999942779541,5.059999942779541,82000
2022-02-14 13:15:00-05:00,5.059999942779541,5.074999809265137,5.059999942779541,5.074999809265137,556452
2022-02-14 13:16:00-05:00,5.070000171661377,5.079999923706055,5.070000171661377,5.079999923706055,18996
2022-02-14 13:17:00-05:00,5.079999923706055,5.079999923706055,5.074999809265137,5.074999809265137,340122
2022-02-14 13:18:00-05:00,5.079999923706055,5.090000152587891,5.074999809265137,5.085000038146973,491233
2022-02-14 13:19:00-05:00,5.079999923706055,5.090000152587891,5.079999923706055,5.090000152587891,22355
2022-02-14 13:20:00-05:00,5.090000152587891,5.090000152587891,5.070000171661377,5.074999809265137,555731
2022-02-14 13:21:00-05:00,5.079999923706055,5.079999923706055,5.074999809265137,5.079899787902832,24073
2022-02-14 13:22:00-05:00,5.079999923706055,5.079999923706055,5.070000171661377,5.070000171661377,55502
2022-02-14 13:23:00-05:00,5.070000171661377,5.074999809265137,5.061600208282471,5.065000057220459,273974
2022-02-14 13:24:00-05:00,5.065000057220459,5.070000171661377,5.064899921417236,5.070000171661377,59513
2022-02-14 13:25:00-05:00,5.064499855041504,5.066500186920166,5.060299873352051,5.065000057220459,4874
2022-02-14 13:26:00-05:00,5.065000057220459,5.065000057220459,5.065000057220459,5.065000057220459,170
2022-02-14 13:27:00-05:00,5.065000057220459,5.070000171661377,5.065000057220459,5.070000171661377,813
2022-02-14 13:28:00-05:00,5.070000171661377,5.070000171661377,5.065000057220459,5.070000171661377,503
2022-02-14 13:29:00-05:00,5.070000171661377,5.070000171661377,5.065000057220459,5.070000171661377,1913
2022-02-14 13:30:00-05:00,5.070000171661377,5.070000171661377,5.065000057220459,5.070000171661377,19172
2022-02-14 13:31:00-05:00,5.065000057220459,5.065000057220459,5.065000057220459,5.065000057220459,15791
2022-02-14 13:32:00-05:00,5.065000057220459,5.070000171661377,5.065000057220459,5.065000057220459,1742
2022-02-14 13:33:00-05:00,5.070000171661377,5.070000171661377,5.060200214385986,5.065000057220459,31399
2022-02-14 13:34:00-05:00,5.065000057220459,5.070000171661377,5.059999942779541,5.059999942779541,65658
2022-02-14 13:35:00-05:00,5.059999942779541,5.063899993896484,5.050000190734863,5.054999828338623,295111
2022-02-14 13:36:00-05:00,5.054999828338623,5.054999828338623,5.050000190734863,5.05019998550415,45128
2022-02-14 13:37:00-05:00,5.054999828338623,5.058899879455566,5.0447998046875,5.045000076293945,585364
2022-02-14 13:38:00-05:00,5.045000076293945,5.059800148010254,5.04010009765625,5.059800148010254,541527
2022-02-14 13:39:00-05:00,5.059999942779541,5.059999942779541,5.050000190734863,5.050000190734863,180812
2022-02-14 13:40:00-05:00,5.054999828338623,5.059999942779541,5.050000190734863,5.050000190734863,33540
2022-02-14 13:41:00-05:00,5.050000190734863,5.059999942779541,5.050000190734863,5.050000190734863,38948
2022-02-14 13:42:00-05:00,5.054999828338623,5.059999942779541,5.050000190734863,5.059899806976318,458029
2022-02-14 13:43:00-05:00,5.059999942779541,5.059999942779541,5.054999828338623,5.054999828338623,51976
2022-02-14 13:44:00-05:00,5.059999942779541,5.059999942779541,5.050000190734863,5.059999942779541,17278
2022-02-14 13:45:00-05:00,5.050000190734863,5.054999828338623,5.050000190734863,5.054999828338623,65277
2022-02-14 13:46:00-05:00,5.054999828338623,5.054999828338623,5.054999828338623,5.054999828338623,22277
2022-02-14 13:47:00-05:00,5.054999828338623,5.059999942779541,5.054999828338623,5.059999942779541,98103
2022-02-14 13:48:00-05:00,5.059999942779541,5.059999942779541,5.050000190734863,5.050000190734863,47948
2022-02-14 13:49:00-05:00,5.053599834442139,5.059999942779541,5.045000076293945,5.045000076293945,441951
2022-02-14 13:50:00-05:00,5.045899868011475,5.050000190734863,5.039999961853027,5.039999961853027,44410
2022-02-14 13:51:00-05:00,5.039999961853027,5.045000076293945,5.0329999923706055,5.045000076293945,462060
2022-02-14 13:52:00-05:00,5.050000190734863,5.050000190734863,5.039999961853027,5.045000076293945,25708
2022-02-14 13:53:00-05:00,5.045000076293945,5.045000076293945,5.039999961853027,5.039999961853027,19073
2022-02-14 13:54:00-05:00,5.039999961853027,5.045000076293945,5.0289998054504395,5.03000020980835,372340
2022-02-14 13:55:00-05:00,5.03000020980835,5.03000020980835,5.025000095367432,5.025000095367432,41082
2022-02-14 13:56:00-05:00,5.03000020980835,5.03000020980835,5.019999980926514,5.025000095367432,200339
2022-02-14 13:57:00-05:00,5.025000095367432,5.035200119018555,5.025000095367432,5.034999847412109,343200
2022-02-14 13:58:00-05:00,5.03000020980835,5.034999847412109,5.03000020980835,5.03000020980835,278257
2022-02-14 13:59:00-05:00,5.03000020980835,5.034999847412109,5.025000095367432,5.025000095367432,164981
2022-02-14 14:00:00-05:00,5.025000095367432,5.03000020980835,5.025000095367432,5.029900074005127,253405
2022-02-14 14:01:00-05:00,5.03000020980835,5.03000020980835,5.025000095367432,5.03000020980835,117200
2022-02-14 14:02:00-05:00,5.03000020980835,5.03000020980835,5.020100116729736,5.03000020980835,17952
2022-02-14 14:03:00-05:00,5.03000020980835,5.03000020980835,5.019999980926514,5.025000095367432,149224
2022-02-14 14:04:00-05:00,5.024199962615967,5.03000020980835,5.019999980926514,5.019999980926514,171713
2022-02-14 14:05:00-05:00,5.019999980926514,5.025000095367432,5.019999980926514,5.019999980926514,100525
2022-02-14 14:06:00-05:00,5.019999980926514,5.019999980926514,5.010900020599365,5.014999866485596,262782
2022-02-14 14:07:00-05:00,5.014999866485596,5.019999980926514,5.010000228881836,5.019999980926514,101794
2022-02-14 14:08:00-05:00,5.019999980926514,5.019999980926514,5.014999866485596,5.019999980926514,21571
2022-02-14 14:09:00-05:00,5.019999980926514,5.03000020980835,5.019999980926514,5.019999980926514,717417
2022-02-14 14:10:00-05:00,5.019999980926514,5.025000095367432,5.014999866485596,5.019999980926514,205445
2022-02-14 14:11:00-05:00,5.019899845123291,5.019999980926514,5.014999866485596,5.014999866485596,106390
2022-02-14 14:12:00-05:00,5.019999980926514,5.03000020980835,5.013000011444092,5.025700092315674,146932
2022-02-14 14:13:00-05:00,5.025000095367432,5.025000095367432,5.019999980926514,5.025000095367432,154941
2022-02-14 14:14:00-05:00,5.025000095367432,5.025000095367432,5.019999980926514,5.019999980926514,202745
2022-02-14 14:15:00-05:00,5.019999980926514,5.025000095367432,5.019999980926514,5.019999980926514,122479
2022-02-14 14:16:00-05:00,5.020199775695801,5.03000020980835,5.019999980926514,5.025000095367432,87064
2022-02-14 14:17:00-05:00,5.025000095367432,5.03000020980835,5.019999980926514,5.025000095367432,16501
2022-02-14 14:18:00-05:00,5.019999980926514,5.025000095367432,5.019999980926514,5.019999980926514,13494
2022-02-14 14:19:00-05:00,5.025000095367432,5.03000020980835,5.019999980926514,5.019999980926514,18425
2022-02-14 14:20:00-05:00,5.025000095367432,5.03000020980835,5.025000095367432,5.03000020980835,102787
2022-02-14 14:21:00-05:00,5.029099941253662,5.03000020980835,5.025000095367432,5.03000020980835,41603
2022-02-14 14:22:00-05:00,5.019999980926514,5.03000020980835,5.019999980926514,5.03000020980835,46885
2022-02-14 14:23:00-05:00,5.03000020980835,5.03000020980835,5.025000095367432,5.03000020980835,29171
2022-02-14 14:24:00-05:00,5.03000020980835,5.03000020980835,5.025000095367432,5.03000020980835,22800
2022-02-14 14:25:00-05:00,5.03000020980835,5.03000020980835,5.03000020980835,5.03000020980835,11801
2022-02-14 14:26:00-05:00,5.03000020980835,5.03000020980835,5.019999980926514,5.03000020980835,197499
2022-02-14 14:27:00-05:00,5.025000095367432,5.03000020980835,5.010200023651123,5.016900062561035,855729
2022-02-14 14:28:00-05:00,5.014999866485596,5.039999961853027,5.014999866485596,5.039999961853027,304947
2022-02-14 14:29:00-05:00,5.039999961853027,5.050000190734863,5.03000020980835,5.034999847412109,409525
2022-02-14 14:30:00-05:00,5.03000020980835,5.034999847412109,5.019999980926514,5.027900218963623,165183
2022-02-14 14:31:00-05:00,5.025000095367432,5.03000020980835,5.025000095367432,5.025000095367432,22426
2022-02-14 14:32:00-05:00,5.025000095367432,5.039000034332275,5.025000095367432,5.039000034332275,194703
2022-02-14 14:33:00-05:00,5.030099868774414,5.036600112915039,5.019999980926514,5.03000020980835,632820
2022-02-14 14:34:00-05:00,5.03000020980835,5.039999961853027,5.03000020980835,5.039999961853027,138595
2022-02-14 14:35:00-05:00,5.037199974060059,5.039999961853027,5.034999847412109,5.034999847412109,5002
2022-02-14 14:36:00-05:00,5.034999847412109,5.034999847412109,5.03000020980835,5.034999847412109,21690
2022-02-14 14:37:00-05:00,5.03000020980835,5.039999961853027,5.03000020980835,5.030300140380859,31272
2022-02-14 14:38:00-05:00,5.034999847412109,5.039999961853027,5.034999847412109,5.034999847412109,4301
2022-02-14 14:39:00-05:00,5.039999961853027,5.039999961853027,5.03000020980835,5.039999961853027,27701
2022-02-14 14:40:00-05:00,5.039999961853027,5.039999961853027,5.034999847412109,5.039999961853027,32907
2022-02-14 14:41:00-05:00,5.039999961853027,5.039999961853027,5.03000020980835,5.03000020980835,16150
2022-02-14 14:42:00-05:00,5.034999847412109,5.039999961853027,5.03000020980835,5.034999847412109,27347
2022-02-14 14:43:00-05:00,5.03000020980835,5.034999847412109,5.025000095367432,5.029399871826172,352680
2022-02-14 14:44:00-05:00,5.0295000076293945,5.039999961853027,5.0229997634887695,5.039999961853027,136658
2022-02-14 14:45:00-05:00,5.034999847412109,5.035399913787842,5.030099868774414,5.035399913787842,1859
2022-02-14 14:46:00-05:00,5.039999961853027,5.039999961853027,5.034999847412109,5.0391998291015625,169570
2022-02-14 14:47:00-05:00,5.039999961853027,5.039999961853027,5.034999847412109,5.034999847412109,26626
2022-02-14 14:48:00-05:00,5.039999961853027,5.039999961853027,5.03000020980835,5.034999847412109,157304
2022-02-14 14:49:00-05:00,5.03000020980835,5.034999847412109,5.03000020980835,5.03000020980835,90000
2022-02-14 14:50:00-05:00,5.034999847412109,5.039999961853027,5.030099868774414,5.039999961853027,46265
2022-02-14 14:51:00-05:00,5.039999961853027,5.039999961853027,5.034999847412109,5.039999961853027,101378
2022-02-14 14:52:00-05:00,5.039999961853027,5.039999961853027,5.030099868774414,5.039999961853027,80624
2022-02-14 14:53:00-05:00,5.039999961853027,5.039999961853027,5.034999847412109,5.039999961853027,18198
2022-02-14 14:54:00-05:00,5.039999961853027,5.050000190734863,5.034999847412109,5.039999961853027,301743
2022-02-14 14:55:00-05:00,5.039999961853027,5.050000190734863,5.034999847412109,5.034999847412109,211198
2022-02-14 14:56:00-05:00,5.034999847412109,5.039999961853027,5.03000020980835,5.030399799346924,69920
2022-02-14 14:57:00-05:00,5.03000020980835,5.034999847412109,5.03000020980835,5.030200004577637,113622
2022-02-14 14:58:00-05:00,5.03000020980835,5.039999961853027,5.03000020980835,5.034999847412109,20504
2022-02-14 14:59:00-05:00,5.034999847412109,5.039999961853027,5.034999847412109,5.039999961853027,8121
2022-02-14 15:00:00-05:00,5.034999847412109,5.039999961853027,5.03000020980835,5.039999961853027,66384
2022-02-14 15:01:00-05:00,5.034999847412109,5.039999961853027,5.034999847412109,5.034999847412109,4204
2022-02-14 15:02:00-05:00,5.039999961853027,5.039999961853027,5.03000020980835,5.03000020980835,48466
2022-02-14 15:03:00-05:00,5.03000020980835,5.039999961853027,5.03000020980835,5.039999961853027,12705
2022-02-14 15:04:00-05:00,5.034999847412109,5.039999961853027,5.034200191497803,5.039999961853027,95476
2022-02-14 15:05:00-05:00,5.039999961853027,5.039999961853027,5.025000095367432,5.03000020980835,254306
2022-02-14 15:06:00-05:00,5.03000020980835,5.03000020980835,5.025000095367432,5.025000095367432,25130
2022-02-14 15:07:00-05:00,5.03000020980835,5.03000020980835,5.025000095367432,5.025000095367432,6018
2022-02-14 15:08:00-05:00,5.025000095367432,5.039999961853027,5.019999980926514,5.0370001792907715,311106
2022-02-14 15:09:00-05:00,5.033699989318848,5.039999961853027,5.033699989318848,5.034999847412109,8842
2022-02-14 15:10:00-05:00,5.034999847412109,5.039999961853027,5.03000020980835,5.03000020980835,39670
2022-02-14 15:11:00-05:00,5.034999847412109,5.039999961853027,5.03000020980835,5.03000020980835,148381
2022-02-14 15:12:00-05:00,5.039999961853027,5.039999961853027,5.034999847412109,5.039999961853027,89899
2022-02-14 15:13:00-05:00,5.034999847412109,5.039999961853027,5.034999847412109,5.039999961853027,88683
2022-02-14 15:14:00-05:00,5.039999961853027,5.039999961853027,5.034999847412109,5.039999961853027,20332
2022-02-14 15:15:00-05:00,5.039999961853027,5.050000190734863,5.03000020980835,5.045000076293945,244737
2022-02-14 15:16:00-05:00,5.039999961853027,5.050000190734863,5.034999847412109,5.034999847412109,471897
2022-02-14 15:17:00-05:00,5.039999961853027,5.039999961853027,5.034999847412109,5.034999847412109,21462
2022-02-14 15:18:00-05:00,5.039000034332275,5.050000190734863,5.034999847412109,5.050000190734863,419350
2022-02-14 15:19:00-05:00,5.045000076293945,5.050000190734863,5.045000076293945,5.045000076293945,4312
2022-02-14 15:20:00-05:00,5.039999961853027,5.045000076293945,5.034999847412109,5.034999847412109,534083
2022-02-14 15:21:00-05:00,5.039999961853027,5.039999961853027,5.034999847412109,5.039999961853027,2653
2022-02-14 15:22:00-05:00,5.039999961853027,5.039999961853027,5.034999847412109,5.039999961853027,61924
2022-02-14 15:23:00-05:00,5.039999961853027,5.039999961853027,5.034999847412109,5.0366997718811035,37850
2022-02-14 15:24:00-05:00,5.039999961853027,5.050000190734863,5.039299964904785,5.04010009765625,317750
2022-02-14 15:25:00-05:00,5.039999961853027,5.045000076293945,5.039999961853027,5.04010009765625,4700
2022-02-14 15:26:00-05:00,5.045000076293945,5.045000076293945,5.039999961853027,5.045000076293945,6900
2022-02-14 15:27:00-05:00,5.045000076293945,5.050000190734863,5.039999961853027,5.045000076293945,19500
2022-02-14 15:28:00-05:00,5.045000076293945,5.050000190734863,5.039999961853027,5.050000190734863,108785
2022-02-14 15:29:00-05:00,5.045000076293945,5.050000190734863,5.039999961853027,5.039999961853027,168851
2022-02-14 15:30:00-05:00,5.039999961853027,5.050000190734863,5.030200004577637,5.045000076293945,703241
2022-02-14 15:31:00-05:00,5.045499801635742,5.045499801635742,5.039999961853027,5.041800022125244,38507
2022-02-14 15:32:00-05:00,5.045000076293945,5.045000076293945,5.039999961853027,5.045000076293945,30674
2022-02-14 15:33:00-05:00,5.045000076293945,5.045000076293945,5.039999961853027,5.045000076293945,15100
2022-02-14 15:34:00-05:00,5.045000076293945,5.050000190734863,5.041999816894531,5.050000190734863,83812
2022-02-14 15:35:00-05:00,5.045000076293945,5.050000190734863,5.045000076293945,5.045000076293945,88481
2022-02-14 15:36:00-05:00,5.045000076293945,5.050000190734863,5.045000076293945,5.045000076293945,147377
2022-02-14 15:37:00-05:00,5.045000076293945,5.050000190734863,5.045000076293945,5.045000076293945,64088
2022-02-14 15:38:00-05:00,5.050000190734863,5.050000190734863,5.045000076293945,5.046800136566162,109931
2022-02-14 15:39:00-05:00,5.049900054931641,5.050000190734863,5.045000076293945,5.050000190734863,123091
2022-02-14 15:40:00-05:00,5.045000076293945,5.050000190734863,5.045000076293945,5.050000190734863,26902
2022-02-14 15:41:00-05:00,5.045000076293945,5.050000190734863,5.039999961853027,5.039999961853027,202493
2022-02-14 15:42:00-05:00,5.039999961853027,5.045000076293945,5.034999847412109,5.039999961853027,481967
2022-02-14 15:43:00-05:00,5.039999961853027,5.039999961853027,5.034999847412109,5.039999961853027,426638
2022-02-14 15:44:00-05:00,5.039999961853027,5.039999961853027,5.039999961853027,5.039999961853027,30449
2022-02-14 15:45:00-05:00,5.039999961853027,5.045000076293945,5.039999961853027,5.039999961853027,162723
2022-02-14 15:46:00-05:00,5.034999847412109,5.039999961853027,5.034999847412109,5.039999961853027,201533
2022-02-14 15:47:00-05:00,5.039999961853027,5.050000190734863,5.039899826049805,5.045000076293945,386609
2022-02-14 15:48:00-05:00,5.045000076293945,5.050000190734863,5.039999961853027,5.050000190734863,106912
2022-02-14 15:49:00-05:00,5.045000076293945,5.050000190734863,5.04010009765625,5.050000190734863,12990
2022-02-14 15:50:00-05:00,5.045000076293945,5.049900054931641,5.039999961853027,5.039999961853027,156346
2022-02-14 15:51:00-05:00,5.045000076293945,5.050000190734863,5.039999961853027,5.045000076293945,23411
2022-02-14 15:52:00-05:00,5.045000076293945,5.050000190734863,5.039999961853027,5.050000190734863,31201
2022-02-14 15:53:00-05:00,5.045000076293945,5.050000190734863,5.039999961853027,5.050000190734863,55706
2022-02-14 15:54:00-05:00,5.045000076293945,5.050000190734863,5.039999961853027,5.050000190734863,149606
2022-02-14 15:55:00-05:00,5.045000076293945,5.050000190734863,5.039999961853027,5.050000190734863,219975
2022-02-14 15:56:00-05:00,5.050000190734863,5.050000190734863,5.04010009765625,5.050000190734863,145283
2022-02-14 15:57:00-05:00,5.045000076293945,5.050000190734863,5.039999961853027,5.050000190734863,276069
2022-02-14 15:58:00-05:00,5.050000190734863,5.059999942779541,5.049900054931641,5.059999942779541,698262
2022-02-14 15:59:00-05:00,5.059999942779541,5.059999942779541,5.050000190734863,5.059999942779541,269171
2022-02-14 16:00:00-05:00,5.06,5.06,5.06,5.06,377880
2022-02-15 16:00:00-05:00,5.14,5.14,5.14,5.14,0
2022-02-15 16:05:00-05:00,5.13,5.13,5.13,5.13,0
2022-02-15 16:43:00-05:00,5.15,5.15,5.15,5.15,0
2022-02-15 17:03:00-05:00,5.15,5.15,5.15,5.15,0
2022-02-15 17:05:00-05:00,5.14,5.14,5.14,5.14,0
2022-02-15 17:08:00-05:00,5.15,5.15,5.15,5.15,0
2022-02-15 17:22:00-05:00,5.15,5.15,5.15,5.15,0
2022-02-15 17:24:00-05:00,5.14,5.14,5.14,5.14,0
2022-02-15 17:37:00-05:00,5.13,5.13,5.13,5.13,0
2022-02-16 07:14:00-05:00,5.02,5.02,5.02,5.02,0
2022-02-16 07:15:00-05:00,5.01,5.04,5.01,5.04,0
2022-02-16 08:00:00-05:00,5.1299,5.1299,5.12,5.12,0
2022-02-16 08:02:00-05:00,5.13,5.13,5.12,5.12,0
2022-02-16 08:08:00-05:00,5.13,5.13,5.12,5.12,0
2022-02-16 08:10:00-05:00,5.14,5.14,5.14,5.14,0
2022-02-16 08:14:00-05:00,5.13,5.13,5.13,5.13,0
2022-02-16 08:28:00-05:00,5.14,5.14,5.14,5.14,0
2022-02-16 08:30:00-05:00,5.14,5.14,5.14,5.14,0
2022-02-16 08:33:00-05:00,5.15,5.15,5.15,5.15,0
2022-02-16 08:36:00-05:00,5.15,5.15,5.15,5.15,0
2022-02-16 08:37:00-05:00,5.15,5.15,5.15,5.15,0
2022-02-16 08:38:00-05:00,5.15,5.15,5.15,5.15,0
2022-02-16 08:41:00-05:00,5.15,5.15,5.15,5.15,0
2022-02-16 08:42:00-05:00,5.15,5.15,5.15,5.15,0
2022-02-16 08:47:00-05:00,5.14,5.14,5.14,5.14,0
2022-02-16 08:48:00-05:00,5.13,5.13,5.13,5.13,0
2022-02-16 08:49:00-05:00,5.12,5.12,5.12,5.12,0
2022-02-16 08:53:00-05:00,5.12,5.13,5.12,5.13,0
2022-02-16 08:56:00-05:00,5.12,5.12,5.12,5.12,0
2022-02-16 08:59:00-05:00,5.11,5.11,5.11,5.11,0
2022-02-16 09:00:00-05:00,5.11,5.11,5.11,5.11,0
2022-02-16 09:02:00-05:00,5.11,5.11,5.11,5.11,0
2022-02-16 09:03:00-05:00,5.11,5.11,5.11,5.11,0
2022-02-16 09:07:00-05:00,5.11,5.11,5.11,5.11,0
2022-02-16 09:09:00-05:00,5.12,5.12,5.12,5.12,0
2022-02-16 09:11:00-05:00,5.13,5.13,5.13,5.13,0
2022-02-16 09:30:00-05:00,5.130000114440918,5.139900207519531,5.119999885559082,5.139900207519531,279592
2022-02-16 09:31:00-05:00,5.130000114440918,5.139999866485596,5.130000114440918,5.130000114440918,19458
2022-02-16 09:32:00-05:00,5.139999866485596,5.144999980926514,5.130000114440918,5.139999866485596,430483
2022-02-16 09:33:00-05:00,5.139999866485596,5.139999866485596,5.135000228881836,5.139900207519531,34754
2022-02-16 09:34:00-05:00,5.139999866485596,5.156899929046631,5.139999866485596,5.150000095367432,276543
2022-02-16 09:35:00-05:00,5.150000095367432,5.159800052642822,5.144999980926514,5.150000095367432,267794
2022-02-16 09:36:00-05:00,5.150000095367432,5.15500020980835,5.139999866485596,5.150000095367432,215269
2022-02-16 09:37:00-05:00,5.150000095367432,5.15500020980835,5.139999866485596,5.139999866485596,579238
2022-02-16 09:38:00-05:00,5.139999866485596,5.139999866485596,5.130000114440918,5.130000114440918,43606
2022-02-16 09:39:00-05:00,5.130000114440918,5.135000228881836,5.120100021362305,5.130000114440918,403404
2022-02-16 09:40:00-05:00,5.130000114440918,5.130000114440918,5.125,5.130000114440918,10411
2022-02-16 09:41:00-05:00,5.125,5.129899978637695,5.114999771118164,5.125,496565
2022-02-16 09:42:00-05:00,5.130000114440918,5.150000095367432,5.125,5.150000095367432,421315
2022-02-16 09:43:00-05:00,5.150000095367432,5.150000095367432,5.144999980926514,5.144999980926514,33047
2022-02-16 09:44:00-05:00,5.150000095367432,5.150000095367432,5.139999866485596,5.139999866485596,24606
2022-02-16 09:45:00-05:00,5.150000095367432,5.150000095367432,5.144999980926514,5.150000095367432,9715
2022-02-16 09:46:00-05:00,5.139999866485596,5.150000095367432,5.139999866485596,5.150000095367432,164485
2022-02-16 09:47:00-05:00,5.159999847412109,5.170000076293945,5.156700134277344,5.161900043487549,107457
2022-02-16 09:48:00-05:00,5.163400173187256,5.164999961853027,5.159999847412109,5.159999847412109,295190
2022-02-16 09:49:00-05:00,5.159999847412109,5.159999847412109,5.15500020980835,5.1596999168396,193628
2022-02-16 09:50:00-05:00,5.159299850463867,5.159999847412109,5.150000095367432,5.152400016784668,59988
2022-02-16 09:51:00-05:00,5.150000095367432,5.15500020980835,5.139999866485596,5.142600059509277,283416
2022-02-16 09:52:00-05:00,5.150000095367432,5.150000095367432,5.139999866485596,5.140100002288818,280198
2022-02-16 09:53:00-05:00,5.144999980926514,5.144999980926514,5.139999866485596,5.144999980926514,101082
2022-02-16 09:54:00-05:00,5.140600204467773,5.144999980926514,5.135000228881836,5.139800071716309,141706
2022-02-16 09:55:00-05:00,5.139999866485596,5.139999866485596,5.125,5.1296000480651855,136220
2022-02-16 09:56:00-05:00,5.130000114440918,5.130000114440918,5.120100021362305,5.130000114440918,22956
2022-02-16 09:57:00-05:00,5.130000114440918,5.130000114440918,5.129899978637695,5.129899978637695,16110
2022-02-16 09:58:00-05:00,5.125,5.130000114440918,5.110099792480469,5.130000114440918,999760
2022-02-16 09:59:00-05:00,5.119999885559082,5.125,5.114999771118164,5.119999885559082,344793
2022-02-16 10:00:00-05:00,5.11870002746582,5.130000114440918,5.11870002746582,5.119999885559082,71620
2022-02-16 10:01:00-05:00,5.119999885559082,5.125,5.119999885559082,5.125,22122
2022-02-16 10:02:00-05:00,5.125,5.125,5.110000133514404,5.118000030517578,74702
2022-02-16 10:03:00-05:00,5.119999885559082,5.119999885559082,5.110000133514404,5.112199783325195,199877
2022-02-16 10:04:00-05:00,5.115099906921387,5.115099906921387,5.100100040435791,5.109300136566162,275508
2022-02-16 10:05:00-05:00,5.110000133514404,5.114999771118164,5.105000019073486,5.110799789428711,175797
2022-02-16 10:06:00-05:00,5.110000133514404,5.119999885559082,5.110000133514404,5.1168999671936035,29346
2022-02-16 10:07:00-05:00,5.116499900817871,5.1184000968933105,5.110099792480469,5.114999771118164,7216
2022-02-16 10:08:00-05:00,5.114999771118164,5.119999885559082,5.110000133514404,5.119999885559082,58164
2022-02-16 10:09:00-05:00,5.119999885559082,5.119999885559082,5.099999904632568,5.105000019073486,137077
2022-02-16 10:10:00-05:00,5.099999904632568,5.119999885559082,5.099999904632568,5.119900226593018,342114
2022-02-16 10:11:00-05:00,5.114999771118164,5.130000114440918,5.114999771118164,5.117499828338623,569940
2022-02-16 10:12:00-05:00,5.114999771118164,5.119999885559082,5.1107001304626465,5.119999885559082,81804
2022-02-16 10:13:00-05:00,5.114999771118164,5.119999885559082,5.114999771118164,5.119999885559082,7671
2022-02-16 10:14:00-05:00,5.114999771118164,5.119999885559082,5.110000133514404,5.119999885559082,112757
2022-02-16 10:15:00-05:00,5.119999885559082,5.119999885559082,5.110000133514404,5.110000133514404,69704
2022-02-16 10:16:00-05:00,5.119999885559082,5.119999885559082,5.114999771118164,5.114999771118164,58432
2022-02-16 10:17:00-05:00,5.114999771118164,5.114999771118164,5.110000133514404,5.110000133514404,147999
2022-02-16 10:18:00-05:00,5.111299991607666,5.114999771118164,5.110000133514404,5.110000133514404,8835
2022-02-16 10:19:00-05:00,5.110000133514404,5.110499858856201,5.105000019073486,5.105000019073486,81783
2022-02-16 10:20:00-05:00,5.105000019073486,5.119999885559082,5.105000019073486,5.114999771118164,521090
2022-02-16 10:21:00-05:00,5.110499858856201,5.116499900817871,5.110000133514404,5.110000133514404,17157
2022-02-16 10:22:00-05:00,5.110000133514404,5.114999771118164,5.110000133514404,5.110000133514404,6739
2022-02-16 10:23:00-05:00,5.110000133514404,5.114999771118164,5.110000133514404,5.114999771118164,450
2022-02-16 10:24:00-05:00,5.114999771118164,5.114999771118164,5.110000133514404,5.110000133514404,5859
2022-02-16 10:25:00-05:00,5.119999885559082,5.119999885559082,5.114999771118164,5.119999885559082,3545
2022-02-16 10:26:00-05:00,5.114999771118164,5.114999771118164,5.110000133514404,5.114999771118164,3080
2022-02-16 10:27:00-05:00,5.114999771118164,5.119999885559082,5.110000133514404,5.114999771118164,28838
2022-02-16 10:28:00-05:00,5.114999771118164,5.114999771118164,5.114999771118164,5.114999771118164,650
2022-02-16 10:29:00-05:00,5.114999771118164,5.114999771118164,5.110000133514404,5.110099792480469,904
2022-02-16 10:30:00-05:00,5.110000133514404,5.119999885559082,5.110000133514404,5.114999771118164,47500
2022-02-16 10:31:00-05:00,5.119999885559082,5.119999885559082,5.110000133514404,5.110000133514404,6047
2022-02-16 10:32:00-05:00,5.110000133514404,5.114999771118164,5.110000133514404,5.114999771118164,6436
2022-02-16 10:33:00-05:00,5.110000133514404,5.119999885559082,5.110000133514404,5.114999771118164,2515
2022-02-16 10:34:00-05:00,5.114999771118164,5.119999885559082,5.110000133514404,5.110000133514404,1910
2022-02-16 10:35:00-05:00,5.114999771118164,5.114999771118164,5.114999771118164,5.114999771118164,9467
2022-02-16 10:36:00-05:00,5.114999771118164,5.114999771118164,5.110000133514404,5.110000133514404,18273
2022-02-16 10:37:00-05:00,5.114999771118164,5.119999885559082,5.110000133514404,5.114999771118164,11907
2022-02-16 10:38:00-05:00,5.114999771118164,5.119999885559082,5.110000133514404,5.110000133514404,52607
2022-02-16 10:39:00-05:00,5.110000133514404,5.119900226593018,5.110000133514404,5.110000133514404,2612
2022-02-16 10:40:00-05:00,5.110499858856201,5.114999771118164,5.099999904632568,5.105000019073486,146737
2022-02-16 10:41:00-05:00,5.105000019073486,5.110000133514404,5.104800224304199,5.105000019073486,46403
2022-02-16 10:42:00-05:00,5.105000019073486,5.105000019073486,5.099999904632568,5.105000019073486,11585
2022-02-16 10:43:00-05:00,5.105000019073486,5.1092000007629395,5.105000019073486,5.105000019073486,2572
2022-02-16 10:44:00-05:00,5.105000019073486,5.105000019073486,5.099999904632568,5.105000019073486,23338
2022-02-16 10:45:00-05:00,5.105000019073486,5.105000019073486,5.09499979019165,5.09499979019165,73660
2022-02-16 10:46:00-05:00,5.090000152587891,5.09499979019165,5.090000152587891,5.09499979019165,990
2022-02-16 10:47:00-05:00,5.090000152587891,5.09499979019165,5.090000152587891,5.09499979019165,8690
2022-02-16 10:48:00-05:00,5.09499979019165,5.09499979019165,5.090000152587891,5.09499979019165,1402
2022-02-16 10:49:00-05:00,5.09499979019165,5.09499979019165,5.090000152587891,5.090000152587891,3130
2022-02-16 10:50:00-05:00,5.09499979019165,5.09499979019165,5.090000152587891,5.090000152587891,2184
2022-02-16 10:51:00-05:00,5.09499979019165,5.106200218200684,5.09499979019165,5.105000019073486,746119
2022-02-16 10:52:00-05:00,5.099999904632568,5.105000019073486,5.099999904632568,5.105000019073486,3922
2022-02-16 10:53:00-05:00,5.105000019073486,5.110000133514404,5.099999904632568,5.105000019073486,130801
2022-02-16 10:54:00-05:00,5.110000133514404,5.110000133514404,5.099999904632568,5.099999904632568,16490
2022-02-16 10:55:00-05:00,5.099999904632568,5.105000019073486,5.099999904632568,5.099999904632568,11410
2022-02-16 10:56:00-05:00,5.099999904632568,5.099999904632568,5.090000152587891,5.09499979019165,163737
2022-02-16 10:57:00-05:00,5.09499979019165,5.09499979019165,5.09499979019165,5.09499979019165,1891
2022-02-16 10:58:00-05:00,5.090000152587891,5.09499979019165,5.090000152587891,5.09499979019165,1315
2022-02-16 10:59:00-05:00,5.09499979019165,5.09630012512207,5.09499979019165,5.09499979019165,908
2022-02-16 11:00:00-05:00,5.099999904632568,5.099999904632568,5.09499979019165,5.099999904632568,99430
2022-02-16 11:01:00-05:00,5.099999904632568,5.099999904632568,5.09499979019165,5.09499979019165,18203
2022-02-16 11:02:00-05:00,5.099999904632568,5.099999904632568,5.09499979019165,5.099999904632568,104701
2022-02-16 11:03:00-05:00,5.099999904632568,5.110000133514404,5.099999904632568,5.105000019073486,114427
2022-02-16 11:04:00-05:00,5.105000019073486,5.105000019073486,5.105000019073486,5.105000019073486,4226
2022-02-16 11:05:00-05:00,5.105000019073486,5.105000019073486,5.105000019073486,5.105000019073486,795
2022-02-16 11:06:00-05:00,5.105000019073486,5.110000133514404,5.099999904632568,5.104700088500977,26743
2022-02-16 11:07:00-05:00,5.099999904632568,5.110000133514404,5.099999904632568,5.099999904632568,5290
2022-02-16 11:08:00-05:00,5.099999904632568,5.110000133514404,5.099999904632568,5.110000133514404,70201
2022-02-16 11:09:00-05:00,5.105000019073486,5.105000019073486,5.099999904632568,5.099999904632568,11755
2022-02-16 11:10:00-05:00,5.110000133514404,5.110000133514404,5.099999904632568,5.099999904632568,80932
2022-02-16 11:11:00-05:00,5.099999904632568,5.105000019073486,5.099999904632568,5.105000019073486,14082
2022-02-16 11:12:00-05:00,5.105000019073486,5.109899997711182,5.105000019073486,5.109899997711182,11274
2022-02-16 11:13:00-05:00,5.105000019073486,5.105000019073486,5.099999904632568,5.099999904632568,2050
2022-02-16 11:14:00-05:00,5.105000019073486,5.110000133514404,5.105000019073486,5.105000019073486,3972
2022-02-16 11:15:00-05:00,5.110000133514404,5.114999771118164,5.099999904632568,5.110000133514404,256231
2022-02-16 11:16:00-05:00,5.114999771118164,5.119999885559082,5.114799976348877,5.114999771118164,7873
2022-02-16 11:17:00-05:00,5.114999771118164,5.119999885559082,5.111599922180176,5.114999771118164,19079
2022-02-16 11:18:00-05:00,5.114999771118164,5.119999885559082,5.114999771118164,5.119999885559082,5100
2022-02-16 11:19:00-05:00,5.110000133514404,5.119999885559082,5.110000133514404,5.114999771118164,34180
2022-02-16 11:20:00-05:00,5.110000133514404,5.114999771118164,5.110000133514404,5.114999771118164,2318
2022-02-16 11:21:00-05:00,5.114999771118164,5.114999771118164,5.110000133514404,5.114999771118164,18560
2022-02-16 11:22:00-05:00,5.110000133514404,5.114999771118164,5.099999904632568,5.110000133514404,293964
2022-02-16 11:23:00-05:00,5.110000133514404,5.114999771118164,5.1066999435424805,5.114999771118164,164272
2022-02-16 11:24:00-05:00,5.110000133514404,5.114999771118164,5.110000133514404,5.114999771118164,4700
2022-02-16 11:25:00-05:00,5.114999771118164,5.114999771118164,5.110000133514404,5.11299991607666,2884
2022-02-16 11:26:00-05:00,5.114999771118164,5.114999771118164,5.110000133514404,5.110000133514404,15081
2022-02-16 11:27:00-05:00,5.110000133514404,5.114999771118164,5.110000133514404,5.114999771118164,4999
2022-02-16 11:28:00-05:00,5.119999885559082,5.119999885559082,5.110000133514404,5.110000133514404,1294
2022-02-16 11:29:00-05:00,5.110000133514404,5.110000133514404,5.110000133514404,5.110000133514404,787
2022-02-16 11:30:00-05:00,5.114999771118164,5.114999771118164,5.114999771118164,5.114999771118164,1552
2022-02-16 11:31:00-05:00,5.110000133514404,5.110000133514404,5.110000133514404,5.110000133514404,920
2022-02-16 11:32:00-05:00,5.110000133514404,5.114999771118164,5.105000019073486,5.105000019073486,211901
2022-02-16 11:33:00-05:00,5.105000019073486,5.105000019073486,5.105000019073486,5.105000019073486,8170
2022-02-16 11:34:00-05:00,5.105000019073486,5.1057000160217285,5.105000019073486,5.105000019073486,18977
2022-02-16 11:35:00-05:00,5.099999904632568,5.105000019073486,5.099999904632568,5.105000019073486,69660
2022-02-16 11:36:00-05:00,5.110000133514404,5.110000133514404,5.105000019073486,5.105000019073486,28446
2022-02-16 11:37:00-05:00,5.105000019073486,5.110000133514404,5.105000019073486,5.105000019073486,6974
2022-02-16 11:38:00-05:00,5.105000019073486,5.110000133514404,5.099999904632568,5.105000019073486,25367
2022-02-16 11:39:00-05:00,5.110000133514404,5.110000133514404,5.105000019073486,5.105000019073486,583502
2022-02-16 11:40:00-05:00,5.105000019073486,5.110000133514404,5.104700088500977,5.105000019073486,31029
2022-02-16 11:41:00-05:00,5.105000019073486,5.110000133514404,5.099999904632568,5.099999904632568,21958
2022-02-16 11:42:00-05:00,5.105000019073486,5.110000133514404,5.100500106811523,5.105000019073486,28461
2022-02-16 11:43:00-05:00,5.105000019073486,5.110000133514404,5.105000019073486,5.105000019073486,9205
2022-02-16 11:44:00-05:00,5.099999904632568,5.105000019073486,5.099999904632568,5.099999904632568,119566
2022-02-16 11:45:00-05:00,5.099999904632568,5.099999904632568,5.099999904632568,5.099999904632568,365
2022-02-16 11:46:00-05:00,5.105000019073486,5.105000019073486,5.105000019073486,5.105000019073486,12223
2022-02-16 11:47:00-05:00,5.099999904632568,5.099999904632568,5.09499979019165,5.09499979019165,198542
2022-02-16 11:48:00-05:00,5.09499979019165,5.09499979019165,5.09499979019165,5.09499979019165,993
2022-02-16 11:49:00-05:00,5.09499979019165,5.099899768829346,5.090000152587891,5.09499979019165,2076
2022-02-16 11:50:00-05:00,5.099999904632568,5.099999904632568,5.09499979019165,5.09499979019165,1204
2022-02-16 11:51:00-05:00,5.09499979019165,5.09499979019165,5.090000152587891,5.090000152587891,6440
2022-02-16 11:52:00-05:00,5.09499979019165,5.09499979019165,5.09499979019165,5.09499979019165,1214
2022-02-16 11:53:00-05:00,5.09499979019165,5.09499979019165,5.09499979019165,5.09499979019165,9637
2022-02-16 11:54:00-05:00,5.09499979019165,5.099999904632568,5.090000152587891,5.099999904632568,24305
2022-02-16 11:55:00-05:00,5.09499979019165,5.099999904632568,5.09499979019165,5.09499979019165,84759
2022-02-16 11:56:00-05:00,5.099999904632568,5.099999904632568,5.09499979019165,5.09499979019165,59991
2022-02-16 11:57:00-05:00,5.09499979019165,5.105400085449219,5.09499979019165,5.099999904632568,218920
2022-02-16 11:58:00-05:00,5.099999904632568,5.105000019073486,5.090000152587891,5.09499979019165,455108
2022-02-16 11:59:00-05:00,5.090000152587891,5.09499979019165,5.090000152587891,5.090000152587891,29503
2022-02-16 12:00:00-05:00,5.090000152587891,5.09499979019165,5.090000152587891,5.09499979019165,18500
2022-02-16 12:01:00-05:00,5.09499979019165,5.099999904632568,5.090000152587891,5.09499979019165,27720
2022-02-16 12:02:00-05:00,5.09499979019165,5.09499979019165,5.090000152587891,5.09499979019165,1621
2022-02-16 12:03:00-05:00,5.090000152587891,5.09499979019165,5.090000152587891,5.090000152587891,7082
2022-02-16 12:04:00-05:00,5.090000152587891,5.09499979019165,5.090000152587891,5.090000152587891,223315
2022-02-16 12:05:00-05:00,5.090000152587891,5.09499979019165,5.090000152587891,5.090000152587891,29621
2022-02-16 12:06:00-05:00,5.090000152587891,5.09499979019165,5.090000152587891,5.090000152587891,51905
2022-02-16 12:07:00-05:00,5.090000152587891,5.09499979019165,5.090000152587891,5.090000152587891,7342
2022-02-16 12:08:00-05:00,5.090000152587891,5.09499979019165,5.090000152587891,5.090000152587891,6514
2022-02-16 12:09:00-05:00,5.090000152587891,5.09499979019165,5.090000152587891,5.090000152587891,6490
2022-02-16 12:10:00-05:00,5.090000152587891,5.09499979019165,5.090000152587891,5.090000152587891,3308
2022-02-16 12:11:00-05:00,5.090000152587891,5.09499979019165,5.090000152587891,5.090000152587891,16210
2022-02-16 12:12:00-05:00,5.090000152587891,5.09499979019165,5.090000152587891,5.090000152587891,16060
2022-02-16 12:13:00-05:00,5.090000152587891,5.099999904632568,5.090000152587891,5.09499979019165,115875
2022-02-16 12:14:00-05:00,5.09499979019165,5.109899997711182,5.094900131225586,5.100399971008301,592378
2022-02-16 12:15:00-05:00,5.105000019073486,5.105000019073486,5.090000152587891,5.090000152587891,308140
2022-02-16 12:16:00-05:00,5.090000152587891,5.099999904632568,5.090000152587891,5.090000152587891,84486
2022-02-16 12:17:00-05:00,5.090000152587891,5.09499979019165,5.090000152587891,5.090000152587891,4626
2022-02-16 12:18:00-05:00,5.090000152587891,5.09499979019165,5.090000152587891,5.090000152587891,9951
2022-02-16 12:19:00-05:00,5.090000152587891,5.09499979019165,5.090000152587891,5.090000152587891,13325
2022-02-16 12:20:00-05:00,5.090000152587891,5.09499979019165,5.090000152587891,5.090000152587891,5580
2022-02-16 12:21:00-05:00,5.090000152587891,5.090000152587891,5.090000152587891,5.090000152587891,5351
2022-02-16 12:22:00-05:00,5.090000152587891,5.094600200653076,5.090000152587891,5.090000152587891,1733
2022-02-16 12:23:00-05:00,5.090000152587891,5.0954999923706055,5.090000152587891,5.0954999923706055,40453
2022-02-16 12:24:00-05:00,5.090000152587891,5.09499979019165,5.090000152587891,5.090000152587891,9171
2022-02-16 12:25:00-05:00,5.090000152587891,5.090000152587891,5.090000152587891,5.090000152587891,3121
2022-02-16 12:26:00-05:00,5.090000152587891,5.09499979019165,5.090000152587891,5.09499979019165,10850
2022-02-16 12:27:00-05:00,5.090000152587891,5.09499979019165,5.090000152587891,5.090000152587891,1501
2022-02-16 12:28:00-05:00,5.090000152587891,5.090000152587891,5.079999923706055,5.085000038146973,235849
2022-02-16 12:29:00-05:00,5.079999923706055,5.090000152587891,5.079999923706055,5.085000038146973,555579
2022-02-16 12:30:00-05:00,5.085000038146973,5.090000152587891,5.079999923706055,5.085000038146973,96984
2022-02-16 12:31:00-05:00,5.085000038146973,5.085000038146973,5.085000038146973,5.085000038146973,4100
2022-02-16 12:32:00-05:00,5.079999923706055,5.090000152587891,5.079999923706055,5.085000038146973,66289
2022-02-16 12:33:00-05:00,5.085000038146973,5.085000038146973,5.079999923706055,5.079999923706055,192159
2022-02-16 12:34:00-05:00,5.081999778747559,5.081999778747559,5.070000171661377,5.070000171661377,382946
2022-02-16 12:35:00-05:00,5.070000171661377,5.070000171661377,5.070000171661377,5.070000171661377,3070
2022-02-16 12:36:00-05:00,5.070000171661377,5.079999923706055,5.070000171661377,5.074999809265137,224831
2022-02-16 12:37:00-05:00,5.074999809265137,5.079999923706055,5.070000171661377,5.079899787902832,68035
2022-02-16 12:38:00-05:00,5.074999809265137,5.079999923706055,5.070000171661377,5.074999809265137,24931
2022-02-16 12:39:00-05:00,5.074999809265137,5.074999809265137,5.070000171661377,5.074999809265137,10507
2022-02-16 12:40:00-05:00,5.074999809265137,5.079999923706055,5.070000171661377,5.070000171661377,36689
2022-02-16 12:41:00-05:00,5.070000171661377,5.079999923706055,5.070000171661377,5.074999809265137,87480
2022-02-16 12:42:00-05:00,5.074999809265137,5.074999809265137,5.074999809265137,5.074999809265137,7647
2022-02-16 12:43:00-05:00,5.074999809265137,5.079999923706055,5.074999809265137,5.074999809265137,5700
2022-02-16 12:44:00-05:00,5.070000171661377,5.074999809265137,5.070000171661377,5.074999809265137,6118
2022-02-16 12:45:00-05:00,5.074999809265137,5.075300216674805,5.074999809265137,5.074999809265137,17474
2022-02-16 12:46:00-05:00,5.079999923706055,5.079999923706055,5.070000171661377,5.070000171661377,26220
2022-02-16 12:47:00-05:00,5.070000171661377,5.079999923706055,5.070000171661377,5.074999809265137,336243
2022-02-16 12:48:00-05:00,5.074999809265137,5.079999923706055,5.074999809265137,5.074999809265137,23757
2022-02-16 12:49:00-05:00,5.074999809265137,5.079999923706055,5.073800086975098,5.074999809265137,46819
2022-02-16 12:50:00-05:00,5.079999923706055,5.079999923706055,5.074999809265137,5.074999809265137,76653
2022-02-16 12:51:00-05:00,5.074999809265137,5.074999809265137,5.070000171661377,5.070000171661377,4574
2022-02-16 12:52:00-05:00,5.074999809265137,5.079999923706055,5.074999809265137,5.079999923706055,1600
2022-02-16 12:53:00-05:00,5.074999809265137,5.079999923706055,5.074999809265137,5.074999809265137,445706
2022-02-16 12:54:00-05:00,5.074999809265137,5.079999923706055,5.070000171661377,5.070000171661377,40840
2022-02-16 12:55:00-05:00,5.070000171661377,5.079999923706055,5.070000171661377,5.070000171661377,46502
2022-02-16 12:56:00-05:00,5.074999809265137,5.074999809265137,5.070000171661377,5.074999809265137,7405
2022-02-16 12:57:00-05:00,5.074999809265137,5.074999809265137,5.070000171661377,5.070000171661377,5455
2022-02-16 12:58:00-05:00,5.074999809265137,5.074999809265137,5.074999809265137,5.074999809265137,100
2022-02-16 12:59:00-05:00,5.074999809265137,5.079999923706055,5.074999809265137,5.074999809265137,163040
2022-02-16 13:00:00-05:00,5.079999923706055,5.079999923706055,5.074999809265137,5.074999809265137,58140
2022-02-16 13:01:00-05:00,5.074999809265137,5.079999923706055,5.070000171661377,5.074999809265137,467749
2022-02-16 13:02:00-05:00,5.074999809265137,5.079999923706055,5.074999809265137,5.074999809265137,7200
2022-02-16 13:03:00-05:00,5.074999809265137,5.090000152587891,5.074999809265137,5.085000038146973,657618
2022-02-16 13:04:00-05:00,5.085000038146973,5.085000038146973,5.079999923706055,5.082499980926514,80931
2022-02-16 13:05:00-05:00,5.085000038146973,5.0879998207092285,5.079999923706055,5.079999923706055,8060
2022-02-16 13:06:00-05:00,5.085000038146973,5.090000152587891,5.083499908447266,5.085000038146973,438493
2022-02-16 13:07:00-05:00,5.085000038146973,5.099999904632568,5.085000038146973,5.09499979019165,348597
2022-02-16 13:08:00-05:00,5.09499979019165,5.09499979019165,5.090099811553955,5.09499979019165,36590
2022-02-16 13:09:00-05:00,5.09499979019165,5.099999904632568,5.090099811553955,5.09499979019165,166161
2022-02-16 13:10:00-05:00,5.09499979019165,5.099999904632568,5.09499979019165,5.09499979019165,68936
2022-02-16 13:11:00-05:00,5.09499979019165,5.09499979019165,5.09499979019165,5.09499979019165,14486
2022-02-16 13:12:00-05:00,5.09499979019165,5.09499979019165,5.090000152587891,5.09499979019165,12982
2022-02-16 13:13:00-05:00,5.09499979019165,5.099999904632568,5.09499979019165,5.09499979019165,16410
2022-02-16 13:14:00-05:00,5.09499979019165,5.106800079345703,5.09499979019165,5.105800151824951,308520
2022-02-16 13:15:00-05:00,5.105000019073486,5.116099834442139,5.099999904632568,5.114999771118164,854945
2022-02-16 13:16:00-05:00,5.113100051879883,5.1153998374938965,5.110000133514404,5.113999843597412,80738
2022-02-16 13:17:00-05:00,5.115799903869629,5.115799903869629,5.110000133514404,5.114999771118164,10600
2022-02-16 13:18:00-05:00,5.110000133514404,5.114999771118164,5.110000133514404,5.110000133514404,121215
2022-02-16 13:19:00-05:00,5.110000133514404,5.114999771118164,5.110000133514404,5.114999771118164,2700
2022-02-16 13:20:00-05:00,5.110000133514404,5.117099761962891,5.110000133514404,5.114999771118164,46187
2022-02-16 13:21:00-05:00,5.114999771118164,5.114999771118164,5.110000133514404,5.110000133514404,22161
2022-02-16 13:22:00-05:00,5.114999771118164,5.114999771118164,5.114999771118164,5.114999771118164,100
2022-02-16 13:23:00-05:00,5.114999771118164,5.114999771118164,5.110000133514404,5.110000133514404,9120
2022-02-16 13:24:00-05:00,5.110000133514404,5.110000133514404,5.110000133514404,5.110000133514404,3912
2022-02-16 13:25:00-05:00,5.110000133514404,5.114999771118164,5.110000133514404,5.110400199890137,16830
2022-02-16 13:26:00-05:00,5.110000133514404,5.110000133514404,5.105000019073486,5.105000019073486,641606
2022-02-16 13:27:00-05:00,5.105000019073486,5.110000133514404,5.099999904632568,5.110000133514404,17076
2022-02-16 13:28:00-05:00,5.110000133514404,5.110000133514404,5.099999904632568,5.099999904632568,15849
2022-02-16 13:29:00-05:00,5.105000019073486,5.105000019073486,5.099999904632568,5.099999904632568,6660
2022-02-16 13:30:00-05:00,5.105000019073486,5.105000019073486,5.099999904632568,5.105000019073486,20961
2022-02-16 13:31:00-05:00,5.105000019073486,5.105000019073486,5.099999904632568,5.099999904632568,18235
2022-02-16 13:32:00-05:00,5.105000019073486,5.105000019073486,5.099999904632568,5.105000019073486,700
2022-02-16 13:33:00-05:00,5.105000019073486,5.105000019073486,5.099999904632568,5.105000019073486,1246
2022-02-16 13:34:00-05:00,5.105000019073486,5.105000019073486,5.099999904632568,5.099999904632568,1760
2022-02-16 13:35:00-05:00,5.105000019073486,5.105000019073486,5.105000019073486,5.105000019073486,835
2022-02-16 13:36:00-05:00,5.105000019073486,5.105000019073486,5.099999904632568,5.105000019073486,1270
2022-02-16 13:37:00-05:00,5.105000019073486,5.105000019073486,5.099999904632568,5.105000019073486,8732
2022-02-16 13:38:00-05:00,5.105000019073486,5.105000019073486,5.099999904632568,5.105000019073486,1571
2022-02-16 13:39:00-05:00,5.105000019073486,5.105000019073486,5.099999904632568,5.105000019073486,2703
2022-02-16 13:40:00-05:00,5.099999904632568,5.105000019073486,5.099999904632568,5.099999904632568,19496
2022-02-16 13:41:00-05:00,5.099999904632568,5.099999904632568,5.099999904632568,5.099999904632568,1451
2022-02-16 13:42:00-05:00,5.105000019073486,5.105000019073486,5.099999904632568,5.099999904632568,57226
2022-02-16 13:43:00-05:00,5.099999904632568,5.099999904632568,5.09499979019165,5.09499979019165,267825
2022-02-16 13:44:00-05:00,5.09499979019165,5.09499979019165,5.09499979019165,5.09499979019165,1465
2022-02-16 13:45:00-05:00,5.09499979019165,5.099999904632568,5.09499979019165,5.09499979019165,67430
2022-02-16 13:46:00-05:00,5.105000019073486,5.105000019073486,5.099999904632568,5.099999904632568,641466
2022-02-16 13:47:00-05:00,5.105000019073486,5.105000019073486,5.105000019073486,5.105000019073486,6654
2022-02-16 13:48:00-05:00,5.1057000160217285,5.1092000007629395,5.099999904632568,5.105000019073486,19692
2022-02-16 13:49:00-05:00,5.105000019073486,5.105000019073486,5.099999904632568,5.099999904632568,1405
2022-02-16 13:50:00-05:00,5.105000019073486,5.110000133514404,5.105000019073486,5.105000019073486,66303
2022-02-16 13:51:00-05:00,5.105000019073486,5.110000133514404,5.105000019073486,5.105000019073486,46260
2022-02-16 13:52:00-05:00,5.105000019073486,5.110000133514404,5.105000019073486,5.110000133514404,87030
2022-02-16 13:53:00-05:00,5.105000019073486,5.110000133514404,5.105000019073486,5.105000019073486,94461
2022-02-16 13:54:00-05:00,5.110000133514404,5.114999771118164,5.103000164031982,5.114999771118164,1003399
2022-02-16 13:55:00-05:00,5.117499828338623,5.119999885559082,5.110000133514404,5.110000133514404,179440
2022-02-16 13:56:00-05:00,5.114999771118164,5.114999771118164,5.110000133514404,5.114999771118164,33710
2022-02-16 13:57:00-05:00,5.110000133514404,5.114999771118164,5.110000133514404,5.114999771118164,119178
2022-02-16 13:58:00-05:00,5.110000133514404,5.119999885559082,5.110000133514404,5.110000133514404,13490
2022-02-16 13:59:00-05:00,5.110000133514404,5.119999885559082,5.110000133514404,5.114999771118164,26004
2022-02-16 14:00:00-05:00,5.119999885559082,5.130000114440918,5.114999771118164,5.119999885559082,286382
2022-02-16 14:01:00-05:00,5.119999885559082,5.125,5.110000133514404,5.110000133514404,472140
2022-02-16 14:02:00-05:00,5.110000133514404,5.110000133514404,5.09499979019165,5.10290002822876,910044
2022-02-16 14:03:00-05:00,5.105000019073486,5.11899995803833,5.099999904632568,5.110000133514404,307441
2022-02-16 14:04:00-05:00,5.114999771118164,5.119999885559082,5.114999771118164,5.114999771118164,160423
2022-02-16 14:05:00-05:00,5.114999771118164,5.119999885559082,5.110000133514404,5.114999771118164,49735
2022-02-16 14:06:00-05:00,5.114999771118164,5.114999771118164,5.114999771118164,5.114999771118164,16970
2022-02-16 14:07:00-05:00,5.114999771118164,5.1255998611450195,5.114999771118164,5.119999885559082,269552
2022-02-16 14:08:00-05:00,5.119999885559082,5.126999855041504,5.114999771118164,5.120699882507324,502523
2022-02-16 14:09:00-05:00,5.122600078582764,5.125,5.11269998550415,5.114999771118164,203155
2022-02-16 14:10:00-05:00,5.119900226593018,5.119999885559082,5.110000133514404,5.110000133514404,26701
2022-02-16 14:11:00-05:00,5.114999771118164,5.119999885559082,5.110000133514404,5.119999885559082,57520
2022-02-16 14:12:00-05:00,5.119999885559082,5.130000114440918,5.110000133514404,5.110000133514404,557619
2022-02-16 14:13:00-05:00,5.110000133514404,5.114999771118164,5.110000133514404,5.114999771118164,63037
2022-02-16 14:14:00-05:00,5.110000133514404,5.114999771118164,5.110000133514404,5.110000133514404,18559
2022-02-16 14:15:00-05:00,5.114999771118164,5.119999885559082,5.110000133514404,5.114999771118164,109672
2022-02-16 14:16:00-05:00,5.114999771118164,5.119999885559082,5.11269998550415,5.114999771118164,10081
2022-02-16 14:17:00-05:00,5.114999771118164,5.119999885559082,5.114999771118164,5.119999885559082,38043
2022-02-16 14:18:00-05:00,5.11899995803833,5.130000114440918,5.11899995803833,5.119999885559082,258389
2022-02-16 14:19:00-05:00,5.125,5.125,5.125,5.125,393
2022-02-16 14:20:00-05:00,5.125,5.125,5.119999885559082,5.125,9353
2022-02-16 14:21:00-05:00,5.125,5.130000114440918,5.125,5.129899978637695,438165
2022-02-16 14:22:00-05:00,5.130000114440918,5.139999866485596,5.1265997886657715,5.135000228881836,167543
2022-02-16 14:23:00-05:00,5.135200023651123,5.135200023651123,5.130000114440918,5.135000228881836,14936
2022-02-16 14:24:00-05:00,5.130000114440918,5.135000228881836,5.130000114440918,5.130000114440918,5174
2022-02-16 14:25:00-05:00,5.133399963378906,5.135000228881836,5.130000114440918,5.135000228881836,23475
2022-02-16 14:26:00-05:00,5.13100004196167,5.139999866485596,5.130000114440918,5.139999866485596,30731
2022-02-16 14:27:00-05:00,5.139999866485596,5.139999866485596,5.135000228881836,5.135000228881836,12451
2022-02-16 14:28:00-05:00,5.135000228881836,5.139999866485596,5.135000228881836,5.135000228881836,1600
2022-02-16 14:29:00-05:00,5.135000228881836,5.139999866485596,5.135000228881836,5.139999866485596,13045
2022-02-16 14:30:00-05:00,5.139999866485596,5.150000095367432,5.135000228881836,5.150000095367432,359405
2022-02-16 14:31:00-05:00,5.144999980926514,5.150000095367432,5.144999980926514,5.144999980926514,949
2022-02-16 14:32:00-05:00,5.144999980926514,5.150000095367432,5.144999980926514,5.150000095367432,6415
2022-02-16 14:33:00-05:00,5.144999980926514,5.150000095367432,5.139999866485596,5.150000095367432,61542
2022-02-16 14:34:00-05:00,5.144999980926514,5.144999980926514,5.135000228881836,5.136600017547607,421908
2022-02-16 14:36:00-05:00,5.135000228881836,5.135000228881836,5.130000114440918,5.13070011138916,10601
2022-02-16 14:37:00-05:00,5.130000114440918,5.135000228881836,5.130000114440918,5.135000228881836,82101
2022-02-16 14:38:00-05:00,5.135000228881836,5.135000228881836,5.130000114440918,5.130000114440918,57479
2022-02-16 14:39:00-05:00,5.130000114440918,5.135000228881836,5.130000114440918,5.135000228881836,18183
2022-02-16 14:40:00-05:00,5.136199951171875,5.136199951171875,5.130000114440918,5.130000114440918,17880
2022-02-16 14:41:00-05:00,5.130000114440918,5.131999969482422,5.122000217437744,5.125,256445
2022-02-16 14:42:00-05:00,5.119999885559082,5.125,5.119999885559082,5.125,5033
2022-02-16 14:43:00-05:00,5.125,5.130000114440918,5.125,5.130000114440918,29108
2022-02-16 14:44:00-05:00,5.130000114440918,5.130000114440918,5.125,5.126699924468994,85169
2022-02-16 14:45:00-05:00,5.125,5.130000114440918,5.125,5.128499984741211,158327
2022-02-16 14:46:00-05:00,5.130000114440918,5.130000114440918,5.130000114440918,5.130000114440918,160
2022-02-16 14:47:00-05:00,5.130000114440918,5.130000114440918,5.125,5.125,36221
2022-02-16 14:48:00-05:00,5.125,5.125,5.120100021362305,5.123600006103516,8195
2022-02-16 14:49:00-05:00,5.130000114440918,5.130000114440918,5.130000114440918,5.130000114440918,715
2022-02-16 14:50:00-05:00,5.125,5.130000114440918,5.119999885559082,5.130000114440918,11331
2022-02-16 14:51:00-05:00,5.125,5.130000114440918,5.125,5.130000114440918,932
2022-02-16 14:52:00-05:00,5.130000114440918,5.130000114440918,5.125,5.130000114440918,9554
2022-02-16 14:53:00-05:00,5.130000114440918,5.130000114440918,5.125,5.130000114440918,23788
2022-02-16 14:54:00-05:00,5.130000114440918,5.130000114440918,5.126399993896484,5.126399993896484,2706
2022-02-16 14:55:00-05:00,5.130000114440918,5.130000114440918,5.125,5.125,19036
2022-02-16 14:56:00-05:00,5.125,5.130000114440918,5.120299816131592,5.130000114440918,3654
2022-02-16 14:57:00-05:00,5.130000114440918,5.130000114440918,5.125,5.125,5638
2022-02-16 14:58:00-05:00,5.125,5.130000114440918,5.125,5.130000114440918,46406
2022-02-16 14:59:00-05:00,5.125,5.130000114440918,5.125,5.130000114440918,25614
2022-02-16 15:00:00-05:00,5.130000114440918,5.130000114440918,5.125,5.125,33352
2022-02-16 15:01:00-05:00,5.125,5.125,5.122200012207031,5.122200012207031,15098
2022-02-16 15:02:00-05:00,5.125,5.125,5.124199867248535,5.124199867248535,1390
2022-02-16 15:03:00-05:00,5.125,5.130000114440918,5.125,5.125,97752
2022-02-16 15:04:00-05:00,5.125,5.135000228881836,5.120100021362305,5.135000228881836,329543
2022-02-16 15:05:00-05:00,5.130099773406982,5.135000228881836,5.130000114440918,5.130000114440918,87685
2022-02-16 15:06:00-05:00,5.130000114440918,5.133200168609619,5.130000114440918,5.130000114440918,97287
2022-02-16 15:07:00-05:00,5.130000114440918,5.135000228881836,5.130000114440918,5.130000114440918,55208
2022-02-16 15:08:00-05:00,5.130000114440918,5.133200168609619,5.130000114440918,5.130099773406982,265315
2022-02-16 15:09:00-05:00,5.130000114440918,5.130000114440918,5.125,5.125,189902
2022-02-16 15:11:00-05:00,5.130000114440918,5.130000114440918,5.124000072479248,5.124000072479248,26416
2022-02-16 15:12:00-05:00,5.125,5.125,5.125,5.125,2350
2022-02-16 15:13:00-05:00,5.120100021362305,5.125,5.119999885559082,5.125,7055
2022-02-16 15:14:00-05:00,5.119999885559082,5.123300075531006,5.119999885559082,5.123300075531006,2701
2022-02-16 15:15:00-05:00,5.125,5.125,5.125,5.125,4456
2022-02-16 15:16:00-05:00,5.119999885559082,5.130000114440918,5.119999885559082,5.119999885559082,27273
2022-02-16 15:17:00-05:00,5.125,5.125,5.119999885559082,5.120100021362305,22107
2022-02-16 15:18:00-05:00,5.119999885559082,5.125,5.119999885559082,5.119999885559082,57969
2022-02-16 15:19:00-05:00,5.125,5.125,5.119999885559082,5.125,4893
2022-02-16 15:20:00-05:00,5.125,5.125,5.119999885559082,5.119999885559082,60070
2022-02-16 15:21:00-05:00,5.119999885559082,5.125,5.119999885559082,5.119999885559082,56818
2022-02-16 15:22:00-05:00,5.120699882507324,5.120699882507324,5.110000133514404,5.110000133514404,649655
2022-02-16 15:23:00-05:00,5.110000133514404,5.114999771118164,5.110000133514404,5.110000133514404,76154
2022-02-16 15:24:00-05:00,5.110000133514404,5.114999771118164,5.110000133514404,5.110000133514404,19100
2022-02-16 15:25:00-05:00,5.114999771118164,5.114999771118164,5.110000133514404,5.110000133514404,11741
2022-02-16 15:26:00-05:00,5.110000133514404,5.110000133514404,5.110000133514404,5.110000133514404,36884
2022-02-16 15:27:00-05:00,5.114999771118164,5.119900226593018,5.110000133514404,5.114999771118164,5923
2022-02-16 15:28:00-05:00,5.114999771118164,5.114999771118164,5.110000133514404,5.110000133514404,13432
2022-02-16 15:29:00-05:00,5.110000133514404,5.119999885559082,5.110000133514404,5.119999885559082,11341
2022-02-16 15:30:00-05:00,5.114999771118164,5.119999885559082,5.110000133514404,5.110000133514404,11597
2022-02-16 15:31:00-05:00,5.114999771118164,5.119999885559082,5.110000133514404,5.114999771118164,24323
2022-02-16 15:32:00-05:00,5.114999771118164,5.114999771118164,5.110000133514404,5.114999771118164,4170
2022-02-16 15:33:00-05:00,5.114999771118164,5.114999771118164,5.110000133514404,5.110000133514404,40615
2022-02-16 15:34:00-05:00,5.114999771118164,5.119999885559082,5.110000133514404,5.119999885559082,26389
2022-02-16 15:35:00-05:00,5.119999885559082,5.119999885559082,5.114999771118164,5.116099834442139,115610
2022-02-16 15:36:00-05:00,5.119999885559082,5.119999885559082,5.114999771118164,5.114999771118164,5153
2022-02-16 15:37:00-05:00,5.119999885559082,5.119999885559082,5.114999771118164,5.119999885559082,34255
2022-02-16 15:38:00-05:00,5.114999771118164,5.130000114440918,5.1143999099731445,5.125,529009
2022-02-16 15:39:00-05:00,5.130000114440918,5.130000114440918,5.119999885559082,5.125,60089
2022-02-16 15:40:00-05:00,5.130000114440918,5.130000114440918,5.125,5.125,39304
2022-02-16 15:41:00-05:00,5.119999885559082,5.125199794769287,5.119999885559082,5.125199794769287,36841
2022-02-16 15:42:00-05:00,5.119999885559082,5.125,5.119999885559082,5.125,5621
2022-02-16 15:43:00-05:00,5.125,5.125,5.119999885559082,5.125,23987
2022-02-16 15:44:00-05:00,5.119999885559082,5.125,5.119999885559082,5.119999885559082,185080
2022-02-16 15:45:00-05:00,5.119999885559082,5.130000114440918,5.119999885559082,5.119999885559082,288278
2022-02-16 15:46:00-05:00,5.119999885559082,5.125,5.119999885559082,5.125,110651
2022-02-16 15:47:00-05:00,5.125,5.125,5.119999885559082,5.119999885559082,49398
2022-02-16 15:48:00-05:00,5.125,5.125,5.110000133514404,5.114999771118164,517823
2022-02-16 15:49:00-05:00,5.117199897766113,5.119999885559082,5.110000133514404,5.119999885559082,42620
2022-02-16 15:50:00-05:00,5.119900226593018,5.130000114440918,5.119900226593018,5.125,216510
2022-02-16 15:51:00-05:00,5.119999885559082,5.129899978637695,5.119999885559082,5.125,31546
2022-02-16 15:52:00-05:00,5.119999885559082,5.130000114440918,5.119999885559082,5.130000114440918,12916
2022-02-16 15:53:00-05:00,5.125,5.130000114440918,5.114999771118164,5.114999771118164,421898
2022-02-16 15:54:00-05:00,5.114999771118164,5.119900226593018,5.110000133514404,5.114999771118164,19015
2022-02-16 15:55:00-05:00,5.114999771118164,5.119999885559082,5.110000133514404,5.114999771118164,321024
2022-02-16 15:56:00-05:00,5.110000133514404,5.119999885559082,5.110000133514404,5.114999771118164,185837
2022-02-16 15:57:00-05:00,5.114999771118164,5.119999885559082,5.110000133514404,5.114999771118164,79867
2022-02-16 15:58:00-05:00,5.114999771118164,5.119999885559082,5.110000133514404,5.110000133514404,208643
2022-02-16 15:59:00-05:00,5.110000133514404,5.119999885559082,5.110000133514404,5.110000133514404,79864
2022-02-16 16:00:00-05:00,5.11,5.11,5.11,5.11,0
2022-02-16 16:01:00-05:00,5.11,5.11,5.11,5.11,0
2022-02-16 16:04:00-05:00,5.11,5.11,5.11,5.11,0
2022-02-16 16:05:00-05:00,5.11,5.11,5.11,5.11,0
2022-02-16 16:06:00-05:00,5.11,5.11,5.11,5.11,0
2022-02-16 16:07:00-05:00,5.11,5.11,5.11,5.11,0
2022-02-16 16:10:00-05:00,5.11,5.11,5.11,5.11,0
2022-02-16 17:05:00-05:00,5.11,5.11,5.11,5.11,0
2022-02-17 07:17:00-05:00,5.16,5.16,5.16,5.16,0
2022-02-17 07:20:00-05:00,5.16,5.16,5.16,5.16,0
2022-02-17 07:25:00-05:00,5.16,5.16,5.14,5.14,0
2022-02-17 07:30:00-05:00,5.13,5.13,5.13,5.13,0
2022-02-17 07:35:00-05:00,5.13,5.13,5.13,5.13,0
2022-02-17 08:08:00-05:00,5.08,5.08,5.08,5.08,0
2022-02-17 08:16:00-05:00,5.08,5.08,5.08,5.08,0
2022-02-17 08:20:00-05:00,5.09,5.1,5.09,5.1,0
2022-02-17 08:23:00-05:00,5.09,5.09,5.09,5.09,0
2022-02-17 08:30:00-05:00,5.09,5.09,5.09,5.09,0
2022-02-17 08:32:00-05:00,5.0801,5.0801,5.0801,5.0801,0
2022-02-17 08:33:00-05:00,5.09,5.09,5.09,5.09,0
2022-02-17 08:34:00-05:00,5.09,5.09,5.09,5.09,0
2022-02-17 08:45:00-05:00,5.08,5.08,5.08,5.08,0
2022-02-17 08:46:00-05:00,5.07,5.07,5.07,5.07,0
2022-02-17 08:47:00-05:00,5.08,5.08,5.08,5.08,0
2022-02-17 08:50:00-05:00,5.08,5.08,5.08,5.08,0
2022-02-17 08:51:00-05:00,5.09,5.09,5.09,5.09,0
2022-02-17 09:00:00-05:00,5.09,5.09,5.09,5.09,0
2022-02-17 09:01:00-05:00,5.1,5.1,5.09,5.09,0
2022-02-17 09:03:00-05:00,5.0801,5.0801,5.0801,5.0801,0
2022-02-17 09:06:00-05:00,5.08,5.08,5.08,5.08,0
2022-02-17 09:08:00-05:00,5.07,5.07,5.07,5.07,0
2022-02-17 09:09:00-05:00,5.07,5.07,5.07,5.07,0
2022-02-17 09:11:00-05:00,5.07,5.07,5.07,5.07,0
2022-02-17 09:12:00-05:00,5.07,5.07,5.07,5.07,0
2022-02-17 09:14:00-05:00,5.07,5.07,5.07,5.07,0
2022-02-17 09:30:00-05:00,5.050000190734863,5.059999942779541,5.050000190734863,5.059999942779541,290714
2022-02-17 09:31:00-05:00,5.059999942779541,5.070000171661377,5.050000190734863,5.065000057220459,192599
2022-02-17 09:32:00-05:00,5.065000057220459,5.065000057220459,5.059999942779541,5.059999942779541,5027
2022-02-17 09:33:00-05:00,5.059999942779541,5.070000171661377,5.059999942779541,5.065000057220459,26427
2022-02-17 09:34:00-05:00,5.070000171661377,5.085000038146973,5.065000057220459,5.079999923706055,694793
2022-02-17 09:35:00-05:00,5.074999809265137,5.085000038146973,5.074999809265137,5.079999923706055,230423
2022-02-17 09:36:00-05:00,5.079999923706055,5.079999923706055,5.059999942779541,5.063199996948242,294929
2022-02-17 09:37:00-05:00,5.059999942779541,5.059999942779541,5.039999961853027,5.045000076293945,365147
2022-02-17 09:38:00-05:00,5.045000076293945,5.051400184631348,5.039999961853027,5.050000190734863,482441
2022-02-17 09:39:00-05:00,5.050000190734863,5.059999942779541,5.050000190734863,5.059999942779541,55588
2022-02-17 09:40:00-05:00,5.054999828338623,5.059999942779541,5.050000190734863,5.050000190734863,66543
2022-02-17 09:41:00-05:00,5.054999828338623,5.065000057220459,5.054999828338623,5.059999942779541,84005
2022-02-17 09:42:00-05:00,5.065000057220459,5.066199779510498,5.054999828338623,5.054999828338623,176299
2022-02-17 09:43:00-05:00,5.059999942779541,5.065000057220459,5.054999828338623,5.061999797821045,121583
2022-02-17 09:44:00-05:00,5.065000057220459,5.079999923706055,5.059999942779541,5.065000057220459,414409
2022-02-17 09:45:00-05:00,5.065000057220459,5.065000057220459,5.065000057220459,5.065000057220459,6550
2022-02-17 09:46:00-05:00,5.065000057220459,5.065000057220459,5.054999828338623,5.054999828338623,371436
2022-02-17 09:47:00-05:00,5.054999828338623,5.054999828338623,5.050000190734863,5.050000190734863,9432
2022-02-17 09:48:00-05:00,5.050000190734863,5.054999828338623,5.043600082397461,5.049900054931641,145849
2022-02-17 09:49:00-05:00,5.045000076293945,5.059199810028076,5.045000076293945,5.054999828338623,418912
2022-02-17 09:50:00-05:00,5.054999828338623,5.054999828338623,5.050000190734863,5.054999828338623,14857
2022-02-17 09:51:00-05:00,5.059999942779541,5.059999942779541,5.039999961853027,5.045000076293945,581352
2022-02-17 09:52:00-05:00,5.039999961853027,5.039999961853027,5.03000020980835,5.034999847412109,107337
2022-02-17 09:53:00-05:00,5.03000020980835,5.034999847412109,5.03000020980835,5.03000020980835,150812
2022-02-17 09:54:00-05:00,5.034999847412109,5.034999847412109,5.03000020980835,5.03000020980835,2230
2022-02-17 09:55:00-05:00,5.034999847412109,5.048999786376953,5.03000020980835,5.034999847412109,428731
2022-02-17 09:56:00-05:00,5.034999847412109,5.034999847412109,5.025000095367432,5.03000020980835,372169
2022-02-17 09:57:00-05:00,5.03000020980835,5.03000020980835,5.02269983291626,5.029900074005127,214579
2022-02-17 09:58:00-05:00,5.03000020980835,5.03000020980835,5.012700080871582,5.019999980926514,1177211
2022-02-17 09:59:00-05:00,5.019999980926514,5.019999980926514,5.014999866485596,5.019899845123291,182143
2022-02-17 10:00:00-05:00,5.019999980926514,5.019999980926514,5.014999866485596,5.019999980926514,45409
2022-02-17 10:01:00-05:00,5.019999980926514,5.03000020980835,5.019999980926514,5.025000095367432,65696
2022-02-17 10:02:00-05:00,5.025000095367432,5.03000020980835,5.025000095367432,5.03000020980835,130129
2022-02-17 10:03:00-05:00,5.03000020980835,5.03000020980835,5.019999980926514,5.03000020980835,338529
2022-02-17 10:04:00-05:00,5.03000020980835,5.03000020980835,5.025000095367432,5.025199890136719,11802
2022-02-17 10:05:00-05:00,5.03000020980835,5.03000020980835,5.019999980926514,5.025000095367432,50185
2022-02-17 10:06:00-05:00,5.03000020980835,5.034999847412109,5.025000095367432,5.03000020980835,491274
2022-02-17 10:07:00-05:00,5.03000020980835,5.03000020980835,5.025000095367432,5.03000020980835,125513
2022-02-17 10:08:00-05:00,5.03000020980835,5.03000020980835,5.025000095367432,5.03000020980835,42189
2022-02-17 10:09:00-05:00,5.03000020980835,5.034999847412109,5.019999980926514,5.03000020980835,282607
2022-02-17 10:10:00-05:00,5.03000020980835,5.03000020980835,5.025000095367432,5.025000095367432,212753
2022-02-17 10:11:00-05:00,5.019999980926514,5.03000020980835,5.019999980926514,5.03000020980835,113502
2022-02-17 10:12:00-05:00,5.03000020980835,5.03000020980835,5.019999980926514,5.03000020980835,101920
2022-02-17 16:00:00-05:00,5.01,5.01,5.01,5.01,0
2022-02-17 16:34:00-05:00,5.01,5.01,5.01,5.01,0
2022-02-17 16:42:00-05:00,5.01,5.01,5.01,5.01,0
2022-02-17 16:59:00-05:00,5.01,5.01,5.01,5.01,0
2022-02-17 17:46:00-05:00,5.08,5.08,5.08,5.08,0
2022-02-17 18:36:00-05:00,5.12,5.12,5.12,5.12,0
2022-02-17 18:37:00-05:00,5.12,5.12,5.11,5.12,0
2022-02-17 18:38:00-05:00,5.19,5.19,5.11,5.11,0
2022-02-17 19:46:00-05:00,4.97,4.97,4.97,4.97,0
2022-02-18 04:00:00-05:00,4.98,4.98,4.98,4.98,0
2022-02-18 07:00:00-05:00,4.97,4.98,4.97,4.98,0
2022-02-18 08:02:00-05:00,5.07,5.07,5.05,5.05,0
2022-02-18 08:03:00-05:00,5.04,5.04,5.04,5.04,0
2022-02-18 08:04:00-05:00,5.04,5.05,5.04,5.05,0
2022-02-18 08:05:00-05:00,5.06,5.08,5.05,5.06,0
2022-02-18 08:06:00-05:00,5.05,5.05,5.05,5.05,0
2022-02-18 08:07:00-05:00,5.05,5.05,5.05,5.05,0
2022-02-18 08:12:00-05:00,5.04,5.04,5.04,5.04,0
2022-02-18 08:13:00-05:00,5.05,5.05,5.05,5.05,0
2022-02-18 08:15:00-05:00,5.04,5.04,5.04,5.04,0
2022-02-18 08:17:00-05:00,5.05,5.06,5.05,5.06,0
2022-02-18 08:19:00-05:00,5.06,5.07,5.06,5.07,0
2022-02-18 08:20:00-05:00,5.07,5.07,5.07,5.07,0
2022-02-18 08:21:00-05:00,5.08,5.09,5.08,5.09,0
2022-02-18 08:22:00-05:00,5.1,5.11,5.1,5.11,0
2022-02-18 08:23:00-05:00,5.1,5.1,5.1,5.1,0
2022-02-18 08:24:00-05:00,5.1,5.1,5.1,5.1,0
2022-02-18 08:35:00-05:00,5.1,5.1,5.1,5.1,0
2022-02-18 08:39:00-05:00,5.11,5.12,5.11,5.12,0
2022-02-18 08:40:00-05:00,5.12,5.12,5.11,5.11,0
2022-02-18 08:41:00-05:00,5.11,5.11,5.11,5.11,0
2022-02-18 08:44:00-05:00,5.11,5.11,5.11,5.11,0
2022-02-18 08:45:00-05:00,5.11,5.11,5.11,5.11,0
2022-02-18 08:49:00-05:00,5.11,5.11,5.11,5.11,0
2022-02-18 08:50:00-05:00,5.11,5.11,5.11,5.11,0
2022-02-18 08:52:00-05:00,5.12,5.12,5.12,5.12,0
2022-02-18 08:53:00-05:00,5.12,5.12,5.12,5.12,0
2022-02-18 08:54:00-05:00,5.12,5.12,5.12,5.12,0
2022-02-18 08:55:00-05:00,5.12,5.12,5.12,5.12,0
2022-02-18 08:56:00-05:00,5.11,5.11,5.11,5.11,0
2022-02-18 09:00:00-05:00,5.1,5.1,5.09,5.09,0
2022-02-18 09:01:00-05:00,5.09,5.09,5.09,5.09,0
2022-02-18 09:02:00-05:00,5.09,5.09,5.09,5.09,0
2022-02-18 09:08:00-05:00,5.11,5.11,5.11,5.11,0
2022-02-18 09:09:00-05:00,5.11,5.11,5.11,5.11,0
2022-02-18 09:12:00-05:00,5.1,5.1,5.1,5.1,0
2022-02-18 09:13:00-05:00,5.11,5.11,5.11,5.11,0
2022-02-18 09:14:00-05:00,5.11,5.11,5.11,5.11,0
2022-02-18 09:30:00-05:00,5.079999923706055,5.085000038146973,5.059999942779541,5.079999923706055,577062
2022-02-18 09:31:00-05:00,5.079999923706055,5.090000152587891,5.070000171661377,5.070000171661377,178984
2022-02-18 09:32:00-05:00,5.070000171661377,5.085000038146973,5.070000171661377,5.079999923706055,80129
2022-02-18 09:33:00-05:00,5.079999923706055,5.085000038146973,5.079999923706055,5.085000038146973,90375
2022-02-18 09:34:00-05:00,5.079999923706055,5.079999923706055,5.070000171661377,5.074999809265137,145611
2022-02-18 09:35:00-05:00,5.074999809265137,5.074999809265137,5.070000171661377,5.070000171661377,7554
2022-02-18 09:36:00-05:00,5.070000171661377,5.079999923706055,5.070000171661377,5.074999809265137,47843
2022-02-18 09:37:00-05:00,5.074999809265137,5.090000152587891,5.074999809265137,5.085000038146973,204915
2022-02-18 09:38:00-05:00,5.079999923706055,5.085000038146973,5.074999809265137,5.080100059509277,556177
2022-02-18 09:39:00-05:00,5.085000038146973,5.090000152587891,5.079999923706055,5.085000038146973,53530
2022-02-18 09:40:00-05:00,5.090000152587891,5.090000152587891,5.079999923706055,5.085000038146973,30885
2022-02-18 09:41:00-05:00,5.085000038146973,5.085000038146973,5.079999923706055,5.085000038146973,23134
2022-02-18 09:42:00-05:00,5.079999923706055,5.085000038146973,5.079999923706055,5.079999923706055,2025
2022-02-18 09:43:00-05:00,5.085000038146973,5.085000038146973,5.079999923706055,5.079999923706055,3610
2022-02-18 09:44:00-05:00,5.085000038146973,5.088200092315674,5.070000171661377,5.070000171661377,120133
2022-02-18 09:45:00-05:00,5.070000171661377,5.074999809265137,5.065000057220459,5.065000057220459,62099
2022-02-18 09:46:00-05:00,5.059999942779541,5.059999942779541,5.059999942779541,5.059999942779541,42306
2022-02-18 09:47:00-05:00,5.065000057220459,5.074999809265137,5.065000057220459,5.072199821472168,209916
2022-02-18 09:48:00-05:00,5.074999809265137,5.079999923706055,5.072999954223633,5.077899932861328,166291
2022-02-18 09:49:00-05:00,5.079699993133545,5.090000152587891,5.074999809265137,5.085000038146973,92366
2022-02-18 09:50:00-05:00,5.085000038146973,5.090000152587891,5.079999923706055,5.085000038146973,1101
2022-02-18 09:51:00-05:00,5.085000038146973,5.090000152587891,5.079999923706055,5.079999923706055,79622
2022-02-18 09:52:00-05:00,5.079999923706055,5.085000038146973,5.079999923706055,5.085000038146973,19672
2022-02-18 09:53:00-05:00,5.085000038146973,5.090000152587891,5.085000038146973,5.085000038146973,18170
2022-02-18 09:54:00-05:00,5.085000038146973,5.090000152587891,5.079999923706055,5.090000152587891,8234
2022-02-18 09:55:00-05:00,5.090000152587891,5.099999904632568,5.085000038146973,5.09499979019165,318053
2022-02-18 09:56:00-05:00,5.09499979019165,5.099999904632568,5.09499979019165,5.09499979019165,60198
2022-02-18 09:57:00-05:00,5.09499979019165,5.099999904632568,5.090000152587891,5.09499979019165,140871
2022-02-18 09:58:00-05:00,5.09499979019165,5.110000133514404,5.094799995422363,5.105000019073486,445797
2022-02-18 09:59:00-05:00,5.105000019073486,5.110000133514404,5.100100040435791,5.110000133514404,33852
2022-02-18 10:00:00-05:00,5.110000133514404,5.110000133514404,5.099999904632568,5.099999904632568,751045
2022-02-18 10:01:00-05:00,5.10099983215332,5.105500221252441,5.09499979019165,5.09499979019165,352191
2022-02-18 10:02:00-05:00,5.099400043487549,5.109899997711182,5.09499979019165,5.099999904632568,619657
2022-02-18 10:03:00-05:00,5.099999904632568,5.110000133514404,5.099999904632568,5.110000133514404,234220
2022-02-18 10:04:00-05:00,5.110000133514404,5.110000133514404,5.105000019073486,5.110000133514404,26108
2022-02-18 10:05:00-05:00,5.110000133514404,5.110000133514404,5.105000019073486,5.110000133514404,7222
2022-02-18 10:06:00-05:00,5.099999904632568,5.110000133514404,5.099999904632568,5.105000019073486,49720
2022-02-18 10:07:00-05:00,5.105000019073486,5.109899997711182,5.099999904632568,5.099999904632568,411650
2022-02-18 10:08:00-05:00,5.099999904632568,5.105000019073486,5.099999904632568,5.099999904632568,38085
2022-02-18 10:09:00-05:00,5.099999904632568,5.105000019073486,5.09499979019165,5.09499979019165,113713
2022-02-18 10:10:00-05:00,5.09499979019165,5.110000133514404,5.09499979019165,5.099999904632568,360541
2022-02-18 10:11:00-05:00,5.099999904632568,5.105000019073486,5.099999904632568,5.099999904632568,38901
2022-02-18 10:12:00-05:00,5.099999904632568,5.105000019073486,5.099999904632568,5.099999904632568,108857
2022-02-18 10:13:00-05:00,5.100200176239014,5.105000019073486,5.099999904632568,5.099999904632568,48043
2022-02-18 10:14:00-05:00,5.099999904632568,5.105000019073486,5.099999904632568,5.105000019073486,76717
2022-02-18 10:15:00-05:00,5.105000019073486,5.119999885559082,5.105000019073486,5.110000133514404,300714
2022-02-18 10:16:00-05:00,5.110000133514404,5.115499973297119,5.105000019073486,5.105000019073486,188716
2022-02-18 10:17:00-05:00,5.105000019073486,5.105000019073486,5.099999904632568,5.099999904632568,3662
2022-02-18 10:18:00-05:00,5.105000019073486,5.107500076293945,5.099999904632568,5.105000019073486,52527
2022-02-18 10:19:00-05:00,5.099999904632568,5.105000019073486,5.099999904632568,5.099999904632568,4170
2022-02-18 10:20:00-05:00,5.099999904632568,5.109899997711182,5.099999904632568,5.105000019073486,35658
2022-02-18 10:21:00-05:00,5.105000019073486,5.110000133514404,5.105000019073486,5.105000019073486,409987
2022-02-18 10:22:00-05:00,5.105000019073486,5.110000133514404,5.099999904632568,5.105000019073486,92827
2022-02-18 10:23:00-05:00,5.105000019073486,5.105000019073486,5.099999904632568,5.105000019073486,23623
2022-02-18 10:24:00-05:00,5.105000019073486,5.105000019073486,5.099999904632568,5.099999904632568,84136
2022-02-18 10:25:00-05:00,5.099999904632568,5.105000019073486,5.099999904632568,5.105000019073486,51580
2022-02-18 10:26:00-05:00,5.099999904632568,5.099999904632568,5.09499979019165,5.09499979019165,327787
2022-02-18 10:27:00-05:00,5.097799777984619,5.099999904632568,5.090000152587891,5.099999904632568,41495
2022-02-18 10:28:00-05:00,5.09499979019165,5.09499979019165,5.09499979019165,5.09499979019165,2278
2022-02-18 10:29:00-05:00,5.09499979019165,5.09499979019165,5.090000152587891,5.090000152587891,57781
2022-02-18 10:30:00-05:00,5.09499979019165,5.097099781036377,5.090000152587891,5.093200206756592,249017
2022-02-18 10:31:00-05:00,5.090000152587891,5.09499979019165,5.084199905395508,5.085000038146973,108634
2022-02-18 10:32:00-05:00,5.085000038146973,5.090000152587891,5.079999923706055,5.085000038146973,34712
2022-02-18 10:33:00-05:00,5.090000152587891,5.090000152587891,5.085000038146973,5.090000152587891,20623
2022-02-18 10:34:00-05:00,5.090000152587891,5.09499979019165,5.090000152587891,5.09499979019165,202840
2022-02-18 10:35:00-05:00,5.09499979019165,5.09499979019165,5.09499979019165,5.09499979019165,21100
2022-02-18 10:36:00-05:00,5.09499979019165,5.106400012969971,5.09499979019165,5.105000019073486,324953
2022-02-18 10:37:00-05:00,5.105000019073486,5.110000133514404,5.105000019073486,5.105000019073486,36375
2022-02-18 10:38:00-05:00,5.099999904632568,5.105000019073486,5.099999904632568,5.105000019073486,10156
2022-02-18 10:39:00-05:00,5.099999904632568,5.105000019073486,5.099999904632568,5.099999904632568,75025
2022-02-18 10:40:00-05:00,5.099999904632568,5.105000019073486,5.094799995422363,5.094799995422363,160411
2022-02-18 10:41:00-05:00,5.090000152587891,5.09499979019165,5.090000152587891,5.090000152587891,61645
2022-02-18 10:42:00-05:00,5.090000152587891,5.096199989318848,5.090000152587891,5.09499979019165,15535
2022-02-18 10:43:00-05:00,5.090000152587891,5.09499979019165,5.090000152587891,5.090000152587891,3070
2022-02-18 10:44:00-05:00,5.09499979019165,5.09499979019165,5.090000152587891,5.090000152587891,3014
2022-02-18 10:45:00-05:00,5.09499979019165,5.09499979019165,5.090000152587891,5.09499979019165,11565
2022-02-18 10:46:00-05:00,5.09499979019165,5.09499979019165,5.090000152587891,5.090000152587891,82758
2022-02-18 10:47:00-05:00,5.090000152587891,5.09499979019165,5.090000152587891,5.090000152587891,3500
2022-02-18 10:48:00-05:00,5.090000152587891,5.09499979019165,5.079999923706055,5.085000038146973,109069
2022-02-18 10:49:00-05:00,5.085000038146973,5.090000152587891,5.085000038146973,5.085000038146973,10100
2022-02-18 10:50:00-05:00,5.085000038146973,5.099999904632568,5.085000038146973,5.09499979019165,320077
2022-02-18 10:51:00-05:00,5.090000152587891,5.090000152587891,5.090000152587891,5.090000152587891,19077
2022-02-18 10:52:00-05:00,5.090000152587891,5.09499979019165,5.090000152587891,5.09499979019165,2616
2022-02-18 10:53:00-05:00,5.090000152587891,5.09499979019165,5.090000152587891,5.090000152587891,21400
2022-02-18 10:54:00-05:00,5.090000152587891,5.09660005569458,5.090000152587891,5.09499979019165,2910
2022-02-18 10:55:00-05:00,5.09499979019165,5.09499979019165,5.090000152587891,5.090000152587891,2940
2022-02-18 10:56:00-05:00,5.090000152587891,5.09499979019165,5.090000152587891,5.090000152587891,4905
2022-02-18 10:57:00-05:00,5.09499979019165,5.09499979019165,5.090000152587891,5.090000152587891,3600
2022-02-18 10:58:00-05:00,5.090000152587891,5.09499979019165,5.090000152587891,5.090000152587891,20376
2022-02-18 10:59:00-05:00,5.09499979019165,5.09499979019165,5.090000152587891,5.090000152587891,5405
2022-02-18 11:00:00-05:00,5.090000152587891,5.09499979019165,5.085000038146973,5.085000038146973,292920
2022-02-18 11:01:00-05:00,5.085000038146973,5.090000152587891,5.085000038146973,5.085000038146973,30538
2022-02-18 11:02:00-05:00,5.085000038146973,5.090000152587891,5.079999923706055,5.085000038146973,177605
2022-02-18 11:03:00-05:00,5.079999923706055,5.085000038146973,5.070000171661377,5.070000171661377,176423
2022-02-18 11:04:00-05:00,5.070000171661377,5.074999809265137,5.065000057220459,5.069900035858154,73212
2022-02-18 11:05:00-05:00,5.069799900054932,5.070000171661377,5.065000057220459,5.065000057220459,149042
2022-02-18 11:06:00-05:00,5.065000057220459,5.079999923706055,5.065000057220459,5.070000171661377,285175
2022-02-18 11:07:00-05:00,5.070000171661377,5.074999809265137,5.070000171661377,5.074999809265137,19300
2022-02-18 11:08:00-05:00,5.070000171661377,5.074999809265137,5.070000171661377,5.070000171661377,18122
2022-02-18 11:09:00-05:00,5.070000171661377,5.079999923706055,5.059999942779541,5.065000057220459,282105
2022-02-18 11:10:00-05:00,5.065000057220459,5.067599773406982,5.059999942779541,5.059999942779541,22152
2022-02-18 11:11:00-05:00,5.059999942779541,5.065000057220459,5.054999828338623,5.054999828338623,235113
2022-02-18 11:12:00-05:00,5.054999828338623,5.054999828338623,5.050000190734863,5.054999828338623,4600
2022-02-18 11:13:00-05:00,5.054999828338623,5.059999942779541,5.050000190734863,5.054999828338623,141500
2022-02-18 11:14:00-05:00,5.054999828338623,5.059999942779541,5.050000190734863,5.054999828338623,7284
2022-02-18 11:15:00-05:00,5.054999828338623,5.054999828338623,5.050000190734863,5.054999828338623,5302
2022-02-18 11:16:00-05:00,5.054999828338623,5.059999942779541,5.054999828338623,5.054999828338623,18185
2022-02-18 11:17:00-05:00,5.054999828338623,5.070000171661377,5.054999828338623,5.065000057220459,471803
2022-02-18 11:18:00-05:00,5.065000057220459,5.070000171661377,5.065000057220459,5.065000057220459,30724
2022-02-18 11:19:00-05:00,5.065000057220459,5.070000171661377,5.059999942779541,5.065000057220459,40685
2022-02-18 11:20:00-05:00,5.070000171661377,5.079999923706055,5.059999942779541,5.074999809265137,296693
2022-02-18 11:21:00-05:00,5.079999923706055,5.079999923706055,5.073400020599365,5.074999809265137,17885
2022-02-18 11:22:00-05:00,5.074999809265137,5.079999923706055,5.070000171661377,5.074999809265137,24364
2022-02-18 11:23:00-05:00,5.074999809265137,5.079999923706055,5.073500156402588,5.079899787902832,23300
2022-02-18 11:24:00-05:00,5.079999923706055,5.079999923706055,5.074999809265137,5.079100131988525,257767
2022-02-18 11:25:00-05:00,5.079999923706055,5.079999923706055,5.074999809265137,5.079999923706055,94159
2022-02-18 11:26:00-05:00,5.079999923706055,5.090000152587891,5.076700210571289,5.085000038146973,232365
2022-02-18 11:27:00-05:00,5.085000038146973,5.085000038146973,5.079999923706055,5.079999923706055,224335
2022-02-18 11:28:00-05:00,5.080100059509277,5.085000038146973,5.079999923706055,5.079999923706055,126475
2022-02-18 11:29:00-05:00,5.079999923706055,5.085000038146973,5.079999923706055,5.079999923706055,21382
2022-02-18 11:30:00-05:00,5.079999923706055,5.079999923706055,5.070000171661377,5.070000171661377,331003
2022-02-18 11:31:00-05:00,5.070000171661377,5.079999923706055,5.070000171661377,5.074999809265137,60204
2022-02-18 11:32:00-05:00,5.074999809265137,5.079999923706055,5.070000171661377,5.070000171661377,88885
2022-02-18 11:33:00-05:00,5.070000171661377,5.070000171661377,5.059999942779541,5.059999942779541,166320
2022-02-18 11:34:00-05:00,5.059999942779541,5.070000171661377,5.059999942779541,5.065000057220459,16761
2022-02-18 11:35:00-05:00,5.065000057220459,5.070000171661377,5.065000057220459,5.065000057220459,6590
2022-02-18 11:36:00-05:00,5.065000057220459,5.070000171661377,5.065000057220459,5.065000057220459,117109
2022-02-18 11:37:00-05:00,5.065000057220459,5.070000171661377,5.065000057220459,5.065000057220459,17666
2022-02-18 11:38:00-05:00,5.065000057220459,5.074999809265137,5.065000057220459,5.070000171661377,487872
2022-02-18 11:39:00-05:00,5.070099830627441,5.079999923706055,5.070000171661377,5.070000171661377,21580
2022-02-18 11:40:00-05:00,5.074999809265137,5.079999923706055,5.070000171661377,5.070000171661377,10189
2022-02-18 11:41:00-05:00,5.070000171661377,5.079999923706055,5.070000171661377,5.070000171661377,9681
2022-02-18 11:42:00-05:00,5.074999809265137,5.074999809265137,5.070000171661377,5.070000171661377,45711
2022-02-18 11:43:00-05:00,5.074999809265137,5.074999809265137,5.070000171661377,5.070000171661377,8577
2022-02-18 11:44:00-05:00,5.070000171661377,5.079999923706055,5.059999942779541,5.079999923706055,376417
2022-02-18 11:45:00-05:00,5.074999809265137,5.074999809265137,5.070000171661377,5.070000171661377,1100
2022-02-18 11:46:00-05:00,5.070000171661377,5.074999809265137,5.070000171661377,5.070000171661377,9927
2022-02-18 11:47:00-05:00,5.074999809265137,5.074999809265137,5.070000171661377,5.074999809265137,3201
2022-02-18 11:48:00-05:00,5.0792999267578125,5.0792999267578125,5.074999809265137,5.074999809265137,5971
2022-02-18 11:49:00-05:00,5.070000171661377,5.074999809265137,5.070000171661377,5.070000171661377,13276
2022-02-18 11:50:00-05:00,5.074999809265137,5.074999809265137,5.070000171661377,5.070000171661377,3555
2022-02-18 11:51:00-05:00,5.074999809265137,5.074999809265137,5.070000171661377,5.070000171661377,2501
2022-02-18 11:52:00-05:00,5.074999809265137,5.074999809265137,5.070000171661377,5.070000171661377,12209
2022-02-18 11:53:00-05:00,5.070000171661377,5.074999809265137,5.070000171661377,5.070000171661377,3900
2022-02-18 11:54:00-05:00,5.070000171661377,5.074999809265137,5.070000171661377,5.074999809265137,10060
2022-02-18 11:55:00-05:00,5.074999809265137,5.079999923706055,5.070099830627441,5.074999809265137,326475
2022-02-18 11:56:00-05:00,5.074999809265137,5.079999923706055,5.070000171661377,5.074999809265137,30470
2022-02-18 11:57:00-05:00,5.070000171661377,5.074999809265137,5.070000171661377,5.070000171661377,17311
2022-02-18 11:58:00-05:00,5.074999809265137,5.074999809265137,5.059999942779541,5.065000057220459,335164
2022-02-18 11:59:00-05:00,5.065000057220459,5.065000057220459,5.059999942779541,5.065000057220459,2213
2022-02-18 12:00:00-05:00,5.065000057220459,5.065000057220459,5.064300060272217,5.065000057220459,18851
2022-02-18 12:01:00-05:00,5.059999942779541,5.065000057220459,5.059999942779541,5.059999942779541,6561
2022-02-18 12:02:00-05:00,5.059999942779541,5.059999942779541,5.050000190734863,5.050000190734863,326765
2022-02-18 12:03:00-05:00,5.050000190734863,5.059999942779541,5.050000190734863,5.054999828338623,132476
2022-02-18 12:04:00-05:00,5.054999828338623,5.059999942779541,5.054999828338623,5.054999828338623,120988
2022-02-18 12:05:00-05:00,5.059999942779541,5.065000057220459,5.054999828338623,5.065000057220459,502319
2022-02-18 12:06:00-05:00,5.065000057220459,5.065000057220459,5.059999942779541,5.065000057220459,24867
2022-02-18 12:07:00-05:00,5.065000057220459,5.065000057220459,5.059999942779541,5.065000057220459,7204
2022-02-18 12:08:00-05:00,5.059999942779541,5.065000057220459,5.059999942779541,5.065000057220459,63419
2022-02-18 12:09:00-05:00,5.065000057220459,5.070000171661377,5.059999942779541,5.065000057220459,357812
2022-02-18 12:10:00-05:00,5.070000171661377,5.070000171661377,5.059999942779541,5.065000057220459,70690
2022-02-18 12:11:00-05:00,5.070000171661377,5.070000171661377,5.059999942779541,5.065000057220459,126805
2022-02-18 12:12:00-05:00,5.065000057220459,5.070000171661377,5.059999942779541,5.065000057220459,90421
2022-02-18 12:13:00-05:00,5.059999942779541,5.065000057220459,5.059999942779541,5.065000057220459,15302
2022-02-18 12:14:00-05:00,5.065000057220459,5.070000171661377,5.059999942779541,5.059999942779541,28929
2022-02-18 12:15:00-05:00,5.065000057220459,5.070000171661377,5.059999942779541,5.065000057220459,5476
2022-02-18 12:16:00-05:00,5.065000057220459,5.070000171661377,5.065000057220459,5.065000057220459,10300
2022-02-18 12:17:00-05:00,5.065000057220459,5.070000171661377,5.065000057220459,5.065000057220459,249280
2022-02-18 12:18:00-05:00,5.065000057220459,5.070000171661377,5.065000057220459,5.065000057220459,15200
2022-02-18 12:19:00-05:00,5.065700054168701,5.065899848937988,5.065000057220459,5.065000057220459,3129
2022-02-18 12:20:00-05:00,5.065000057220459,5.070000171661377,5.065000057220459,5.065000057220459,3800
2022-02-18 12:21:00-05:00,5.066400051116943,5.066400051116943,5.059999942779541,5.065000057220459,4708
2022-02-18 12:22:00-05:00,5.059999942779541,5.070000171661377,5.059999942779541,5.065000057220459,8656
2022-02-18 12:23:00-05:00,5.065000057220459,5.065000057220459,5.059999942779541,5.065000057220459,1200
2022-02-18 12:24:00-05:00,5.065000057220459,5.065000057220459,5.059999942779541,5.059999942779541,8800
2022-02-18 12:25:00-05:00,5.059999942779541,5.065000057220459,5.059999942779541,5.065000057220459,11434
2022-02-18 12:26:00-05:00,5.065000057220459,5.065000057220459,5.059999942779541,5.065000057220459,5960
2022-02-18 12:27:00-05:00,5.065000057220459,5.065000057220459,5.059999942779541,5.059999942779541,5206
2022-02-18 12:28:00-05:00,5.059999942779541,5.070000171661377,5.059999942779541,5.065000057220459,52200
2022-02-18 12:29:00-05:00,5.065000057220459,5.070000171661377,5.059999942779541,5.070000171661377,2523
2022-02-18 12:30:00-05:00,5.065000057220459,5.065000057220459,5.050099849700928,5.054999828338623,652071
2022-02-18 12:31:00-05:00,5.050000190734863,5.070000171661377,5.050000190734863,5.065000057220459,619137
2022-02-18 12:32:00-05:00,5.065000057220459,5.065000057220459,5.059999942779541,5.065000057220459,1710
2022-02-18 12:33:00-05:00,5.065000057220459,5.065000057220459,5.065000057220459,5.065000057220459,3735
2022-02-18 12:34:00-05:00,5.065000057220459,5.070000171661377,5.059999942779541,5.060100078582764,80277
2022-02-18 12:35:00-05:00,5.065000057220459,5.065000057220459,5.059999942779541,5.065000057220459,4907
2022-02-18 12:36:00-05:00,5.065000057220459,5.070000171661377,5.065000057220459,5.065000057220459,85200
2022-02-18 12:37:00-05:00,5.059999942779541,5.065000057220459,5.050000190734863,5.054999828338623,378989
2022-02-18 12:38:00-05:00,5.050000190734863,5.054999828338623,5.050000190734863,5.050000190734863,25744
2022-02-18 12:39:00-05:00,5.050000190734863,5.057000160217285,5.050000190734863,5.050000190734863,184078
2022-02-18 12:40:00-05:00,5.050000190734863,5.050000190734863,5.050000190734863,5.050000190734863,36676
2022-02-18 12:41:00-05:00,5.050000190734863,5.059999942779541,5.050000190734863,5.054999828338623,33406
2022-02-18 12:42:00-05:00,5.059999942779541,5.059999942779541,5.053999900817871,5.056399822235107,106787
2022-02-18 12:43:00-05:00,5.054999828338623,5.054999828338623,5.050000190734863,5.0503997802734375,9507
2022-02-18 12:44:00-05:00,5.050000190734863,5.054999828338623,5.050000190734863,5.050000190734863,3934
2022-02-18 12:45:00-05:00,5.050000190734863,5.057000160217285,5.050000190734863,5.050000190734863,108619
2022-02-18 12:46:00-05:00,5.045000076293945,5.045000076293945,5.045000076293945,5.045000076293945,240332
2022-02-18 12:47:00-05:00,5.045000076293945,5.045000076293945,5.039999961853027,5.045000076293945,1700
2022-02-18 12:48:00-05:00,5.045000076293945,5.045000076293945,5.045000076293945,5.045000076293945,305
2022-02-18 12:49:00-05:00,5.045599937438965,5.045599937438965,5.045599937438965,5.045599937438965,687
2022-02-18 12:50:00-05:00,5.045000076293945,5.050000190734863,5.043900012969971,5.043900012969971,26478
2022-02-18 12:51:00-05:00,5.039999961853027,5.045000076293945,5.039999961853027,5.045000076293945,902
2022-02-18 12:52:00-05:00,5.045000076293945,5.050000190734863,5.045000076293945,5.045000076293945,38071
2022-02-18 12:53:00-05:00,5.045000076293945,5.050000190734863,5.043000221252441,5.045000076293945,313122
2022-02-18 12:54:00-05:00,5.039999961853027,5.049799919128418,5.039999961853027,5.0432000160217285,21300
2022-02-18 12:55:00-05:00,5.045000076293945,5.045000076293945,5.039999961853027,5.039999961853027,32106
2022-02-18 12:56:00-05:00,5.045000076293945,5.046999931335449,5.039999961853027,5.046999931335449,20400
2022-02-18 12:57:00-05:00,5.045000076293945,5.045000076293945,5.039999961853027,5.045000076293945,3475
2022-02-18 12:58:00-05:00,5.039999961853027,5.0432000160217285,5.039999961853027,5.039999961853027,21529
2022-02-18 12:59:00-05:00,5.039999961853027,5.045000076293945,5.039999961853027,5.045000076293945,24990
2022-02-18 13:00:00-05:00,5.045000076293945,5.045000076293945,5.0447001457214355,5.045000076293945,8803
2022-02-18 13:01:00-05:00,5.050000190734863,5.050000190734863,5.039999961853027,5.039999961853027,36144
2022-02-18 13:02:00-05:00,5.045000076293945,5.050000190734863,5.039999961853027,5.045000076293945,2225
2022-02-18 13:03:00-05:00,5.045000076293945,5.050000190734863,5.045000076293945,5.047999858856201,816452
2022-02-18 13:04:00-05:00,5.050000190734863,5.050000190734863,5.045000076293945,5.045000076293945,31825
2022-02-18 13:05:00-05:00,5.045000076293945,5.050000190734863,5.045000076293945,5.045000076293945,3388
2022-02-18 13:06:00-05:00,5.039999961853027,5.045000076293945,5.039999961853027,5.045000076293945,67887
2022-02-18 13:07:00-05:00,5.045000076293945,5.045000076293945,5.039999961853027,5.045000076293945,814
2022-02-18 13:08:00-05:00,5.045000076293945,5.050000190734863,5.045000076293945,5.045000076293945,38843
2022-02-18 13:09:00-05:00,5.045000076293945,5.050000190734863,5.043000221252441,5.045000076293945,29639
2022-02-18 13:10:00-05:00,5.050000190734863,5.050000190734863,5.045000076293945,5.050000190734863,71953
2022-02-18 13:11:00-05:00,5.050000190734863,5.059999942779541,5.050000190734863,5.050099849700928,193345
2022-02-18 13:12:00-05:00,5.054999828338623,5.059999942779541,5.0543999671936035,5.0543999671936035,8627
2022-02-18 13:13:00-05:00,5.054999828338623,5.054999828338623,5.054999828338623,5.054999828338623,1806
2022-02-18 13:14:00-05:00,5.054999828338623,5.059999942779541,5.050000190734863,5.053199768066406,21300
2022-02-18 13:15:00-05:00,5.052199840545654,5.054999828338623,5.050000190734863,5.054999828338623,48207
2022-02-18 13:16:00-05:00,5.050000190734863,5.050000190734863,5.045000076293945,5.045000076293945,337735
2022-02-18 13:17:00-05:00,5.045000076293945,5.045000076293945,5.045000076293945,5.045000076293945,4000
2022-02-18 13:18:00-05:00,5.045000076293945,5.045000076293945,5.045000076293945,5.045000076293945,900
2022-02-18 13:19:00-05:00,5.045000076293945,5.045000076293945,5.045000076293945,5.045000076293945,2035
2022-02-18 13:21:00-05:00,5.045000076293945,5.045000076293945,5.045000076293945,5.045000076293945,535
2022-02-18 13:22:00-05:00,5.045000076293945,5.054999828338623,5.043000221252441,5.050099849700928,757669
2022-02-18 13:23:00-05:00,5.050600051879883,5.0559000968933105,5.050000190734863,5.054999828338623,72461
2022-02-18 13:24:00-05:00,5.054999828338623,5.059999942779541,5.054999828338623,5.054999828338623,254915
2022-02-18 13:25:00-05:00,5.059999942779541,5.059999942779541,5.050099849700928,5.054999828338623,39472
2022-02-18 13:26:00-05:00,5.059999942779541,5.059999942779541,5.054999828338623,5.054999828338623,21951
2022-02-18 13:27:00-05:00,5.054999828338623,5.059999942779541,5.050000190734863,5.054999828338623,20660
2022-02-18 13:28:00-05:00,5.054999828338623,5.059999942779541,5.050000190734863,5.059999942779541,11000
2022-02-18 13:29:00-05:00,5.054999828338623,5.059999942779541,5.050000190734863,5.054999828338623,21663
2022-02-18 13:30:00-05:00,5.059999942779541,5.059999942779541,5.054999828338623,5.054999828338623,7999
2022-02-18 13:31:00-05:00,5.054999828338623,5.059999942779541,5.054999828338623,5.054999828338623,21683
2022-02-18 13:32:00-05:00,5.054999828338623,5.054999828338623,5.054999828338623,5.054999828338623,4300
2022-02-18 13:33:00-05:00,5.054999828338623,5.057400226593018,5.050000190734863,5.054999828338623,32730
2022-02-18 13:34:00-05:00,5.054999828338623,5.059999942779541,5.05210018157959,5.054999828338623,17502
2022-02-18 13:35:00-05:00,5.054999828338623,5.056399822235107,5.054999828338623,5.054999828338623,6206
2022-02-18 13:36:00-05:00,5.054999828338623,5.058300018310547,5.0543999671936035,5.054999828338623,11566
2022-02-18 13:37:00-05:00,5.054999828338623,5.059999942779541,5.054999828338623,5.054999828338623,5707
2022-02-18 13:38:00-05:00,5.054999828338623,5.059999942779541,5.054999828338623,5.054999828338623,35075
2022-02-18 13:39:00-05:00,5.054999828338623,5.065000057220459,5.054999828338623,5.059999942779541,330715
2022-02-18 13:40:00-05:00,5.062600135803223,5.065000057220459,5.059999942779541,5.060500144958496,31813
2022-02-18 13:41:00-05:00,5.070000171661377,5.070000171661377,5.059999942779541,5.059999942779541,118798
2022-02-18 13:42:00-05:00,5.065000057220459,5.065000057220459,5.059999942779541,5.065000057220459,65196
2022-02-18 13:43:00-05:00,5.059999942779541,5.065000057220459,5.059999942779541,5.059999942779541,7107
2022-02-18 13:44:00-05:00,5.059999942779541,5.065000057220459,5.059999942779541,5.059999942779541,974
2022-02-18 13:45:00-05:00,5.065000057220459,5.065000057220459,5.059999942779541,5.059999942779541,2030
2022-02-18 13:46:00-05:00,5.065000057220459,5.065000057220459,5.065000057220459,5.065000057220459,12202
2022-02-18 13:47:00-05:00,5.065000057220459,5.065000057220459,5.059999942779541,5.065000057220459,38237
2022-02-18 13:48:00-05:00,5.070000171661377,5.070000171661377,5.065000057220459,5.065000057220459,310
2022-02-18 13:49:00-05:00,5.065000057220459,5.070000171661377,5.065000057220459,5.065000057220459,2206
2022-02-18 13:50:00-05:00,5.065000057220459,5.070000171661377,5.065000057220459,5.065000057220459,2800
2022-02-18 13:51:00-05:00,5.066199779510498,5.066199779510498,5.065000057220459,5.065000057220459,1247
2022-02-18 13:52:00-05:00,5.065000057220459,5.065000057220459,5.059999942779541,5.059999942779541,5405
2022-02-18 13:53:00-05:00,5.059999942779541,5.065000057220459,5.059999942779541,5.065000057220459,5206
2022-02-18 13:54:00-05:00,5.059999942779541,5.065000057220459,5.059999942779541,5.059999942779541,50272
2022-02-18 13:55:00-05:00,5.065000057220459,5.065000057220459,5.059999942779541,5.059999942779541,9507
2022-02-18 13:56:00-05:00,5.065000057220459,5.065000057220459,5.059999942779541,5.065000057220459,15254
2022-02-18 13:57:00-05:00,5.059999942779541,5.070000171661377,5.059999942779541,5.059999942779541,4265
2022-02-18 13:58:00-05:00,5.059999942779541,5.065000057220459,5.059999942779541,5.065000057220459,2100
2022-02-18 13:59:00-05:00,5.065000057220459,5.065000057220459,5.065000057220459,5.065000057220459,10905
2022-02-18 14:00:00-05:00,5.065000057220459,5.065000057220459,5.059999942779541,5.065000057220459,6080
2022-02-18 14:01:00-05:00,5.059999942779541,5.065999984741211,5.059999942779541,5.065999984741211,10034
2022-02-18 14:02:00-05:00,5.059999942779541,5.065000057220459,5.059999942779541,5.065000057220459,4265
2022-02-18 14:03:00-05:00,5.059999942779541,5.065000057220459,5.059999942779541,5.059999942779541,2717
2022-02-18 14:04:00-05:00,5.065000057220459,5.065000057220459,5.054999828338623,5.054999828338623,520765
2022-02-18 14:05:00-05:00,5.054999828338623,5.054999828338623,5.054999828338623,5.054999828338623,2800
2022-02-18 14:06:00-05:00,5.054999828338623,5.054999828338623,5.054999828338623,5.054999828338623,12311
2022-02-18 14:07:00-05:00,5.054999828338623,5.054999828338623,5.050000190734863,5.054999828338623,9668
2022-02-18 14:08:00-05:00,5.050000190734863,5.054999828338623,5.050000190734863,5.054999828338623,6010
2022-02-18 14:09:00-05:00,5.054999828338623,5.054999828338623,5.050000190734863,5.054999828338623,1906
2022-02-18 14:10:00-05:00,5.054999828338623,5.054999828338623,5.054999828338623,5.054999828338623,9249
2022-02-18 14:11:00-05:00,5.054999828338623,5.054999828338623,5.050000190734863,5.054999828338623,73207
2022-02-18 14:12:00-05:00,5.050000190734863,5.054999828338623,5.050000190734863,5.050000190734863,6579
2022-02-18 14:13:00-05:00,5.054999828338623,5.054999828338623,5.050000190734863,5.050000190734863,18985
2022-02-18 14:14:00-05:00,5.050000190734863,5.059999942779541,5.050000190734863,5.054999828338623,17502
2022-02-18 14:15:00-05:00,5.054999828338623,5.054999828338623,5.050000190734863,5.054999828338623,2584
2022-02-18 14:16:00-05:00,5.054999828338623,5.054999828338623,5.050000190734863,5.054999828338623,48190
2022-02-18 14:17:00-05:00,5.054999828338623,5.059999942779541,5.054999828338623,5.054999828338623,20899
2022-02-18 14:18:00-05:00,5.059999942779541,5.059999942779541,5.050000190734863,5.050000190734863,12794
2022-02-18 14:19:00-05:00,5.054999828338623,5.054999828338623,5.050000190734863,5.054999828338623,2621
2022-02-18 14:20:00-05:00,5.054999828338623,5.059999942779541,5.052999973297119,5.054999828338623,144137
2022-02-18 14:21:00-05:00,5.054999828338623,5.070000171661377,5.054999828338623,5.070000171661377,555648
2022-02-18 14:22:00-05:00,5.065000057220459,5.070000171661377,5.065000057220459,5.070000171661377,1599
2022-02-18 14:23:00-05:00,5.065000057220459,5.070000171661377,5.059999942779541,5.065000057220459,4516
2022-02-18 14:24:00-05:00,5.070000171661377,5.070000171661377,5.065000057220459,5.065000057220459,312205
2022-02-18 14:25:00-05:00,5.070000171661377,5.070000171661377,5.065000057220459,5.068399906158447,73677
2022-02-18 14:26:00-05:00,5.070000171661377,5.070000171661377,5.065000057220459,5.070000171661377,10564
2022-02-18 14:27:00-05:00,5.070000171661377,5.070000171661377,5.065000057220459,5.065000057220459,30557
2022-02-18 14:28:00-05:00,5.065000057220459,5.070000171661377,5.065000057220459,5.070000171661377,13069
2022-02-18 14:29:00-05:00,5.070000171661377,5.070000171661377,5.059999942779541,5.065000057220459,20785
2022-02-18 14:30:00-05:00,5.065999984741211,5.070000171661377,5.059999942779541,5.065000057220459,10476
2022-02-18 14:31:00-05:00,5.065000057220459,5.070000171661377,5.065000057220459,5.070000171661377,9711
2022-02-18 14:32:00-05:00,5.070000171661377,5.079899787902832,5.063499927520752,5.074999809265137,143771
2022-02-18 14:33:00-05:00,5.070400238037109,5.079999923706055,5.070000171661377,5.074999809265137,137250
2022-02-18 14:34:00-05:00,5.074999809265137,5.079999923706055,5.070899963378906,5.070899963378906,19200
2022-02-18 14:35:00-05:00,5.074999809265137,5.079999923706055,5.070000171661377,5.074999809265137,49465
2022-02-18 14:36:00-05:00,5.074999809265137,5.079999923706055,5.070000171661377,5.074999809265137,15669
2022-02-18 14:37:00-05:00,5.074999809265137,5.075500011444092,5.070000171661377,5.070000171661377,46853
2022-02-18 14:38:00-05:00,5.070000171661377,5.074999809265137,5.059999942779541,5.059999942779541,546161
2022-02-18 14:39:00-05:00,5.059999942779541,5.063199996948242,5.059999942779541,5.059999942779541,199094
2022-02-18 14:40:00-05:00,5.059999942779541,5.065000057220459,5.059999942779541,5.060800075531006,25473
2022-02-18 14:41:00-05:00,5.059999942779541,5.059999942779541,5.050000190734863,5.054999828338623,153567
2022-02-18 14:42:00-05:00,5.054999828338623,5.059999942779541,5.054999828338623,5.054999828338623,79941
2022-02-18 14:43:00-05:00,5.054999828338623,5.054999828338623,5.054999828338623,5.054999828338623,1105
2022-02-18 14:44:00-05:00,5.054999828338623,5.0578999519348145,5.050000190734863,5.050000190734863,67171
2022-02-18 14:46:00-05:00,5.054999828338623,5.054999828338623,5.053800106048584,5.054999828338623,2200
2022-02-18 14:47:00-05:00,5.054999828338623,5.054999828338623,5.050000190734863,5.054999828338623,4506
2022-02-18 14:48:00-05:00,5.054999828338623,5.0553998947143555,5.050000190734863,5.0553998947143555,3296
2022-02-18 14:50:00-05:00,5.050000190734863,5.054999828338623,5.050000190734863,5.054999828338623,2762
2022-02-18 14:51:00-05:00,5.054999828338623,5.054999828338623,5.050000190734863,5.050000190734863,2422
2022-02-18 14:52:00-05:00,5.050000190734863,5.059999942779541,5.050000190734863,5.059999942779541,2800
2022-02-18 14:53:00-05:00,5.054999828338623,5.059999942779541,5.054999828338623,5.054999828338623,3483
2022-02-18 14:54:00-05:00,5.059999942779541,5.070000171661377,5.054999828338623,5.065000057220459,349809
2022-02-18 14:55:00-05:00,5.070000171661377,5.070000171661377,5.065000057220459,5.070000171661377,42475
2022-02-18 14:56:00-05:00,5.070000171661377,5.079899787902832,5.065000057220459,5.070000171661377,435256
2022-02-18 14:57:00-05:00,5.070099830627441,5.074999809265137,5.070000171661377,5.070000171661377,260250
2022-02-18 14:58:00-05:00,5.070000171661377,5.074999809265137,5.070000171661377,5.070000171661377,128275
2022-02-18 14:59:00-05:00,5.070000171661377,5.074999809265137,5.070000171661377,5.070000171661377,8450
2022-02-18 15:00:00-05:00,5.070000171661377,5.074999809265137,5.070000171661377,5.070000171661377,8619
2022-02-18 15:01:00-05:00,5.070000171661377,5.074999809265137,5.070000171661377,5.070000171661377,5832
2022-02-18 15:02:00-05:00,5.070000171661377,5.077000141143799,5.070000171661377,5.074999809265137,23375
2022-02-18 15:03:00-05:00,5.070000171661377,5.079899787902832,5.070000171661377,5.074999809265137,51484
2022-02-18 15:04:00-05:00,5.074999809265137,5.079999923706055,5.059999942779541,5.059999942779541,206338
2022-02-18 15:05:00-05:00,5.059999942779541,5.065000057220459,5.059999942779541,5.059999942779541,5581
2022-02-18 15:06:00-05:00,5.059999942779541,5.065000057220459,5.059999942779541,5.059999942779541,4624
2022-02-18 15:07:00-05:00,5.059999942779541,5.065000057220459,5.059999942779541,5.065000057220459,8413
2022-02-18 15:08:00-05:00,5.065000057220459,5.065000057220459,5.054999828338623,5.054999828338623,199600
2022-02-18 15:09:00-05:00,5.054999828338623,5.059999942779541,5.054200172424316,5.054999828338623,156459
2022-02-18 15:10:00-05:00,5.059999942779541,5.070000171661377,5.054999828338623,5.065000057220459,391002
2022-02-18 15:11:00-05:00,5.065000057220459,5.065000057220459,5.059999942779541,5.059999942779541,75166
2022-02-18 15:12:00-05:00,5.059999942779541,5.065000057220459,5.059999942779541,5.065000057220459,34700
2022-02-18 15:13:00-05:00,5.065000057220459,5.065000057220459,5.059999942779541,5.059999942779541,25119
2022-02-18 15:14:00-05:00,5.059999942779541,5.065000057220459,5.059999942779541,5.065000057220459,30107
2022-02-18 15:15:00-05:00,5.059999942779541,5.065000057220459,5.059999942779541,5.065000057220459,9139
2022-02-18 15:16:00-05:00,5.059999942779541,5.065000057220459,5.059999942779541,5.060400009155273,342045
2022-02-18 15:17:00-05:00,5.059999942779541,5.063199996948242,5.054500102996826,5.054999828338623,157867
2022-02-18 15:18:00-05:00,5.059999942779541,5.059999942779541,5.054999828338623,5.0553998947143555,165723
2022-02-18 15:19:00-05:00,5.054999828338623,5.054999828338623,5.054999828338623,5.054999828338623,3095
2022-02-18 15:20:00-05:00,5.050000190734863,5.054999828338623,5.050000190734863,5.054999828338623,7168
2022-02-18 15:21:00-05:00,5.053999900817871,5.054999828338623,5.039999961853027,5.050000190734863,434307
2022-02-18 15:22:00-05:00,5.045000076293945,5.045000076293945,5.039999961853027,5.039999961853027,109951
2022-02-18 15:23:00-05:00,5.039999961853027,5.045000076293945,5.039999961853027,5.045000076293945,33053
2022-02-18 15:24:00-05:00,5.045000076293945,5.050000190734863,5.045000076293945,5.045000076293945,41708
2022-02-18 15:25:00-05:00,5.045000076293945,5.050000190734863,5.045000076293945,5.045000076293945,8508
2022-02-18 15:26:00-05:00,5.050000190734863,5.050000190734863,5.045000076293945,5.050000190734863,10502
2022-02-18 15:27:00-05:00,5.050000190734863,5.050000190734863,5.039999961853027,5.050000190734863,17354
2022-02-18 15:28:00-05:00,5.045000076293945,5.050000190734863,5.039999961853027,5.050000190734863,20435
2022-02-18 15:29:00-05:00,5.050000190734863,5.050000190734863,5.039999961853027,5.039999961853027,66278
2022-02-18 15:30:00-05:00,5.039999961853027,5.045000076293945,5.03000020980835,5.039899826049805,268310
2022-02-18 15:31:00-05:00,5.034999847412109,5.039999961853027,5.034999847412109,5.034999847412109,30900
2022-02-18 15:32:00-05:00,5.039999961853027,5.039999961853027,5.034999847412109,5.039999961853027,9549
2022-02-18 15:33:00-05:00,5.034999847412109,5.039899826049805,5.034999847412109,5.034999847412109,15585
2022-02-18 15:34:00-05:00,5.034999847412109,5.039999961853027,5.034999847412109,5.034999847412109,49151
2022-02-18 15:35:00-05:00,5.039999961853027,5.039999961853027,5.034999847412109,5.034999847412109,121572
2022-02-18 15:36:00-05:00,5.039999961853027,5.039999961853027,5.034999847412109,5.039999961853027,55707
2022-02-18 15:37:00-05:00,5.039999961853027,5.039999961853027,5.033899784088135,5.039999961853027,42123
2022-02-18 15:38:00-05:00,5.034999847412109,5.039999961853027,5.03000020980835,5.034999847412109,403898
2022-02-18 15:39:00-05:00,5.034999847412109,5.039999961853027,5.03000020980835,5.03000020980835,141316
2022-02-18 15:40:00-05:00,5.030099868774414,5.034999847412109,5.03000020980835,5.034999847412109,21308
2022-02-18 15:41:00-05:00,5.034999847412109,5.050000190734863,5.034999847412109,5.050000190734863,633920
2022-02-18 15:42:00-05:00,5.045000076293945,5.050000190734863,5.045000076293945,5.050000190734863,211550
2022-02-18 15:43:00-05:00,5.047599792480469,5.050000190734863,5.04010009765625,5.045000076293945,12500
2022-02-18 15:44:00-05:00,5.047900199890137,5.050000190734863,5.045000076293945,5.050000190734863,8308
2022-02-18 15:45:00-05:00,5.050000190734863,5.059999942779541,5.045000076293945,5.059999942779541,181706
2022-02-18 15:46:00-05:00,5.054999828338623,5.059999942779541,5.050000190734863,5.050000190734863,214062
2022-02-18 15:47:00-05:00,5.050000190734863,5.059999942779541,5.050000190734863,5.054999828338623,102017
2022-02-18 15:48:00-05:00,5.050000190734863,5.059899806976318,5.050000190734863,5.050000190734863,65077
2022-02-18 15:49:00-05:00,5.050000190734863,5.059899806976318,5.050000190734863,5.050000190734863,73576
2022-02-18 15:50:00-05:00,5.050000190734863,5.059999942779541,5.050000190734863,5.056000232696533,61665
2022-02-18 15:51:00-05:00,5.054999828338623,5.059899806976318,5.050000190734863,5.050000190734863,118194
2022-02-18 15:52:00-05:00,5.054999828338623,5.055200099945068,5.039999961853027,5.045000076293945,176007
2022-02-18 15:53:00-05:00,5.050000190734863,5.050000190734863,5.039999961853027,5.050000190734863,77412
2022-02-18 15:54:00-05:00,5.050000190734863,5.059999942779541,5.039999961853027,5.059899806976318,385437
2022-02-18 15:55:00-05:00,5.054999828338623,5.059999942779541,5.050099849700928,5.054999828338623,86477
2022-02-18 15:56:00-05:00,5.054999828338623,5.059999942779541,5.050000190734863,5.054999828338623,46466
2022-02-18 15:57:00-05:00,5.054999828338623,5.070000171661377,5.054999828338623,5.065000057220459,586616
2022-02-18 15:58:00-05:00,5.069900035858154,5.070000171661377,5.059999942779541,5.065000057220459,144885
2022-02-18 15:59:00-05:00,5.065000057220459,5.070000171661377,5.059999942779541,5.059999942779541,313002
2022-02-18 16:00:00-05:00,5.06,5.06,5.06,5.06,331878
2022-02-18 16:01:00-05:00,5.06,5.06,5.06,5.06,0
2022-02-18 16:11:00-05:00,5.06,5.06,5.06,5.06,0
2022-02-18 16:15:00-05:00,5.05,5.05,5.05,5.05,0
2022-02-18 16:28:00-05:00,5.06,5.06,5.06,5.06,0
2022-02-18 16:33:00-05:00,5.06,5.06,5.06,5.06,0
2022-02-18 16:40:00-05:00,5.06,5.06,5.06,5.06,0
2022-02-18 17:04:00-05:00,5.06,5.06,5.06,5.06,0
2022-02-18 17:28:00-05:00,5.06,5.06,5.06,5.06,0
2022-02-18 18:02:00-05:00,5.04,5.04,5.04,5.04,0
2022-02-18 18:43:00-05:00,5.04,5.04,5.04,5.04,0
