Open,High,Low,Close,Volume
28.36,28.36,28.36,28.36,0
28.389999389648438,28.799999237060547,28.049999237060547,28.100000381469727,104746
28.09000015258789,28.09000015258789,27.93000030517578,27.93000030517578,16180
27.920000076293945,27.920000076293945,27.690000534057617,27.700000762939453,32581
27.729999542236328,27.770000457763672,27.520000457763672,27.530000686645508,25516
27.530000686645508,27.670000076293945,27.43000030517578,27.600000381469727,21325
27.59000015258789,27.59000015258789,27.420000076293945,27.469999313354492,22899
27.469999313354492,27.514999389648438,27.43000030517578,27.43000030517578,23544
27.43000030517578,27.43000030517578,27.290000915527344,27.3700008392334,56388
27.3700008392334,27.459999084472656,27.360000610351562,27.40999984741211,28327
27.415000915527344,27.53019905090332,27.40999984741211,27.46500015258789,21802
27.450000762939453,27.450000762939453,27.3799991607666,27.43000030517578,15442
27.434999465942383,27.479999542236328,27.399999618530273,27.440000534057617,10523
27.450000762939453,27.510000228881836,27.43000030517578,27.5,10888
27.5,27.5,27.440000534057617,27.440000534057617,32103
27.440000534057617,27.489999771118164,27.399999618530273,27.415000915527344,17229
27.43000030517578,27.43000030517578,27.360000610351562,27.360000610351562,7501
27.360000610351562,27.389999389648438,27.360000610351562,27.375,8566
27.3700008392334,27.450000762939453,27.3700008392334,27.450000762939453,9218
27.440000534057617,27.454999923706055,27.399999618530273,27.450000762939453,8443
27.459999084472656,27.469999313354492,27.360000610351562,27.375,7640
27.3700008392334,27.450000762939453,27.360000610351562,27.420000076293945,12089
27.40999984741211,27.420000076293945,27.360000610351562,27.360000610351562,14394
27.350000381469727,27.440000534057617,27.344999313354492,27.40999984741211,12566
27.43000030517578,27.459999084472656,27.3799991607666,27.3799991607666,6775
27.360000610351562,27.360000610351562,27.31999969482422,27.329999923706055,19548
27.31999969482422,27.364999771118164,27.270000457763672,27.350000381469727,8399
27.350000381469727,27.360000610351562,27.299999237060547,27.350000381469727,9738
27.350000381469727,27.3700008392334,27.31999969482422,27.350000381469727,33457
27.360000610351562,27.420000076293945,27.329999923706055,27.329999923706055,33525
27.329999923706055,27.329999923706055,27.309999465942383,27.31999969482422,10854
27.31999969482422,27.31999969482422,27.229999542236328,27.229999542236328,21666
27.243200302124023,27.290000915527344,27.219999313354492,27.270000457763672,5650
27.270000457763672,27.290000915527344,27.25,27.280000686645508,4782
27.260000228881836,27.299999237060547,27.260000228881836,27.290000915527344,2311
27.290000915527344,27.299999237060547,27.260000228881836,27.270000457763672,11781
27.270000457763672,27.309999465942383,27.270000457763672,27.299999237060547,4765
27.299999237060547,27.30500030517578,27.280000686645508,27.299999237060547,3244
27.309999465942383,27.31999969482422,27.260000228881836,27.270000457763672,3470
27.280000686645508,27.31999969482422,27.280000686645508,27.31999969482422,3271
27.315000534057617,27.350000381469727,27.309999465942383,27.34000015258789,9030
27.360000610351562,27.3700008392334,27.329999923706055,27.34000015258789,3632
27.34000015258789,27.3700008392334,27.31999969482422,27.31999969482422,13969
27.31999969482422,27.329999923706055,27.280000686645508,27.329999923706055,3431
27.329999923706055,27.329999923706055,27.280000686645508,27.31999969482422,5637
27.31999969482422,27.34000015258789,27.299999237060547,27.34000015258789,7765
27.34000015258789,27.3799991607666,27.34000015258789,27.3799991607666,3086
27.3799991607666,27.399999618530273,27.360000610351562,27.389999389648438,14937
27.3799991607666,27.399999618530273,27.360000610351562,27.3700008392334,5668
27.360000610351562,27.43000030517578,27.360000610351562,27.40999984741211,7674
27.420000076293945,27.43000030517578,27.389999389648438,27.415000915527344,7560
27.420000076293945,27.450000762939453,27.420000076293945,27.44499969482422,6839
27.440000534057617,27.450000762939453,27.399999618530273,27.40999984741211,4178
27.420000076293945,27.459999084472656,27.40999984741211,27.459999084472656,6420
27.459999084472656,27.5,27.459999084472656,27.5,3210
27.5,27.549999237060547,27.5,27.5,23340
27.510000228881836,27.59000015258789,27.510000228881836,27.530000686645508,9150
27.545000076293945,27.545000076293945,27.520000457763672,27.530000686645508,8555
27.520000457763672,27.559999465942383,27.520000457763672,27.559999465942383,7640
27.56999969482422,27.579999923706055,27.520000457763672,27.530000686645508,5637
27.530000686645508,27.530000686645508,27.479999542236328,27.489999771118164,3189
27.489999771118164,27.579999923706055,27.479999542236328,27.56999969482422,9559
27.559999465942383,27.639999389648438,27.540000915527344,27.6299991607666,5830
27.6299991607666,27.649999618530273,27.6299991607666,27.6299991607666,3674
27.6299991607666,27.68000030517578,27.6299991607666,27.649999618530273,6130
27.65999984741211,27.670000076293945,27.649999618530273,27.649999618530273,3438
27.639999389648438,27.68000030517578,27.639999389648438,27.649999618530273,4670
27.6299991607666,27.68000030517578,27.6299991607666,27.6299991607666,6356
27.639999389648438,27.649999618530273,27.600000381469727,27.600000381469727,5978
27.600000381469727,27.610000610351562,27.59000015258789,27.600000381469727,4312
27.59000015258789,27.59000015258789,27.510000228881836,27.549999237060547,10845
27.549999237060547,27.59000015258789,27.540000915527344,27.56999969482422,9138
27.56999969482422,27.56999969482422,27.510000228881836,27.510000228881836,7622
27.510000228881836,27.565000534057617,27.5,27.520000457763672,7482
27.520000457763672,27.524999618530273,27.489999771118164,27.5,10292
27.5,27.540000915527344,27.469999313354492,27.540000915527344,17519
27.540000915527344,27.584999084472656,27.530000686645508,27.56999969482422,12820
27.56999969482422,27.639999389648438,27.559999465942383,27.559999465942383,52530
27.565000534057617,27.56999969482422,27.520000457763672,27.56999969482422,99197
27.57,27.57,27.57,27.57,0
27.56,27.56,27.56,27.56,0
27.6200008392334,27.770000457763672,27.579999923706055,27.579999923706055,23593
27.559999465942383,27.649999618530273,27.479999542236328,27.649999618530273,13829
27.65999984741211,27.709999084472656,27.59000015258789,27.6200008392334,10264
27.584999084472656,27.584999084472656,27.389999389648438,27.389999389648438,9999
27.34000015258789,27.350000381469727,27.264999389648438,27.290000915527344,13636
27.31999969482422,27.350000381469727,27.290000915527344,27.350000381469727,10682
27.34000015258789,27.420000076293945,27.280000686645508,27.3700008392334,30729
27.350000381469727,27.360000610351562,27.280000686645508,27.329999923706055,16718
27.329999923706055,27.34000015258789,27.270000457763672,27.290000915527344,6926
27.290000915527344,27.354999542236328,27.290000915527344,27.354999542236328,6308
27.3700008392334,27.3700008392334,27.34000015258789,27.34709930419922,3492
27.350000381469727,27.405000686645508,27.329999923706055,27.399999618530273,24238
27.395000457763672,27.399999618530273,27.329999923706055,27.34000015258789,20433
27.34000015258789,27.385000228881836,27.34000015258789,27.360000610351562,17927
27.350000381469727,27.3799991607666,27.34000015258789,27.3799991607666,9466
27.3700008392334,27.420000076293945,27.360000610351562,27.389999389648438,7613
27.389999389648438,27.459999084472656,27.389999389648438,27.40999984741211,23352
27.389999389648438,27.479999542236328,27.389999389648438,27.475000381469727,9153
27.459999084472656,27.469999313354492,27.440000534057617,27.459999084472656,3522
27.469999313354492,27.479999542236328,27.420000076293945,27.420000076293945,3853
27.40999984741211,27.415000915527344,27.309999465942383,27.309999465942383,15939
27.31999969482422,27.350000381469727,27.31999969482422,27.34000015258789,16087
27.350000381469727,27.35930061340332,27.280000686645508,27.280000686645508,12705
27.280000686645508,27.40999984741211,27.280000686645508,27.3799991607666,7937
27.3799991607666,27.43000030517578,27.34000015258789,27.350000381469727,8980
27.3700008392334,27.399999618530273,27.3700008392334,27.399999618530273,7270
27.399999618530273,27.469999313354492,27.389999389648438,27.46500015258789,4675
27.459999084472656,27.549999237060547,27.459999084472656,27.549999237060547,5744
27.540000915527344,27.584999084472656,27.530000686645508,27.540300369262695,34408
27.540000915527344,27.565000534057617,27.5,27.565000534057617,16023
27.559999465942383,27.600000381469727,27.520000457763672,27.549999237060547,16392
27.549999237060547,27.610000610351562,27.545000076293945,27.600000381469727,12594
27.600000381469727,27.639999389648438,27.600000381469727,27.610000610351562,23978
27.6200008392334,27.69969940185547,27.610000610351562,27.649999618530273,34726
27.659700393676758,27.674999237060547,27.594999313354492,27.6200008392334,24365
27.610000610351562,27.649999618530273,27.59000015258789,27.6200008392334,4913
27.6200008392334,27.6299991607666,27.56999969482422,27.56999969482422,6587
27.579999923706055,27.610000610351562,27.56999969482422,27.56999969482422,10211
27.56999969482422,27.56999969482422,27.530000686645508,27.55500030517578,7675
27.549999237060547,27.6200008392334,27.545000076293945,27.610000610351562,4403
27.600000381469727,27.6200008392334,27.600000381469727,27.6200008392334,3271
27.6200008392334,27.700000762939453,27.614999771118164,27.68000030517578,7224
27.670000076293945,27.670000076293945,27.639999389648438,27.65999984741211,6740
27.649999618530273,27.649999618530273,27.6200008392334,27.6299991607666,5255
27.625,27.625,27.59000015258789,27.6200008392334,5310
27.610000610351562,27.639999389648438,27.610000610351562,27.6200008392334,6001
27.610000610351562,27.6299991607666,27.549999237060547,27.549999237060547,8471
27.549999237060547,27.56999969482422,27.530000686645508,27.540000915527344,6619
27.514999389648438,27.565000534057617,27.5,27.524999618530273,5490
27.524999618530273,27.524999618530273,27.469999313354492,27.469999313354492,12084
27.469999313354492,27.5,27.469999313354492,27.5,4795
27.4950008392334,27.520000457763672,27.489999771118164,27.5,4517
27.489999771118164,27.489999771118164,27.469999313354492,27.479999542236328,5184
27.485000610351562,27.520000457763672,27.469999313354492,27.469999313354492,3377
27.469999313354492,27.510000228881836,27.459999084472656,27.5,7026
27.489999771118164,27.489999771118164,27.450000762939453,27.469999313354492,7716
27.469999313354492,27.479999542236328,27.450000762939453,27.459999084472656,5649
27.459999084472656,27.5,27.459999084472656,27.479999542236328,6304
27.479999542236328,27.479999542236328,27.450000762939453,27.469999313354492,3106
27.479999542236328,27.479999542236328,27.469999313354492,27.469999313354492,4100
27.469999313354492,27.489999771118164,27.454999923706055,27.479999542236328,8168
27.469999313354492,27.5,27.469999313354492,27.475000381469727,5274
27.479999542236328,27.530000686645508,27.469999313354492,27.510000228881836,7593
27.520000457763672,27.53499984741211,27.510000228881836,27.514999389648438,5828
27.520000457763672,27.56999969482422,27.520000457763672,27.56999969482422,8610
27.56999969482422,27.579999923706055,27.520000457763672,27.520000457763672,11039
27.510000228881836,27.524999618530273,27.489999771118164,27.510000228881836,17044
27.510000228881836,27.540000915527344,27.4950008392334,27.510000228881836,10693
27.510000228881836,27.549999237060547,27.510000228881836,27.549999237060547,7544
27.55500030517578,27.559999465942383,27.524999618530273,27.530000686645508,18678
27.540000915527344,27.549999237060547,27.530000686645508,27.540000915527344,10671
27.540000915527344,27.545000076293945,27.510000228881836,27.514999389648438,12197
27.520000457763672,27.520000457763672,27.44499969482422,27.459999084472656,21523
27.459999084472656,27.4950008392334,27.454999923706055,27.454999923706055,22515
27.450000762939453,27.459999084472656,27.40999984741211,27.459999084472656,29168
27.459999084472656,27.469999313354492,27.44499969482422,27.46500015258789,26579
27.454999923706055,27.46500015258789,27.440000534057617,27.459800720214844,48791
27.459999084472656,27.469999313354492,27.43000030517578,27.440000534057617,79680
27.44,27.44,27.44,27.44,0
27.52,27.52,27.52,27.52,0
27.469999313354492,27.65999984741211,27.3799991607666,27.469999313354492,11663
27.450000762939453,27.450000762939453,27.260000228881836,27.270000457763672,12701
27.290000915527344,27.31999969482422,27.239999771118164,27.264999389648438,24439
27.25,27.450000762939453,27.200000762939453,27.329999923706055,86348
27.31999969482422,27.3700008392334,27.270000457763672,27.34000015258789,20462
27.329999923706055,27.385000228881836,27.309999465942383,27.385000228881836,16489
27.3700008392334,27.3700008392334,27.305099487304688,27.309999465942383,10125
27.815000534057617,27.850000381469727,27.809999465942383,27.844999313354492,323448
27.850000381469727,27.850000381469727,27.84000015258789,27.84000015258789,1747
27.829999923706055,27.834999084472656,27.790000915527344,27.809999465942383,6780
27.809999465942383,27.84000015258789,27.809999465942383,27.834999084472656,2624
27.829999923706055,27.829999923706055,27.770000457763672,27.790000915527344,8624
27.790000915527344,27.799999237060547,27.749399185180664,27.770000457763672,4772
27.770000457763672,27.780000686645508,27.75,27.7549991607666,5099
27.739999771118164,27.760000228881836,27.739999771118164,27.760000228881836,4112
27.770000457763672,27.780000686645508,27.760000228881836,27.770000457763672,3091
27.799999237060547,27.799999237060547,27.790000915527344,27.799999237060547,3529
27.790000915527344,27.81999969482422,27.777999877929688,27.809999465942383,7268
27.81999969482422,27.81999969482422,27.809999465942383,27.810100555419922,1125
27.815000534057617,27.815000534057617,27.790000915527344,27.799999237060547,4516
27.797000885009766,27.860000610351562,27.797000885009766,27.854999542236328,5849
27.850000381469727,27.860000610351562,27.844999313354492,27.850000381469727,7346
27.850000381469727,27.850000381469727,27.763500213623047,27.780000686645508,4997
27.790000915527344,27.799999237060547,27.770000457763672,27.790000915527344,6712
27.799999237060547,27.799999237060547,27.760000228881836,27.78499984741211,3739
27.780000686645508,27.790000915527344,27.770000457763672,27.770000457763672,3374
27.760000228881836,27.760000228881836,27.690200805664062,27.690200805664062,12078
27.700000762939453,27.700000762939453,27.639999389648438,27.649999618530273,5835
27.649999618530273,27.655000686645508,27.6200008392334,27.6200008392334,5572
27.649999618530273,27.68000030517578,27.6299991607666,27.639999389648438,4473
27.65999984741211,27.65999984741211,27.600000381469727,27.610000610351562,4359
27.614999771118164,27.6200008392334,27.579999923706055,27.579999923706055,5659
27.600000381469727,27.610000610351562,27.540000915527344,27.549999237060547,3185
27.559999465942383,27.559999465942383,27.450000762939453,27.450000762939453,4883
27.450000762939453,27.485000610351562,27.420000076293945,27.424999237060547,8430
27.43000030517578,27.450000762939453,27.405000686645508,27.44499969482422,6467
27.44499969482422,27.450000762939453,27.3799991607666,27.3799991607666,7403
27.375,27.3799991607666,27.31999969482422,27.31999969482422,11859
27.309999465942383,27.31999969482422,27.280000686645508,27.299999237060547,7624
27.290000915527344,27.290000915527344,27.239999771118164,27.260000228881836,24423
27.260000228881836,27.270000457763672,27.209999084472656,27.209999084472656,22266
27.209999084472656,27.229999542236328,27.19099998474121,27.204999923706055,20392
27.200000762939453,27.264999389648438,27.200000762939453,27.235000610351562,60567
27.239999771118164,27.260000228881836,27.209999084472656,27.239999771118164,91327
27.24,27.24,27.24,27.24,0
27.0,27.0,26.87,26.87,0
27.030000686645508,27.260000228881836,26.84000015258789,27.030000686645508,22036
27.049999237060547,27.100000381469727,26.850000381469727,26.864999771118164,13193
26.8799991607666,26.8799991607666,26.729999542236328,26.7549991607666,13816
26.7549991607666,26.860000610351562,26.719999313354492,26.739999771118164,21207
26.790000915527344,26.81999969482422,26.735000610351562,26.75,16232
26.770000457763672,26.770000457763672,26.68000030517578,26.75,26529
26.797199249267578,26.81999969482422,26.610000610351562,26.700000762939453,25221
26.75,26.75,26.65999984741211,26.670000076293945,18225
26.690000534057617,26.700000762939453,26.610000610351562,26.614999771118164,16848
26.610000610351562,26.68000030517578,26.610000610351562,26.639999389648438,14624
26.6299991607666,26.68000030517578,26.530000686645508,26.670000076293945,15667
26.649999618530273,26.729999542236328,26.649999618530273,26.700000762939453,7728
26.670000076293945,26.709999084472656,26.649999618530273,26.690000534057617,12125
26.700000762939453,26.78499984741211,26.690000534057617,26.739999771118164,9332
26.739999771118164,26.809999465942383,26.690000534057617,26.760000228881836,8517
26.760000228881836,26.829999923706055,26.690000534057617,26.829999923706055,8421
26.829999923706055,26.979999542236328,26.829999923706055,26.979999542236328,11232
26.950000762939453,27.010000228881836,26.940000534057617,26.959999084472656,10249
26.979999542236328,27.0,26.84000015258789,26.84000015258789,13727
26.850000381469727,26.969999313354492,26.84000015258789,26.959999084472656,11136
26.969999313354492,26.969999313354492,26.850000381469727,26.8700008392334,7080
26.8700008392334,26.940000534057617,26.8700008392334,26.920000076293945,8186
26.93000030517578,27.0,26.93000030517578,26.989999771118164,5633
26.969999313354492,27.0,26.950000762939453,27.0,6280
27.0,27.010000228881836,26.93000030517578,26.950000762939453,18746
26.950000762939453,26.959699630737305,26.799999237060547,26.799999237060547,7248
26.809999465942383,26.809999465942383,26.729999542236328,26.729999542236328,5716
26.729999542236328,26.7549991607666,26.690000534057617,26.700000762939453,32013
26.700000762939453,26.729999542236328,26.600000381469727,26.600000381469727,18523
26.600000381469727,26.670000076293945,26.594999313354492,26.670000076293945,12289
26.665000915527344,26.665000915527344,26.600000381469727,26.6299991607666,9105
26.6299991607666,26.68000030517578,26.6299991607666,26.639999389648438,5350
26.6299991607666,26.68000030517578,26.6299991607666,26.639999389648438,9046
26.635000228881836,26.690000534057617,26.6299991607666,26.68000030517578,6001
26.670000076293945,26.709999084472656,26.670000076293945,26.709999084472656,3212
26.760000228881836,26.790000915527344,26.760000228881836,26.770000457763672,6135
26.75,26.75,26.719999313354492,26.75,2322
26.75,26.75,26.65999984741211,26.719999313354492,8109
26.719999313354492,26.75,26.71339988708496,26.739999771118164,3319
26.719999313354492,26.75,26.719999313354492,26.739999771118164,5975
26.739999771118164,26.75,26.709999084472656,26.719999313354492,12423
26.709999084472656,26.729999542236328,26.700000762939453,26.719999313354492,9669
26.729999542236328,26.756999969482422,26.670000076293945,26.68000030517578,7288
26.705299377441406,26.705299377441406,26.6299991607666,26.649999618530273,11805
26.639999389648438,26.700000762939453,26.639999389648438,26.700000762939453,13986
26.684999465942383,26.684999465942383,26.6200008392334,26.6299991607666,10759
26.610000610351562,26.610000610351562,26.510000228881836,26.524999618530273,12278
26.510000228881836,26.540000915527344,26.510000228881836,26.517499923706055,3451
26.540000915527344,26.575000762939453,26.530000686645508,26.559999465942383,3554
26.549999237060547,26.6200008392334,26.549999237060547,26.59000015258789,5058
26.559999465942383,26.639999389648438,26.55940055847168,26.6200008392334,7470
26.610000610351562,26.610000610351562,26.559999465942383,26.579999923706055,2131
26.59000015258789,26.610000610351562,26.56999969482422,26.579999923706055,3266
26.579999923706055,26.59000015258789,26.520000457763672,26.559999465942383,8319
26.559999465942383,26.56999969482422,26.540000915527344,26.540000915527344,2273
26.559999465942383,26.600000381469727,26.540000915527344,26.545000076293945,3201
26.549999237060547,26.59000015258789,26.549999237060547,26.559999465942383,5765
26.56999969482422,26.600000381469727,26.56999969482422,26.600000381469727,6082
26.594999313354492,26.625,26.56999969482422,26.6200008392334,5564
26.6200008392334,26.6200008392334,26.559999465942383,26.56999969482422,2331
26.56999969482422,26.59000015258789,26.559999465942383,26.565000534057617,4020
26.559999465942383,26.600000381469727,26.549999237060547,26.600000381469727,9905
26.579999923706055,26.579999923706055,26.545000076293945,26.549999237060547,9549
26.545000076293945,26.545000076293945,26.469999313354492,26.489999771118164,10656
26.479999542236328,26.479999542236328,26.450000762939453,26.46500015258789,14338
26.450000762939453,26.479999542236328,26.440000534057617,26.450000762939453,8416
26.440000534057617,26.459999084472656,26.3799991607666,26.395000457763672,12321
26.395000457763672,26.420000076293945,26.3700008392334,26.399999618530273,10122
26.389999389648438,26.389999389648438,26.299999237060547,26.3700008392334,16171
26.360000610351562,26.415000915527344,26.344999313354492,26.3799991607666,12113
26.3700008392334,26.385000228881836,26.350000381469727,26.360000610351562,14787
26.350000381469727,26.364999771118164,26.31999969482422,26.34000015258789,12465
26.329999923706055,26.399999618530273,26.329999923706055,26.37700080871582,17907
26.375,26.440000534057617,26.375,26.440000534057617,13589
26.440000534057617,26.540000915527344,26.440000534057617,26.524999618530273,26987
26.520999908447266,26.549999237060547,26.469999313354492,26.53499984741211,34665
26.53499984741211,26.540000915527344,26.43000030517578,26.43000030517578,56476
26.424999237060547,26.5,26.399999618530273,26.459999084472656,127247
26.46,26.46,26.46,26.46,0
26.3,26.3,26.3,26.3,0
26.3,26.3,26.3,26.3,0
25.959999084472656,25.959999084472656,25.959999084472656,25.959999084472656,667732
25.989999771118164,25.989999771118164,25.920000076293945,25.920000076293945,27673
25.93000030517578,25.94499969482422,25.899999618530273,25.920000076293945,6736
25.920000076293945,25.940000534057617,25.899999618530273,25.940000534057617,23452
25.94499969482422,26.0049991607666,25.940000534057617,25.989999771118164,9408
25.993200302124023,26.010000228881836,25.950000762939453,25.954999923706055,14051
25.940000534057617,25.940000534057617,25.8700008392334,25.90999984741211,13452
25.899999618530273,25.94499969482422,25.8799991607666,25.90999984741211,18686
25.90999984741211,25.969999313354492,25.889999389648438,25.959999084472656,15727
25.950000762939453,25.979999542236328,25.93000030517578,25.940000534057617,23113
25.950000762939453,26.010000228881836,25.950000762939453,26.0,8342
26.190000534057617,26.270000457763672,26.149999618530273,26.229999542236328,0
26.219999313354492,26.219999313354492,26.100000381469727,26.190000534057617,18034
26.149999618530273,26.260000228881836,26.149999618530273,26.229999542236328,6172
26.219999313354492,26.299999237060547,26.209999084472656,26.290000915527344,10697
26.260000228881836,26.299999237060547,26.260000228881836,26.280000686645508,7953
26.290000915527344,26.290000915527344,26.229999542236328,26.25,7078
26.270000457763672,26.290000915527344,26.270000457763672,26.290000915527344,10250
26.260000228881836,26.260000228881836,26.200000762939453,26.209999084472656,16676
26.170000076293945,26.209999084472656,26.149999618530273,26.209999084472656,12131
26.219999313354492,26.219999313354492,26.149999618530273,26.18000030517578,4383
26.190000534057617,26.260000228881836,26.15999984741211,26.190000534057617,10220
26.170000076293945,26.170000076293945,26.079999923706055,26.079999923706055,10123
26.020000457763672,26.040000915527344,26.020000457763672,26.020000457763672,3105
26.020000457763672,26.100000381469727,26.0049991607666,26.059999465942383,8326
26.06999969482422,26.09000015258789,26.059999465942383,26.09000015258789,2756
26.079999923706055,26.100000381469727,26.06999969482422,26.09000015258789,8714
26.1200008392334,26.15999984741211,26.1200008392334,26.15999984741211,6184
26.15999984741211,26.15999984741211,26.104999542236328,26.104999542236328,36336
26.100000381469727,26.1200008392334,26.040000915527344,26.049999237060547,19319
26.049999237060547,26.100000381469727,26.049999237060547,26.06999969482422,8121
26.075000762939453,26.09000015258789,26.075000762939453,26.079999923706055,4782
26.09000015258789,26.110000610351562,26.040000915527344,26.040000915527344,9181
26.030000686645508,26.09000015258789,26.0049991607666,26.079999923706055,8238
26.100000381469727,26.110000610351562,26.100000381469727,26.100000381469727,1871
26.1299991607666,26.1299991607666,26.059999465942383,26.079999923706055,6701
26.110000610351562,26.110000610351562,26.040000915527344,26.040000915527344,16792
26.010000228881836,26.030000686645508,25.979999542236328,25.979999542236328,23721
25.979999542236328,25.979999542236328,25.8799991607666,25.889999389648438,29544
25.8700008392334,26.014999389648438,25.860000610351562,26.014999389648438,5870
26.014999389648438,26.040000915527344,25.9950008392334,26.010000228881836,7419
26.020000457763672,26.020000457763672,26.0,26.0,4559
25.989999771118164,26.1299991607666,25.989999771118164,26.1299991607666,12038
26.100000381469727,26.100000381469727,26.059999465942383,26.059999465942383,29229
26.049999237060547,26.049999237060547,25.989999771118164,26.0,4371
25.989999771118164,26.024999618530273,25.979999542236328,26.024999618530273,3271
26.020000457763672,26.049999237060547,26.010000228881836,26.030000686645508,4885
26.030000686645508,26.049999237060547,26.010000228881836,26.040000915527344,5318
26.059999465942383,26.079999923706055,26.049999237060547,26.049999237060547,5813
26.079999923706055,26.079999923706055,26.079999923706055,26.079999923706055,2243
26.06999969482422,26.06999969482422,26.030000686645508,26.030000686645508,4244
26.030000686645508,26.059999465942383,26.030000686645508,26.059999465942383,1185
26.059999465942383,26.09000015258789,26.049999237060547,26.079999923706055,5646
26.059999465942383,26.09000015258789,26.030000686645508,26.09000015258789,10263
26.110000610351562,26.139999389648438,26.100000381469727,26.1299991607666,6455
26.1299991607666,26.219999313354492,26.1200008392334,26.219999313354492,6624
26.229999542236328,26.235000610351562,26.18000030517578,26.190000534057617,11341
26.18000030517578,26.21500015258789,26.174999237060547,26.174999237060547,47221
26.15999984741211,26.15999984741211,26.09000015258789,26.09000015258789,87143
26.09000015258789,26.1299991607666,26.06999969482422,26.110000610351562,27172
26.110000610351562,26.139999389648438,26.100000381469727,26.110000610351562,24250
26.110000610351562,26.1200008392334,26.020000457763672,26.040000915527344,9911
26.03499984741211,26.040000915527344,25.979999542236328,26.010000228881836,15510
26.020000457763672,26.059999465942383,26.020000457763672,26.059999465942383,8345
26.06999969482422,26.09000015258789,26.06999969482422,26.09000015258789,1769
26.15999984741211,26.15999984741211,26.079999923706055,26.079999923706055,17482
26.100000381469727,26.1299991607666,26.09000015258789,26.09000015258789,7973
26.100000381469727,26.100000381469727,25.959999084472656,25.959999084472656,8658
25.950000762939453,26.010000228881836,25.950000762939453,25.969999313354492,4591
26.0,26.010000228881836,25.969999313354492,25.98699951171875,4064
26.049999237060547,26.09000015258789,26.030000686645508,26.06999969482422,13998
26.079999923706055,26.100000381469727,25.959999084472656,25.989999771118164,7880
25.969999313354492,26.1200008392334,25.940000534057617,26.100000381469727,11113
26.1200008392334,26.1200008392334,25.950000762939453,25.950000762939453,13443
25.8799991607666,25.8799991607666,25.790000915527344,25.790000915527344,22063
25.799999237060547,25.889999389648438,25.799999237060547,25.8799991607666,14240
25.84000015258789,25.860000610351562,25.81999969482422,25.860000610351562,12688
25.760000228881836,25.760000228881836,25.670000076293945,25.670000076293945,13472
25.649999618530273,25.670000076293945,25.614999771118164,25.6200008392334,4843
25.68000030517578,25.690000534057617,25.635000228881836,25.639999389648438,12248
25.649999618530273,25.649999618530273,25.625,25.6299991607666,7310
25.56999969482422,25.583999633789062,25.520000457763672,25.540000915527344,10988
25.549999237060547,25.600000381469727,25.489999771118164,25.600000381469727,18453
25.68000030517578,25.690000534057617,25.649999618530273,25.68000030517578,21634
25.739999771118164,25.7549991607666,25.709999084472656,25.709999084472656,32207
25.75,25.760000228881836,25.68000030517578,25.690000534057617,23035
25.68000030517578,25.719999313354492,25.6200008392334,25.649999618530273,22729
25.649999618530273,25.75,25.6299991607666,25.729999542236328,45773
25.729999542236328,25.75,25.690000534057617,25.729999542236328,55831
25.78,25.78,25.78,25.78,0
25.73,25.73,25.73,25.73,0
25.84000015258789,26.15999984741211,25.729999542236328,25.760000228881836,40161
25.709999084472656,25.8700008392334,25.639999389648438,25.8700008392334,14865
25.940000534057617,25.940000534057617,25.709999084472656,25.719999313354492,19480
25.704999923706055,25.84000015258789,25.704999923706055,25.809999465942383,17115
25.834999084472656,25.940000534057617,25.68000030517578,25.690000534057617,48426
25.68000030517578,25.719999313354492,25.540000915527344,25.719999313354492,36965
25.760000228881836,25.760000228881836,25.635000228881836,25.670000076293945,11507
25.690000534057617,25.719999313354492,25.6299991607666,25.700000762939453,17097
25.69499969482422,25.709999084472656,25.6299991607666,25.649999618530273,9651
25.670000076293945,25.709999084472656,25.65999984741211,25.690000534057617,13424
25.690000534057617,25.709999084472656,25.670000076293945,25.670000076293945,4979
25.709999084472656,25.729999542236328,25.579999923706055,25.579999923706055,10872
25.56999969482422,25.56999969482422,25.489999771118164,25.549999237060547,7722
25.549999237060547,25.649999618530273,25.520000457763672,25.53499984741211,22395
25.559999465942383,25.65999984741211,25.559999465942383,25.65999984741211,8725
25.68000030517578,25.760000228881836,25.65999984741211,25.743000030517578,10826
25.770000457763672,25.799999237060547,25.760000228881836,25.760000228881836,6403
25.780000686645508,25.93000030517578,25.770000457763672,25.93000030517578,19731
25.979999542236328,25.989999771118164,25.90999984741211,25.90999984741211,16350
25.90999984741211,25.989999771118164,25.84000015258789,25.850000381469727,22760
25.860000610351562,25.950000762939453,25.84000015258789,25.860000610351562,28788
25.8700008392334,25.8700008392334,25.700000762939453,25.760000228881836,21011
25.790000915527344,25.864999771118164,25.790000915527344,25.84000015258789,5626
25.860000610351562,25.860000610351562,25.735000610351562,25.760000228881836,14980
25.760000228881836,25.8700008392334,25.760000228881836,25.84000015258789,6472
25.829999923706055,25.864999771118164,25.829999923706055,25.84000015258789,22850
25.854999542236328,25.920000076293945,25.829999923706055,25.829999923706055,4619
25.84000015258789,25.84000015258789,25.799999237060547,25.809999465942383,12499
25.790000915527344,25.829999923706055,25.770000457763672,25.790000915527344,2933
25.780000686645508,25.809999465942383,25.770000457763672,25.799999237060547,4084
25.799999237060547,25.799999237060547,25.729999542236328,25.729999542236328,7573
25.729999542236328,25.729999542236328,25.65999984741211,25.65999984741211,3771
25.670000076293945,25.719999313354492,25.65999984741211,25.719999313354492,8479
25.729999542236328,25.729999542236328,25.670000076293945,25.709999084472656,7570
25.690000534057617,25.719999313354492,25.690000534057617,25.719999313354492,6457
25.700000762939453,25.760000228881836,25.670000076293945,25.670000076293945,8164
25.670000076293945,25.690000534057617,25.59000015258789,25.59000015258789,4372
25.579999923706055,25.59000015258789,25.530000686645508,25.55500030517578,11450
25.549999237060547,25.579999923706055,25.530000686645508,25.56999969482422,9594
25.559999465942383,25.59000015258789,25.489999771118164,25.56999969482422,11012
25.56999969482422,25.610000610351562,25.56999969482422,25.56999969482422,7632
25.575000762939453,25.6200008392334,25.520000457763672,25.540000915527344,13818
25.549999237060547,25.549999237060547,25.459999084472656,25.479999542236328,7522
25.459999084472656,25.479999542236328,25.43000030517578,25.479999542236328,6636
25.479999542236328,25.5,25.459999084472656,25.469999313354492,4064
25.479999542236328,25.5,25.40999984741211,25.459999084472656,8182
25.389999389648438,25.389999389648438,25.309999465942383,25.309999465942383,13128
25.31999969482422,25.3700008392334,25.229999542236328,25.239999771118164,29109
25.25,25.34000015258789,25.229999542236328,25.34000015258789,19771
25.364999771118164,25.399999618530273,25.350000381469727,25.3799991607666,10447
25.3799991607666,25.3799991607666,25.299999237060547,25.299999237060547,8490
25.280000686645508,25.31999969482422,25.239999771118164,25.309999465942383,10057
25.31999969482422,25.34000015258789,25.299999237060547,25.309999465942383,10450
25.299999237060547,25.399999618530273,25.290000915527344,25.381799697875977,12963
25.3799991607666,25.440000534057617,25.3799991607666,25.43000030517578,15500
25.43000030517578,25.475000381469727,25.389999389648438,25.41160011291504,16652
25.434999465942383,25.434999465942383,25.395000457763672,25.40999984741211,8732
25.40999984741211,25.40999984741211,25.3799991607666,25.3799991607666,9041
25.399999618530273,25.399999618530273,25.350000381469727,25.350000381469727,8894
25.329999923706055,25.360000610351562,25.31999969482422,25.350000381469727,10166
25.31999969482422,25.360000610351562,25.25,25.260000228881836,8292
25.270000457763672,25.329999923706055,25.270000457763672,25.329999923706055,7402
25.34000015258789,25.405000686645508,25.34000015258789,25.389999389648438,9744
25.399999618530273,25.40999984741211,25.354999542236328,25.364999771118164,10627
25.360000610351562,25.360000610351562,25.290000915527344,25.290000915527344,8885
25.290000915527344,25.350000381469727,25.280000686645508,25.350000381469727,13588
25.354999542236328,25.399999618530273,25.354999542236328,25.3799991607666,10095
25.385000228881836,25.420000076293945,25.364999771118164,25.3700008392334,16468
25.3700008392334,25.3700008392334,25.309999465942383,25.329999923706055,9301
25.31999969482422,25.350000381469727,25.295000076293945,25.329999923706055,13844
25.34000015258789,25.3700008392334,25.299999237060547,25.329999923706055,14376
25.329999923706055,25.415000915527344,25.329999923706055,25.389999389648438,15739
25.395000457763672,25.420000076293945,25.3700008392334,25.40999984741211,21053
25.40999984741211,25.43000030517578,25.399999618530273,25.415000915527344,20695
25.415000915527344,25.450000762939453,25.405000686645508,25.424999237060547,39248
25.43000030517578,25.450000762939453,25.360000610351562,25.40999984741211,40791
25.420000076293945,25.434999465942383,25.3799991607666,25.415000915527344,118134
25.413799285888672,25.440000534057617,25.395000457763672,25.440000534057617,134275
25.44,25.44,25.44,25.44,0
25.2,25.23,25.2,25.23,0
25.48,25.48,25.48,25.48,0
25.350000381469727,25.520000457763672,25.209999084472656,25.420000076293945,12367
25.3799991607666,25.3799991607666,25.280000686645508,25.299999237060547,3686
25.329999923706055,25.329999923706055,25.270000457763672,25.280000686645508,6363
25.25,25.420000076293945,25.219999313354492,25.3799991607666,5999
25.389999389648438,25.43000030517578,25.280000686645508,25.299999237060547,7363
25.280000686645508,25.329999923706055,25.274099349975586,25.274099349975586,6336
25.290000915527344,25.299999237060547,25.2450008392334,25.299999237060547,7212
25.260000228881836,25.299999237060547,25.25,25.299999237060547,8711
25.280000686645508,25.31999969482422,25.260000228881836,25.30500030517578,9491
25.30500030517578,25.34000015258789,25.290000915527344,25.329999923706055,8594
25.31999969482422,25.31999969482422,25.270000457763672,25.290000915527344,4942
25.290000915527344,25.299999237060547,25.260000228881836,25.299999237060547,5818
25.299999237060547,25.389999389648438,25.299999237060547,25.354799270629883,9627
25.360000610351562,25.420000076293945,25.34000015258789,25.34000015258789,4102
25.299999237060547,25.30500030517578,25.270000457763672,25.280000686645508,3427
25.270000457763672,25.440000534057617,25.270000457763672,25.43000030517578,6007
25.440000534057617,25.520000457763672,25.43000030517578,25.520000457763672,10904
25.510000228881836,25.65999984741211,25.489999771118164,25.649999618530273,17022
25.670000076293945,25.690000534057617,25.600000381469727,25.6200008392334,16508
25.6299991607666,25.760000228881836,25.6299991607666,25.739999771118164,12148
25.739999771118164,25.899999618530273,25.739999771118164,25.8799991607666,18783
25.8799991607666,25.969999313354492,25.8700008392334,25.954999923706055,13149
25.969999313354492,25.979999542236328,25.899999618530273,25.950000762939453,18305
25.940000534057617,25.969999313354492,25.8799991607666,25.899999618530273,15183
25.90999984741211,25.940000534057617,25.84000015258789,25.84000015258789,25388
25.81999969482422,25.8700008392334,25.81999969482422,25.8700008392334,13681
25.860000610351562,25.90999984741211,25.850000381469727,25.8799991607666,22571
25.88330078125,25.924999237060547,25.8700008392334,25.90999984741211,11652
25.899999618530273,25.90999984741211,25.8700008392334,25.899999618530273,19511
25.90999984741211,25.954999923706055,25.899999618530273,25.915000915527344,38334
25.889999389648438,25.940000534057617,25.860000610351562,25.934999465942383,19361
25.940000534057617,25.940000534057617,25.899999618530273,25.90999984741211,12538
25.90999984741211,25.90999984741211,25.81999969482422,25.8700008392334,10596
25.895000457763672,25.895000457763672,25.809999465942383,25.8700008392334,11546
25.81999969482422,25.850000381469727,25.809999465942383,25.850000381469727,15124
25.860000610351562,25.93000030517578,25.81999969482422,25.84000015258789,9221
25.829999923706055,25.850000381469727,25.770000457763672,25.790000915527344,21205
25.799999237060547,25.84000015258789,25.799999237060547,25.834999084472656,7657
25.834999084472656,25.834999084472656,25.770000457763672,25.799999237060547,10112
25.815000534057617,25.815000534057617,25.670000076293945,25.670000076293945,5661
25.639999389648438,25.670000076293945,25.600000381469727,25.6299991607666,4696
25.627300262451172,25.627300262451172,25.559999465942383,25.559999465942383,2389
25.549999237060547,25.6200008392334,25.549999237060547,25.6200008392334,3372
25.6200008392334,25.65999984741211,25.610000610351562,25.65999984741211,3948
25.670000076293945,25.690000534057617,25.670000076293945,25.68000030517578,2248
25.690000534057617,25.719999313354492,25.642799377441406,25.65999984741211,11494
25.639999389648438,25.65999984741211,25.600000381469727,25.65999984741211,20055
25.649999618530273,25.709999084472656,25.6299991607666,25.709999084472656,17659
25.719999313354492,25.770000457763672,25.709999084472656,25.709999084472656,14694
25.709999084472656,25.719999313354492,25.649999618530273,25.649999618530273,9044
25.639999389648438,25.639999389648438,25.559999465942383,25.59000015258789,11093
25.600000381469727,25.6200008392334,25.600000381469727,25.610000610351562,1978
25.595699310302734,25.600000381469727,25.56999969482422,25.56999969482422,12945
25.559999465942383,25.610000610351562,25.559999465942383,25.59000015258789,10501
25.559999465942383,25.579999923706055,25.510000228881836,25.520000457763672,14336
25.489999771118164,25.5,25.450000762939453,25.459999084472656,3253
25.450000762939453,25.5,25.449899673461914,25.489999771118164,14440
25.479999542236328,25.510000228881836,25.450000762939453,25.5,12013
25.5,25.510000228881836,25.469999313354492,25.469999313354492,9347
25.479999542236328,25.489999771118164,25.450000762939453,25.479999542236328,14001
25.479999542236328,25.479999542236328,25.43000030517578,25.459999084472656,20063
25.459999084472656,25.510000228881836,25.459999084472656,25.510000228881836,9337
25.520000457763672,25.6200008392334,25.5,25.6200008392334,16440
25.649999618530273,25.68000030517578,25.639999389648438,25.65999984741211,4297
25.65999984741211,25.729999542236328,25.655000686645508,25.68000030517578,7848
25.690000534057617,25.850000381469727,25.690000534057617,25.850000381469727,28413
25.860000610351562,25.860000610351562,25.790000915527344,25.860000610351562,11041
25.860000610351562,25.920000076293945,25.860000610351562,25.889999389648438,37772
25.889999389648438,25.940000534057617,25.8799991607666,25.93000030517578,12728
25.940000534057617,25.950000762939453,25.899999618530273,25.93000030517578,13340
25.940000534057617,25.969999313354492,25.93000030517578,25.950000762939453,8239
25.940000534057617,25.989999771118164,25.93000030517578,25.969999313354492,23348
25.975000381469727,26.040000915527344,25.920000076293945,26.024999618530273,19010
26.024999618530273,26.040000915527344,25.989999771118164,26.0049991607666,15562
26.0049991607666,26.084999084472656,26.0049991607666,26.079999923706055,33243
26.06999969482422,26.139999389648438,26.051000595092773,26.139999389648438,37995
26.139999389648438,26.239999771118164,26.139999389648438,26.21500015258789,58972
26.209999084472656,26.270000457763672,26.190000534057617,26.260000228881836,103318
26.26,26.26,26.259,26.259,0
26.26,26.26,26.26,26.26,0
26.1,26.52,26.1,26.52,0
26.26,26.26,26.26,26.26,0
28.99,28.99,26.48,26.48,0
26.39,26.39,26.39,26.39,0
26.26,26.26,26.26,26.26,0
26.309999465942383,26.420000076293945,26.139999389648438,26.31999969482422,29878
26.3799991607666,26.450000762939453,26.299999237060547,26.329999923706055,14850
26.3799991607666,26.559999465942383,26.350000381469727,26.559999465942383,11297
26.549999237060547,26.549999237060547,26.260000228881836,26.280000686645508,7260
26.280000686645508,26.385000228881836,26.280000686645508,26.3799991607666,17397
26.3799991607666,26.489999771118164,26.3799991607666,26.489999771118164,9177
26.530000686645508,26.56999969482422,26.5,26.530000686645508,11187
26.540000915527344,26.6200008392334,26.520000457763672,26.600000381469727,23648
26.600000381469727,26.649999618530273,26.559999465942383,26.610000610351562,16590
26.6299991607666,26.729999542236328,26.6200008392334,26.690000534057617,21710
26.690000534057617,26.739999771118164,26.690000534057617,26.729999542236328,15100
26.709999084472656,26.709999084472656,26.639999389648438,26.645000457763672,15077
26.639999389648438,26.65999984741211,26.56999969482422,26.59000015258789,19161
26.59000015258789,26.639999389648438,26.520000457763672,26.540000915527344,6895
26.530000686645508,26.549999237060547,26.5,26.5,10491
26.479999542236328,26.530000686645508,26.440000534057617,26.5,20810
26.510000228881836,26.579999923706055,26.510000228881836,26.579999923706055,10302
26.600000381469727,26.6299991607666,26.540000915527344,26.579999923706055,17465
26.56999969482422,26.6200008392334,26.56999969482422,26.600000381469727,19482
26.600000381469727,26.600000381469727,26.510000228881836,26.510000228881836,15535
26.520000457763672,26.610000610351562,26.5,26.579999923706055,20891
26.559999465942383,26.600000381469727,26.540000915527344,26.559999465942383,13815
26.57990074157715,26.59000015258789,26.530000686645508,26.579999923706055,8849
26.56999969482422,26.579999923706055,26.540000915527344,26.549999237060547,9980
26.559999465942383,26.600000381469727,26.540000915527344,26.56999969482422,13663
26.579999923706055,26.579999923706055,26.540000915527344,26.540000915527344,3085
26.549999237060547,26.600000381469727,26.530000686645508,26.600000381469727,5741
26.600000381469727,26.6200008392334,26.59000015258789,26.600000381469727,11425
26.600000381469727,26.6200008392334,26.594999313354492,26.614999771118164,10869
26.610000610351562,26.6200008392334,26.56999969482422,26.59000015258789,11469
26.594999313354492,26.625,26.59000015258789,26.610000610351562,9675
26.610000610351562,26.625,26.59000015258789,26.600000381469727,8961
26.6200008392334,26.6299991607666,26.59000015258789,26.600000381469727,7969
26.610000610351562,26.709999084472656,26.600000381469727,26.68000030517578,42527
26.670000076293945,26.670000076293945,26.600000381469727,26.6200008392334,8310
26.600000381469727,26.6299991607666,26.579999923706055,26.6200008392334,7431
26.6299991607666,26.639999389648438,26.610000610351562,26.614999771118164,27975
26.6200008392334,26.6299991607666,26.59000015258789,26.600000381469727,7385
26.6200008392334,26.6200008392334,26.59000015258789,26.610000610351562,5575
26.610000610351562,26.649999618530273,26.600000381469727,26.639999389648438,10210
26.645000457763672,26.674999237060547,26.6200008392334,26.639999389648438,13347
26.649999618530273,26.709999084472656,26.649999618530273,26.709999084472656,5632
26.709999084472656,26.709999084472656,26.649999618530273,26.65999984741211,8055
26.649999618530273,26.700000762939453,26.6299991607666,26.68000030517578,7120
26.68000030517578,26.709999084472656,26.649999618530273,26.700000762939453,8764
26.719999313354492,26.719999313354492,26.670000076293945,26.709999084472656,11613
26.709999084472656,26.7549991607666,26.709999084472656,26.74370002746582,7429
26.729999542236328,26.75,26.665000915527344,26.665000915527344,6898
26.68000030517578,26.690000534057617,26.670000076293945,26.690000534057617,5315
26.700000762939453,26.739999771118164,26.690000534057617,26.735000610351562,3235
26.739999771118164,26.75,26.65999984741211,26.700000762939453,9575
26.700000762939453,26.735000610351562,26.690000534057617,26.719999313354492,8561
26.739999771118164,26.7450008392334,26.690000534057617,26.700000762939453,5016
26.719999313354492,26.739999771118164,26.709999084472656,26.739999771118164,13043
26.760000228881836,26.809999465942383,26.760000228881836,26.809999465942383,5368
26.81999969482422,26.850000381469727,26.780000686645508,26.790000915527344,4687
26.790000915527344,26.790000915527344,26.760000228881836,26.790000915527344,6644
26.790000915527344,26.81999969482422,26.780000686645508,26.815000534057617,3080
26.809999465942383,26.84000015258789,26.799999237060547,26.829999923706055,6192
26.81999969482422,26.844999313354492,26.80500030517578,26.844999313354492,12482
26.850000381469727,26.899999618530273,26.84000015258789,26.899999618530273,15718
26.90999984741211,26.93000030517578,26.8799991607666,26.8799991607666,8519
26.8700008392334,26.8799991607666,26.860000610351562,26.860000610351562,7483
26.850000381469727,26.889999389648438,26.850000381469727,26.8799991607666,12274
26.889999389648438,26.920000076293945,26.889999389648438,26.90999984741211,5289
26.90999984741211,26.920000076293945,26.889999389648438,26.899999618530273,8054
26.895000457763672,26.920000076293945,26.889999389648438,26.90999984741211,10058
26.90999984741211,26.90999984741211,26.84000015258789,26.860000610351562,9100
26.8700008392334,26.889999389648438,26.829999923706055,26.834999084472656,18418
26.84000015258789,26.8700008392334,26.809999465942383,26.829999923706055,4759
26.829999923706055,26.920000076293945,26.829999923706055,26.915000915527344,9868
26.920000076293945,26.950000762939453,26.899999618530273,26.905000686645508,15369
26.899999618530273,26.93000030517578,26.889999389648438,26.920000076293945,25649
26.915000915527344,27.0,26.915000915527344,26.96500015258789,31337
26.959999084472656,26.989999771118164,26.950000762939453,26.959999084472656,22067
26.959999084472656,27.024999618530273,26.959999084472656,27.024999618530273,40108
27.049999237060547,27.09000015258789,27.010000228881836,27.059999465942383,75041
27.059999465942383,27.1299991607666,27.059999465942383,27.1299991607666,102169
27.12,27.12,27.119,27.12,0
27.12,27.12,27.12,27.12,0
26.82,27.26,26.61,27.18,0
27.08,27.4,27.0,27.12,0
26.67,26.67,26.67,26.67,0
27.34,27.34,27.34,27.34,0
26.780000686645508,27.149999618530273,26.760000228881836,26.950000762939453,19208
26.969999313354492,27.059999465942383,26.940000534057617,26.989999771118164,11609
26.959999084472656,27.0049991607666,26.920000076293945,26.940000534057617,8960
26.940000534057617,26.959999084472656,26.850000381469727,26.920000076293945,14224
26.940000534057617,26.940000534057617,26.90999984741211,26.90999984741211,7289
26.899999618530273,26.899999618530273,26.809999465942383,26.809999465942383,4708
26.799999237060547,26.93000030517578,26.780000686645508,26.889999389648438,17342
26.889999389648438,27.049999237060547,26.8799991607666,27.020000457763672,23478
27.030000686645508,27.040000915527344,26.975000381469727,27.040000915527344,10994
27.020000457763672,27.020000457763672,26.889999389648438,26.920000076293945,12309
26.940000534057617,27.149999618530273,26.940000534057617,27.139999389648438,8145
27.18000030517578,27.229999542236328,27.155000686645508,27.209999084472656,7137
27.200000762939453,27.31999969482422,27.200000762939453,27.299999237060547,10049
27.299999237060547,27.350000381469727,27.299999237060547,27.34000015258789,6525
27.334999084472656,27.3799991607666,27.299999237060547,27.350000381469727,8039
27.389999389648438,27.405000686645508,27.360000610351562,27.3799991607666,21283
27.389999389648438,27.459999084472656,27.389999389648438,27.420000076293945,4723
27.420000076293945,27.43000030517578,27.3700008392334,27.399999618530273,4642
27.420000076293945,27.420000076293945,27.309999465942383,27.309999465942383,4845
27.296199798583984,27.3799991607666,27.290000915527344,27.3700008392334,3894
27.3799991607666,27.450000762939453,27.3799991607666,27.40999984741211,11428
27.40999984741211,27.40999984741211,27.334999084472656,27.379899978637695,10267
27.360000610351562,27.3700008392334,27.329999923706055,27.360000610351562,13050
27.34000015258789,27.350000381469727,27.32939910888672,27.32939910888672,2670
27.309999465942383,27.315000534057617,27.239999771118164,27.299999237060547,6047
27.309999465942383,27.31999969482422,27.280000686645508,27.299999237060547,6242
27.315000534057617,27.31999969482422,27.270000457763672,27.274999618530273,2026
27.270000457763672,27.350000381469727,27.270000457763672,27.299999237060547,17229
27.295000076293945,27.309999465942383,27.290000915527344,27.30500030517578,8148
27.309999465942383,27.325000762939453,27.270000457763672,27.270000457763672,10637
27.270000457763672,27.270000457763672,27.190000534057617,27.190000534057617,8612
27.190000534057617,27.219999313354492,27.18000030517578,27.209999084472656,11575
27.209999084472656,27.219999313354492,27.184999465942383,27.184999465942383,15911
27.190000534057617,27.209999084472656,27.174999237060547,27.174999237060547,14560
27.170000076293945,27.174999237060547,27.149999618530273,27.149999618530273,4756
27.149999618530273,27.18000030517578,27.149999618530273,27.149999618530273,6699
27.139999389648438,27.149999618530273,27.094999313354492,27.094999313354492,4855
27.110000610351562,27.21500015258789,27.110000610351562,27.18000030517578,5085
27.200000762939453,27.209999084472656,27.18000030517578,27.18000030517578,3103
27.190000534057617,27.190000534057617,27.170000076293945,27.170000076293945,3673
27.15999984741211,27.170000076293945,27.149999618530273,27.165000915527344,2527
27.190000534057617,27.229999542236328,27.18000030517578,27.219999313354492,7078
27.21500015258789,27.219999313354492,27.18000030517578,27.200000762939453,4779
27.18000030517578,27.200000762939453,27.18000030517578,27.200000762939453,2560
27.200000762939453,27.229999542236328,27.200000762939453,27.229999542236328,3102
27.219999313354492,27.280000686645508,27.219999313354492,27.25,3231
27.259899139404297,27.270000457763672,27.219999313354492,27.229999542236328,3855
27.239999771118164,27.30500030517578,27.229999542236328,27.299999237060547,7397
27.295000076293945,27.299999237060547,27.260000228881836,27.260000228881836,3162
27.260000228881836,27.329999923706055,27.25,27.329999923706055,2853
27.34000015258789,27.360000610351562,27.329999923706055,27.350000381469727,3742
27.354999542236328,27.360000610351562,27.350000381469727,27.350000381469727,2749
27.34000015258789,27.3700008392334,27.34000015258789,27.360000610351562,3259
27.360000610351562,27.360000610351562,27.31999969482422,27.360000610351562,3884
27.3700008392334,27.420000076293945,27.3700008392334,27.40999984741211,10827
27.40999984741211,27.40999984741211,27.395000457763672,27.40999984741211,2140
27.40999984741211,27.415000915527344,27.360200881958008,27.3799991607666,4506
27.3799991607666,27.40999984741211,27.375,27.405000686645508,4760
27.399999618530273,27.40999984741211,27.3700008392334,27.405000686645508,4759
27.405000686645508,27.43000030517578,27.389999389648438,27.43000030517578,7336
27.459999084472656,27.459999084472656,27.43000030517578,27.43000030517578,3697
27.440000534057617,27.45009994506836,27.43000030517578,27.434999465942383,9408
27.440000534057617,27.459999084472656,27.43000030517578,27.459999084472656,5778
27.459999084472656,27.469999313354492,27.450000762939453,27.459999084472656,5152
27.450000762939453,27.469999313354492,27.440000534057617,27.454999923706055,6996
27.454999923706055,27.469999313354492,27.440000534057617,27.44499969482422,4452
27.440000534057617,27.524999618530273,27.440000534057617,27.520000457763672,27408
27.510000228881836,27.549999237060547,27.5,27.540000915527344,8125
27.530000686645508,27.530000686645508,27.5,27.530000686645508,8404
27.530000686645508,27.56999969482422,27.5049991607666,27.56999969482422,16018
27.579999923706055,27.59000015258789,27.559999465942383,27.565000534057617,9620
27.56999969482422,27.59000015258789,27.540000915527344,27.559999465942383,20994
27.559999465942383,27.59000015258789,27.520000457763672,27.549999237060547,7494
27.559999465942383,27.584999084472656,27.53499984741211,27.56999969482422,9519
27.56999969482422,27.610000610351562,27.56999969482422,27.59000015258789,12500
27.59000015258789,27.6200008392334,27.540000915527344,27.56999969482422,20656
27.56999969482422,27.600000381469727,27.55500030517578,27.59000015258789,25197
27.59000015258789,27.59000015258789,27.530000686645508,27.549999237060547,68709
27.53,27.6,27.53,27.53,0
27.21,27.21,27.21,27.21,0
27.31,27.74,27.3,27.7,0
27.72,27.72,27.7,27.7,0
28.0,28.03,27.93,27.93,0
27.649999618530273,27.700000762939453,27.479999542236328,27.639999389648438,14357
27.709999084472656,27.718299865722656,27.559999465942383,27.559999465942383,5892
27.59000015258789,27.600000381469727,27.520000457763672,27.56999969482422,8743
27.520000457763672,27.55500030517578,27.489999771118164,27.520000457763672,9694
27.510000228881836,27.540000915527344,27.4950008392334,27.4950008392334,2864
27.520000457763672,27.524999618530273,27.440000534057617,27.450000762939453,3395
27.450000762939453,27.469999313354492,27.43000030517578,27.469999313354492,4964
27.440000534057617,27.459999084472656,27.434999465942383,27.459999084472656,2122
27.454999923706055,27.459999084472656,27.40999984741211,27.440000534057617,2785
27.450000762939453,27.56999969482422,27.450000762939453,27.55500030517578,9869
27.545000076293945,27.579999923706055,27.545000076293945,27.579999923706055,4399
27.56999969482422,27.579999923706055,27.549999237060547,27.56999969482422,2967
27.565000534057617,27.575000762939453,27.510000228881836,27.514999389648438,5675
27.5,27.579999923706055,27.489999771118164,27.579999923706055,3039
27.579999923706055,27.65999984741211,27.559999465942383,27.645000457763672,16030
27.649999618530273,27.66510009765625,27.639999389648438,27.639999389648438,7533
27.6299991607666,27.725000381469727,27.6299991607666,27.709999084472656,10662
27.719999313354492,27.729999542236328,27.68000030517578,27.700000762939453,2217
27.700000762939453,27.719999313354492,27.674999237060547,27.700000762939453,3784
27.690000534057617,27.690000534057617,27.639999389648438,27.670000076293945,3260
27.639999389648438,27.670000076293945,27.610000610351562,27.610000610351562,2663
27.600000381469727,27.600000381469727,27.53499984741211,27.53499984741211,4101
27.530000686645508,27.579999923706055,27.530000686645508,27.559999465942383,4450
27.545000076293945,27.600000381469727,27.545000076293945,27.568300247192383,2910
27.559999465942383,27.579999923706055,27.549999237060547,27.56999969482422,3069
27.56999969482422,27.56999969482422,27.530000686645508,27.530000686645508,1478
27.530000686645508,27.579999923706055,27.530000686645508,27.559999465942383,2014
27.59000015258789,27.6299991607666,27.584999084472656,27.610000610351562,2839
27.600000381469727,27.600000381469727,27.575000762939453,27.579999923706055,6490
27.56999969482422,27.59000015258789,27.56999969482422,27.579999923706055,1691
27.579999923706055,27.6299991607666,27.56999969482422,27.6299991607666,4115
27.6200008392334,27.68000030517578,27.6200008392334,27.674999237060547,6888
27.674999237060547,27.719999313354492,27.65999984741211,27.719999313354492,2892
27.729999542236328,27.739999771118164,27.670000076293945,27.670000076293945,2613
27.67840003967285,27.690000534057617,27.670000076293945,27.690000534057617,2883
27.690000534057617,27.739999771118164,27.690000534057617,27.725000381469727,8251
27.719999313354492,27.729999542236328,27.690000534057617,27.700000762939453,3296
27.690000534057617,27.69499969482422,27.690000534057617,27.69499969482422,836
27.690000534057617,27.704999923706055,27.690000534057617,27.704999923706055,1943
27.709999084472656,27.739999771118164,27.709999084472656,27.709999084472656,10084
27.704999923706055,27.729999542236328,27.700000762939453,27.729299545288086,4505
27.719999313354492,27.729999542236328,27.700000762939453,27.704999923706055,9900
27.704999923706055,27.739999771118164,27.704999923706055,27.729999542236328,5415
27.719999313354492,27.719999313354492,27.690000534057617,27.69499969482422,2610
27.670000076293945,27.709999084472656,27.670000076293945,27.709999084472656,5708
27.709999084472656,27.71500015258789,27.700000762939453,27.700000762939453,3027
27.704999923706055,27.709999084472656,27.690000534057617,27.709999084472656,6212
27.709999084472656,27.719999313354492,27.68000030517578,27.719999313354492,5905
27.739999771118164,27.760000228881836,27.735000610351562,27.75979995727539,8202
27.760000228881836,27.80500030517578,27.760000228881836,27.80500030517578,7944
27.809999465942383,27.829999923706055,27.799999237060547,27.829999923706055,3051
27.84000015258789,27.860000610351562,27.834999084472656,27.860000610351562,5098
27.850000381469727,27.850000381469727,27.84000015258789,27.844999313354492,4661
27.84000015258789,27.850000381469727,27.815000534057617,27.815000534057617,8199
27.815000534057617,27.825000762939453,27.815000534057617,27.825000762939453,1228
27.815000534057617,27.81999969482422,27.790000915527344,27.815000534057617,6112
27.829999923706055,27.829999923706055,27.790000915527344,27.790000915527344,4876
27.795000076293945,27.809999465942383,27.764999389648438,27.809999465942383,6180
27.809999465942383,27.809999465942383,27.780000686645508,27.780000686645508,4566
27.780000686645508,27.780000686645508,27.760000228881836,27.780000686645508,4366
27.790000915527344,27.790000915527344,27.764999389648438,27.780000686645508,4235
27.780000686645508,27.780000686645508,27.760000228881836,27.760000228881836,2315
27.770000457763672,27.78499984741211,27.770000457763672,27.780000686645508,2104
27.770000457763672,27.81999969482422,27.760000228881836,27.81999969482422,3975
27.829999923706055,27.84000015258789,27.81999969482422,27.834999084472656,1272
27.834999084472656,27.850000381469727,27.829999923706055,27.844999313354492,4832
27.834999084472656,27.860000610351562,27.81999969482422,27.850000381469727,15070
27.860000610351562,27.860000610351562,27.825000762939453,27.825000762939453,1517
27.81999969482422,27.825000762939453,27.799999237060547,27.809999465942383,6415
27.829999923706055,27.850000381469727,27.825000762939453,27.850000381469727,5523
27.850000381469727,27.850000381469727,27.829999923706055,27.834999084472656,2751
27.834999084472656,27.864999771118164,27.809999465942383,27.81999969482422,11096
27.81999969482422,27.860000610351562,27.81999969482422,27.834999084472656,5698
27.850000381469727,27.860000610351562,27.829999923706055,27.829999923706055,7883
27.825000762939453,27.829999923706055,27.790000915527344,27.81839942932129,10586
27.815000534057617,27.860000610351562,27.815000534057617,27.829999923706055,15035
27.834999084472656,27.84000015258789,27.739999771118164,27.790000915527344,31787
27.795000076293945,27.815000534057617,27.75,27.760000228881836,46798
27.76,27.78,27.76,27.78,0
27.65,28.0,27.65,27.95,0
27.7266,27.7266,27.7266,27.7266,0
27.99,27.99,27.89,27.89,0
27.97,28.01,27.88,27.88,0
27.76,27.76,27.76,27.76,0
27.79,27.79,27.79,27.79,0
27.5,27.5,27.5,27.5,0
28.49,28.49,28.49,28.49,0
27.5,27.51,27.5,27.5,0
27.389999389648438,27.760000228881836,27.389999389648438,27.559999465942383,34733
27.6200008392334,27.65999984741211,27.559999465942383,27.65999984741211,20191
27.56999969482422,27.729999542236328,27.559999465942383,27.729999542236328,14815
27.790000915527344,27.809999465942383,27.700000762939453,27.700000762939453,10536
27.772499084472656,27.809999465942383,27.700000762939453,27.719999313354492,21563
27.700000762939453,27.809999465942383,27.700000762939453,27.809999465942383,6155
27.760000228881836,27.829999923706055,27.739999771118164,27.799999237060547,14758
27.809999465942383,27.829999923706055,27.790000915527344,27.829999923706055,6543
27.81999969482422,27.90999984741211,27.790000915527344,27.90999984741211,8150
27.899999618530273,27.959999084472656,27.899999618530273,27.93000030517578,5775
27.93000030517578,27.959999084472656,27.920000076293945,27.940000534057617,4783
27.950000762939453,28.0,27.950000762939453,28.0,3688
28.0,28.079999923706055,28.0,28.06999969482422,7099
28.06999969482422,28.145000457763672,28.059999465942383,28.145000457763672,6902
28.155000686645508,28.18000030517578,28.139999389648438,28.149999618530273,4638
28.170000076293945,28.170000076293945,28.079999923706055,28.09000015258789,4497
28.100000381469727,28.1299991607666,28.100000381469727,28.1200008392334,3544
28.1200008392334,28.170000076293945,28.1200008392334,28.170000076293945,4730
28.18000030517578,28.191600799560547,28.149999618530273,28.149999618530273,11418
28.15999984741211,28.229999542236328,28.15999984741211,28.219999313354492,2886
28.20009994506836,28.239999771118164,28.200000762939453,28.219999313354492,3345
28.204999923706055,28.219999313354492,28.19499969482422,28.219999313354492,4071
28.209999084472656,28.209999084472656,28.190000534057617,28.190000534057617,3267
28.200000762939453,28.209999084472656,28.18000030517578,28.18000030517578,5030
28.190000534057617,28.209999084472656,28.1200008392334,28.1200008392334,4045
28.1299991607666,28.1299991607666,28.110000610351562,28.110000610351562,2475
28.100000381469727,28.110000610351562,28.049999237060547,28.049999237060547,4301
28.030000686645508,28.03499984741211,27.979999542236328,28.010000228881836,8620
28.020999908447266,28.079999923706055,28.0,28.059999465942383,11636
28.06999969482422,28.079999923706055,28.020000457763672,28.020000457763672,9733
28.030000686645508,28.1200008392334,28.030000686645508,28.09000015258789,8980
28.100000381469727,28.1200008392334,28.084999084472656,28.1200008392334,3621
28.1299991607666,28.139999389648438,28.1200008392334,28.139999389648438,4372
28.15999984741211,28.15999984741211,28.100000381469727,28.100000381469727,7213
28.100000381469727,28.190000534057617,28.100000381469727,28.18000030517578,8724
28.170000076293945,28.170000076293945,28.149999618530273,28.15999984741211,3309
28.139999389648438,28.139999389648438,28.065000534057617,28.06999969482422,2498
28.079999923706055,28.114999771118164,28.075000762939453,28.09000015258789,3122
28.09000015258789,28.100000381469727,28.049999237060547,28.049999237060547,5955
28.030000686645508,28.040000915527344,28.0049991607666,28.030000686645508,3404
28.024999618530273,28.024999618530273,27.959999084472656,27.985000610351562,4316
27.975000381469727,27.989999771118164,27.959999084472656,27.989999771118164,2525
27.969999313354492,27.969999313354492,27.940000534057617,27.950000762939453,1238
27.93000030517578,27.950000762939453,27.90999984741211,27.915000915527344,5204
27.895000457763672,27.940000534057617,27.889999389648438,27.920000076293945,5544
27.915000915527344,27.915000915527344,27.90999984741211,27.90999984741211,779
27.920000076293945,27.950000762939453,27.920000076293945,27.940000534057617,2736
27.950000762939453,27.954999923706055,27.920000076293945,27.920000076293945,3815
27.93000030517578,27.950000762939453,27.93000030517578,27.950000762939453,3564
27.940000534057617,27.950000762939453,27.899999618530273,27.90999984741211,5002
27.90999984741211,27.922300338745117,27.899999618530273,27.899999618530273,3387
27.899999618530273,27.90999984741211,27.8799991607666,27.90999984741211,3142
27.899999618530273,27.90999984741211,27.889999389648438,27.889999389648438,2384
27.889999389648438,27.889999389648438,27.860000610351562,27.8700008392334,4040
27.860000610351562,27.8700008392334,27.84000015258789,27.8700008392334,4732
27.8700008392334,27.8799991607666,27.854999542236328,27.8799991607666,2562
27.889999389648438,27.889999389648438,27.829999923706055,27.829999923706055,4694
27.84000015258789,27.84000015258789,27.81999969482422,27.829999923706055,2412
27.81999969482422,27.81999969482422,27.78499984741211,27.78499984741211,2514
27.780000686645508,27.790000915527344,27.719999313354492,27.729999542236328,4798
27.729999542236328,27.729999542236328,27.700000762939453,27.719999313354492,3286
27.725000381469727,27.739999771118164,27.709999084472656,27.739999771118164,4443
27.719999313354492,27.725000381469727,27.67530059814453,27.67530059814453,2913
27.684999465942383,27.690000534057617,27.674999237060547,27.684999465942383,2082
27.690000534057617,27.72100067138672,27.674999237060547,27.72100067138672,4950
27.719999313354492,27.739999771118164,27.719999313354492,27.725000381469727,2394
27.725000381469727,27.75,27.690000534057617,27.690000534057617,4411
27.690000534057617,27.709999084472656,27.68000030517578,27.68000030517578,4715
27.799999237060547,27.809999465942383,27.791000366210938,27.809999465942383,60755
27.80500030517578,27.81999969482422,27.790000915527344,27.799999237060547,36638
27.799999237060547,27.809999465942383,27.75,27.7549991607666,16728
27.7549991607666,27.81999969482422,27.75,27.799999237060547,61219
27.799999237060547,27.80500030517578,27.719999313354492,27.764999389648438,52090
27.760000228881836,27.770000457763672,27.739999771118164,27.7450008392334,41148
27.739999771118164,27.790000915527344,27.719999313354492,27.729999542236328,102767
27.73,27.73,27.73,27.73,0
27.770000457763672,27.770000457763672,27.7450008392334,27.75,322535
27.760000228881836,27.790000915527344,27.735000610351562,27.78499984741211,7328
27.780000686645508,27.80500030517578,27.770000457763672,27.799999237060547,6396
27.80500030517578,27.844999313354492,27.80500030517578,27.844999313354492,7888
27.850000381469727,27.860000610351562,27.829999923706055,27.850000381469727,6955
27.860000610351562,27.889999389648438,27.860000610351562,27.8700008392334,4903
27.8700008392334,27.879899978637695,27.825000762939453,27.829999923706055,7981
27.829999923706055,27.850000381469727,27.81999969482422,27.850000381469727,6488
27.84000015258789,27.844999313354492,27.780000686645508,27.780000686645508,9507
27.770000457763672,27.770000457763672,27.729999542236328,27.729999542236328,8068
27.719999313354492,27.760000228881836,27.69499969482422,27.704999923706055,17375
27.709999084472656,27.729999542236328,27.704999923706055,27.704999923706055,28278
27.700000762939453,27.709999084472656,27.65999984741211,27.670000076293945,36764
27.66,27.66,27.66,27.66,0
27.4,27.5,27.35,27.5,0
27.41,27.41,27.41,27.41,0
28.3,28.3,28.3,28.3,843
28.7,28.7,28.7,28.7,0
28.6089,28.6089,28.6089,28.6089,0
28.5,28.5,28.5,28.5,0
28.514999389648438,28.514999389648438,28.170000076293945,28.209999084472656,20866
28.184999465942383,28.274999618530273,28.09000015258789,28.239999771118164,10007
28.329999923706055,28.385000228881836,28.2549991607666,28.274999618530273,22837
28.280000686645508,28.334999084472656,28.260000228881836,28.290000915527344,19383
28.280000686645508,28.344999313354492,28.239999771118164,28.329999923706055,14327
28.334999084472656,28.34000015258789,28.264999389648438,28.270000457763672,9303
28.25,28.25,28.18000030517578,28.209999084472656,7869
28.209999084472656,28.329999923706055,28.190000534057617,28.270000457763672,9463
28.270000457763672,28.290000915527344,28.25,28.290000915527344,11442
28.295000076293945,28.295000076293945,28.260000228881836,28.270000457763672,8224
28.270000457763672,28.329999923706055,28.260000228881836,28.31999969482422,5562
28.31999969482422,28.344999313354492,28.309999465942383,28.34000015258789,6223
28.344999313354492,28.3700008392334,28.344999313354492,28.360000610351562,4069
28.3700008392334,28.3799991607666,28.31999969482422,28.329999923706055,17442
28.34000015258789,28.364999771118164,28.334999084472656,28.34000015258789,5749
28.360000610351562,28.40999984741211,28.360000610351562,28.40999984741211,2201
28.399999618530273,28.40999984741211,28.364999771118164,28.395000457763672,13162
28.395000457763672,28.420000076293945,28.395000457763672,28.40999984741211,4391
28.415000915527344,28.420000076293945,28.36039924621582,28.389999389648438,13212
28.40999984741211,28.420000076293945,28.350000381469727,28.350000381469727,9079
28.360000610351562,28.399999618530273,28.344999313354492,28.375,10616
28.389999389648438,28.389999389648438,28.34000015258789,28.364999771118164,8166
28.375,28.389999389648438,28.34000015258789,28.350000381469727,6945
28.360000610351562,28.360000610351562,28.299999237060547,28.299999237060547,7482
28.295000076293945,28.334999084472656,28.270000457763672,28.334999084472656,6998
28.325000762939453,28.325000762939453,28.315000534057617,28.315000534057617,3086
28.315000534057617,28.344999313354492,28.315000534057617,28.334999084472656,12534
28.34000015258789,28.366100311279297,28.325000762939453,28.360000610351562,11813
28.350000381469727,28.360000610351562,28.30500030517578,28.309999465942383,8695
28.309999465942383,28.31999969482422,28.270000457763672,28.270000457763672,12465
28.280000686645508,28.299999237060547,28.274999618530273,28.295000076293945,9452
28.290000915527344,28.290000915527344,28.209999084472656,28.260000228881836,11242
28.260000228881836,28.270000457763672,28.209999084472656,28.225000381469727,13284
28.229999542236328,28.270000457763672,28.225000381469727,28.25,22512
28.260000228881836,28.299999237060547,28.2549991607666,28.280000686645508,4838
28.280000686645508,28.280000686645508,28.2549991607666,28.264999389648438,7695
28.260000228881836,28.290000915527344,28.2549991607666,28.280000686645508,2491
28.270000457763672,28.290000915527344,28.264999389648438,28.270000457763672,4225
28.270000457763672,28.270000457763672,28.24209976196289,28.243999481201172,5714
28.239999771118164,28.2450008392334,28.219999313354492,28.219999313354492,6117
28.219999313354492,28.270000457763672,28.204999923706055,28.25,7852
28.239999771118164,28.270000457763672,28.229999542236328,28.235000610351562,8074
28.229999542236328,28.239999771118164,28.225000381469727,28.225000381469727,4873
28.219999313354492,28.309999465942383,28.219999313354492,28.30500030517578,8250
28.299999237060547,28.329999923706055,28.299999237060547,28.31999969482422,6988
28.329999923706055,28.399999618530273,28.325000762939453,28.399999618530273,7786
28.40999984741211,28.469999313354492,28.40999984741211,28.40999984741211,11830
28.40999984741211,28.434999465942383,28.399999618530273,28.434999465942383,4982
28.43000030517578,28.479999542236328,28.424999237060547,28.454599380493164,7125
28.459999084472656,28.4685001373291,28.450000762939453,28.4685001373291,6740
28.46500015258789,28.469999313354492,28.457500457763672,28.469999313354492,3431
28.469999313354492,28.489999771118164,28.450000762939453,28.475000381469727,3534
28.469999313354492,28.475000381469727,28.434999465942383,28.475000381469727,4991
28.475000381469727,28.485000610351562,28.469999313354492,28.469999313354492,3943
28.475000381469727,28.479999542236328,28.459999084472656,28.469999313354492,5884
28.479999542236328,28.5,28.479999542236328,28.4950008392334,6006
28.489999771118164,28.5,28.469999313354492,28.479999542236328,6376
28.479999542236328,28.485000610351562,28.440000534057617,28.44499969482422,9802
28.440000534057617,28.459999084472656,28.424999237060547,28.44499969482422,12736
28.434999465942383,28.440000534057617,28.399999618530273,28.40999984741211,6879
28.399999618530273,28.399999618530273,28.344999313354492,28.364999771118164,14069
28.3700008392334,28.375,28.290000915527344,28.290000915527344,12936
28.290000915527344,28.309999465942383,28.274999618530273,28.28499984741211,6407
28.28499984741211,28.295000076293945,28.21500015258789,28.229999542236328,10031
28.239999771118164,28.290000915527344,28.239999771118164,28.280000686645508,25439
28.290000915527344,28.295000076293945,28.270000457763672,28.290000915527344,18554
28.280000686645508,28.280000686645508,28.235000610351562,28.280000686645508,9464
28.280000686645508,28.299999237060547,28.260000228881836,28.299999237060547,9754
28.290000915527344,28.3700008392334,28.290000915527344,28.3700008392334,6061
28.3700008392334,28.3799991607666,28.364999771118164,28.375,11593
28.375,28.375,28.31999969482422,28.329999923706055,11611
28.329999923706055,28.34000015258789,28.28499984741211,28.30500030517578,21386
28.315000534057617,28.3799991607666,28.315000534057617,28.354999542236328,14215
28.350000381469727,28.3700008392334,28.31999969482422,28.33009910583496,11995
28.34000015258789,28.360000610351562,28.299999237060547,28.309999465942383,12372
28.299999237060547,28.3700008392334,28.299999237060547,28.334999084472656,18196
28.34000015258789,28.3700008392334,28.329999923706055,28.3700008392334,33448
28.3700008392334,28.3700008392334,28.34000015258789,28.350000381469727,58357
28.34,28.34,28.34,28.34,0
28.11,28.49,28.01,28.49,0
28.31,28.31,28.31,28.31,0
28.11,28.11,28.11,28.11,0
28.450000762939453,28.790000915527344,28.420000076293945,28.704999923706055,23268
28.729999542236328,28.729999542236328,28.565000534057617,28.700000762939453,17264
28.704999923706055,28.729999542236328,28.6200008392334,28.729999542236328,11837
28.75,28.829999923706055,28.75,28.809999465942383,13371
28.780000686645508,28.799999237060547,28.729999542236328,28.729999542236328,9656
28.719999313354492,28.760000228881836,28.700000762939453,28.739999771118164,8810
28.75,28.770000457763672,28.729999542236328,28.7549991607666,7364
28.7549991607666,28.809999465942383,28.75,28.809999465942383,4753
28.81999969482422,28.8700008392334,28.799999237060547,28.8700008392334,12047
28.875,28.969999313354492,28.864999771118164,28.959999084472656,27208
28.969999313354492,28.969999313354492,28.905000686645508,28.920000076293945,14799
28.905000686645508,28.979999542236328,28.905000686645508,28.979999542236328,11873
28.979999542236328,29.059999465942383,28.959999084472656,29.040000915527344,28770
29.040000915527344,29.040000915527344,28.96500015258789,28.96500015258789,8633
28.959999084472656,28.979999542236328,28.940000534057617,28.950000762939453,5420
28.93000030517578,28.93000030517578,28.915000915527344,28.93000030517578,4830
28.93000030517578,29.0,28.93000030517578,28.979999542236328,3228
28.979999542236328,28.979999542236328,28.93000030517578,28.950000762939453,9110
28.93000030517578,28.940000534057617,28.920000076293945,28.920000076293945,4841
28.924999237060547,28.924999237060547,28.8799991607666,28.889999389648438,4881
28.889999389648438,28.899999618530273,28.844999313354492,28.8700008392334,32007
28.889999389648438,28.905000686645508,28.8700008392334,28.905000686645508,17854
28.905000686645508,28.90999984741211,28.844999313354492,28.844999313354492,7456
28.844999313354492,28.875099182128906,28.81999969482422,28.860000610351562,7860
28.860000610351562,28.860000610351562,28.809999465942383,28.81999969482422,8061
28.809999465942383,28.81999969482422,28.790000915527344,28.815000534057617,5558
28.81999969482422,28.834999084472656,28.81999969482422,28.829999923706055,4882
28.829999923706055,28.84000015258789,28.809999465942383,28.825000762939453,9022
28.825000762939453,28.829999923706055,28.780000686645508,28.790000915527344,5940
28.790000915527344,28.809999465942383,28.790000915527344,28.790000915527344,5234
28.790000915527344,28.790000915527344,28.7450008392334,28.774999618530273,10064
28.774999618530273,28.790000915527344,28.7450008392334,28.7549991607666,10571
28.7549991607666,28.764999389648438,28.7450008392334,28.760000228881836,4565
28.770000457763672,28.790000915527344,28.760000228881836,28.764999389648438,7922
28.764999389648438,28.774999618530273,28.7450008392334,28.760000228881836,6191
28.770000457763672,28.78499984741211,28.760000228881836,28.78499984741211,4280
28.780000686645508,28.790000915527344,28.7549991607666,28.770000457763672,8331
28.770000457763672,28.799999237060547,28.770000457763672,28.795000076293945,7371
28.799999237060547,28.815000534057617,28.770000457763672,28.815000534057617,7412
28.815000534057617,28.815000534057617,28.78499984741211,28.795000076293945,6445
28.795000076293945,28.815000534057617,28.795000076293945,28.80500030517578,8571
28.809999465942383,28.829999923706055,28.795000076293945,28.825000762939453,10607
28.81999969482422,28.84000015258789,28.790000915527344,28.799999237060547,12683
28.795000076293945,28.799999237060547,28.774999618530273,28.78499984741211,4949
28.78499984741211,28.790000915527344,28.739999771118164,28.739999771118164,6850
28.729999542236328,28.774999618530273,28.719999313354492,28.774999618530273,6875
28.774999618530273,28.780000686645508,28.760000228881836,28.774999618530273,4901
28.780000686645508,28.804000854492188,28.764999389648438,28.804000854492188,11857
28.80500030517578,28.81999969482422,28.799999237060547,28.80500030517578,5186
28.80500030517578,28.80500030517578,28.774999618530273,28.774999618530273,6735
28.774999618530273,28.809999465942383,28.770000457763672,28.809999465942383,14319
28.80500030517578,28.829999923706055,28.80500030517578,28.825000762939453,5632
28.825000762939453,28.825000762939453,28.799999237060547,28.80500030517578,9725
28.80500030517578,28.809999465942383,28.795000076293945,28.799999237060547,9699
28.795000076293945,28.80500030517578,28.795000076293945,28.799999237060547,5147
28.799999237060547,28.829999923706055,28.78499984741211,28.829999923706055,30613
28.834999084472656,28.844999313354492,28.78499984741211,28.78499984741211,13063
28.795000076293945,28.799999237060547,28.78499984741211,28.78499984741211,6953
28.78499984741211,28.795000076293945,28.78499984741211,28.795000076293945,3955
28.795000076293945,28.809999465942383,28.790000915527344,28.790000915527344,20615
28.78499984741211,28.81999969482422,28.78499984741211,28.795000076293945,15605
28.790000915527344,28.795000076293945,28.739999771118164,28.739999771118164,6439
28.739999771118164,28.739999771118164,28.719999313354492,28.719999313354492,4326
28.719999313354492,28.719999313354492,28.704999923706055,28.709999084472656,4698
28.709999084472656,28.719999313354492,28.700000762939453,28.704999923706055,5605
28.700000762939453,28.700000762939453,28.65999984741211,28.65999984741211,8130
28.65999984741211,28.665000915527344,28.6200008392334,28.649999618530273,8878
28.635000228881836,28.645000457763672,28.610000610351562,28.6299991607666,3738
28.6200008392334,28.65999984741211,28.6200008392334,28.645000457763672,8458
28.645000457763672,28.670000076293945,28.639999389648438,28.65999984741211,9007
28.65999984741211,28.69499969482422,28.656600952148438,28.690000534057617,27836
28.700000762939453,28.80500030517578,28.670000076293945,28.799999237060547,33584
28.825000762939453,28.854999542236328,28.81999969482422,28.850000381469727,10787
28.84000015258789,28.860000610351562,28.834999084472656,28.844999313354492,10096
28.850000381469727,28.854999542236328,28.809999465942383,28.844999313354492,12174
28.844999313354492,28.850000381469727,28.815000534057617,28.815000534057617,14001
28.81999969482422,28.844999313354492,28.81999969482422,28.834999084472656,25847
28.84000015258789,28.8700008392334,28.82379913330078,28.860000610351562,38118
28.86,28.86,28.86,28.86,46031
28.63,28.65,28.63,28.64,0
29.05,29.13,28.85,28.85,0
29.0,29.0,29.0,29.0,0
28.89,28.89,28.89,28.89,0
28.86,28.89,28.86,28.89,0
28.48,28.48,28.48,28.48,0
28.549999237060547,28.899999618530273,28.5,28.899999618530273,25862
28.899999618530273,28.899999618530273,28.829999923706055,28.850000381469727,10839
28.854999542236328,29.030000686645508,28.854999542236328,28.959999084472656,10563
29.0,29.049999237060547,28.979999542236328,28.985000610351562,4977
28.959999084472656,28.979999542236328,28.8700008392334,28.905000686645508,8314
28.940000534057617,28.989999771118164,28.940000534057617,28.979999542236328,6766
28.975000381469727,29.03499984741211,28.969999313354492,28.979999542236328,8072
28.969999313354492,29.0,28.940000534057617,28.9950008392334,5353
29.014999389648438,29.020000457763672,28.979999542236328,29.0,6252
28.989999771118164,29.040000915527344,28.969999313354492,29.0,12083
28.989999771118164,29.0,28.920000076293945,28.920000076293945,6295
28.920000076293945,29.020000457763672,28.920000076293945,29.020000457763672,6443
29.03499984741211,29.06999969482422,29.020000457763672,29.049999237060547,5743
29.03499984741211,29.059999465942383,29.020000457763672,29.049999237060547,7641
29.049999237060547,29.049999237060547,28.889999389648438,28.934999465942383,12451
28.93000030517578,28.93000030517578,28.8700008392334,28.895000457763672,5974
28.889999389648438,28.899999618530273,28.770000457763672,28.770000457763672,10090
28.78499984741211,28.809999465942383,28.75,28.790000915527344,30145
28.780000686645508,28.81999969482422,28.770000457763672,28.809999465942383,4510
28.799999237060547,28.84000015258789,28.790000915527344,28.790000915527344,4860
28.780000686645508,28.780000686645508,28.670000076293945,28.670000076293945,12072
28.65999984741211,28.68000030517578,28.6200008392334,28.6200008392334,3931
28.6299991607666,28.670000076293945,28.59000015258789,28.670000076293945,4734
28.65999984741211,28.68000030517578,28.6299991607666,28.65999984741211,4948
28.674999237060547,28.6781005859375,28.639999389648438,28.670000076293945,3598
28.68000030517578,28.719999313354492,28.68000030517578,28.709999084472656,3627
28.700000762939453,28.739999771118164,28.690000534057617,28.729999542236328,7481
28.719999313354492,28.7450008392334,28.704999923706055,28.739999771118164,44044
28.735000610351562,28.735000610351562,28.670000076293945,28.670000076293945,25202
28.665000915527344,28.68000030517578,28.6299991607666,28.65999984741211,5803
28.670000076293945,28.725000381469727,28.670000076293945,28.700000762939453,6074
28.700000762939453,28.770000457763672,28.700000762939453,28.770000457763672,3698
28.780000686645508,28.799999237060547,28.770000457763672,28.799999237060547,5925
28.799999237060547,28.815000534057617,28.770000457763672,28.774999618530273,4828
28.764999389648438,28.764999389648438,28.760000228881836,28.764999389648438,1696
28.770000457763672,28.799999237060547,28.760000228881836,28.795000076293945,7321
28.799999237060547,28.81999969482422,28.719999313354492,28.729999542236328,8524
28.729999542236328,28.774999618530273,28.729999542236328,28.770000457763672,2241
28.760000228881836,28.770000457763672,28.735000610351562,28.739999771118164,3841
28.729999542236328,28.729999542236328,28.579999923706055,28.610000610351562,7183
28.639999389648438,28.645000457763672,28.600000381469727,28.645000457763672,8778
28.6299991607666,28.670000076293945,28.6299991607666,28.670000076293945,2782
28.684999465942383,28.684999465942383,28.6299991607666,28.6299991607666,3003
28.649999618530273,28.670000076293945,28.600000381469727,28.600000381469727,7776
28.6200008392334,28.625,28.59000015258789,28.614999771118164,5472
28.610000610351562,28.610000610351562,28.4950008392334,28.4950008392334,3645
28.5,28.604999542236328,28.5,28.600000381469727,11170
28.604999542236328,28.604999542236328,28.540000915527344,28.549999237060547,7498
28.545000076293945,28.545000076293945,28.5,28.510000228881836,3330
28.5,28.510000228881836,28.469999313354492,28.489999771118164,7541
28.5,28.524999618530273,28.489999771118164,28.520000457763672,4872
28.520000457763672,28.530000686645508,28.5,28.510000228881836,3972
28.520000457763672,28.530000686645508,28.5,28.5,2614
28.520000457763672,28.610000610351562,28.510000228881836,28.610000610351562,4419
28.575000762939453,28.575000762939453,28.520000457763672,28.520000457763672,8750
28.485000610351562,28.530000686645508,28.485000610351562,28.520000457763672,5764
28.524999618530273,28.549999237060547,28.520000457763672,28.549999237060547,2101
28.530000686645508,28.530000686645508,28.469999313354492,28.469999313354492,2779
28.469999313354492,28.5,28.44499969482422,28.5,7359
28.510000228881836,28.530000686645508,28.489999771118164,28.520000457763672,5521
28.524999618530273,28.524999618530273,28.469999313354492,28.479999542236328,5338
28.510000228881836,28.549999237060547,28.510000228881836,28.540000915527344,4608
28.530000686645508,28.540000915527344,28.5,28.5,3996
28.514999389648438,28.540000915527344,28.5,28.514999389648438,5694
28.5,28.520000457763672,28.469999313354492,28.479999542236328,3851
28.485000610351562,28.4950008392334,28.46500015258789,28.469999313354492,4794
28.479999542236328,28.489999771118164,28.469999313354492,28.489999771118164,9056
28.479999542236328,28.5,28.479999542236328,28.489999771118164,3894
28.5,28.510000228881836,28.440000534057617,28.440000534057617,7756
28.440000534057617,28.450000762939453,28.3799991607666,28.395000457763672,6346
28.399999618530273,28.420000076293945,28.3799991607666,28.399999618530273,6559
28.420000076293945,28.450000762939453,28.40999984741211,28.40999984741211,35766
28.389999389648438,28.399999618530273,28.364999771118164,28.3799991607666,8955
28.3799991607666,28.399999618530273,28.360000610351562,28.375,12649
28.3799991607666,28.395000457763672,28.309999465942383,28.309999465942383,11161
28.309999465942383,28.309999465942383,28.260000228881836,28.270000457763672,13645
28.270000457763672,28.290000915527344,28.229999542236328,28.2549991607666,50268
28.25,28.309999465942383,28.25,28.280000686645508,95052
28.27,28.28,28.27,28.27,0
28.02,28.5,27.98,28.21,0
28.2,28.2,28.2,28.2,0
28.299999237060547,28.420000076293945,28.079999923706055,28.350000381469727,52862
28.385000228881836,28.469999313354492,28.3799991607666,28.40999984741211,23708
28.415000915527344,28.440000534057617,28.209999084472656,28.219999313354492,11212
28.229999542236328,28.440000534057617,28.209999084472656,28.440000534057617,8843
28.420000076293945,28.420000076293945,28.360000610351562,28.360000610351562,6843
28.334999084472656,28.3700008392334,28.299999237060547,28.315000534057617,6392
28.329999923706055,28.420000076293945,28.329999923706055,28.3700008392334,21144
28.389999389648438,28.459999084472656,28.389999389648438,28.44499969482422,15661
28.40999984741211,28.43000030517578,28.3700008392334,28.389999389648438,9193
28.405000686645508,28.43000030517578,28.399999618530273,28.399999618530273,5001
28.43000030517578,28.510000228881836,28.420000076293945,28.489999771118164,16454
28.489999771118164,28.530000686645508,28.459999084472656,28.459999084472656,14478
28.459999084472656,28.510000228881836,28.459999084472656,28.459999084472656,18293
28.479999542236328,28.510000228881836,28.46500015258789,28.469999313354492,17152
28.482999801635742,28.489999771118164,28.459999084472656,28.479999542236328,6910
28.459999084472656,28.46500015258789,28.440000534057617,28.459999084472656,6172
28.450000762939453,28.46500015258789,28.44499969482422,28.450000762939453,14700
28.459999084472656,28.469999313354492,28.440000534057617,28.450000762939453,7028
28.450000762939453,28.559999465942383,28.450000762939453,28.549999237060547,28079
28.549999237060547,28.559999465942383,28.479999542236328,28.479999542236328,7530
28.450000762939453,28.489999771118164,28.44499969482422,28.450000762939453,6162
28.440000534057617,28.450000762939453,28.415000915527344,28.43000030517578,11777
28.43000030517578,28.440000534057617,28.405000686645508,28.420000076293945,6416
28.40999984741211,28.420000076293945,28.360000610351562,28.360000610351562,3216
28.350000381469727,28.350000381469727,28.260000228881836,28.264999389648438,4506
28.260000228881836,28.260000228881836,28.229999542236328,28.25,4870
28.260000228881836,28.260000228881836,28.21500015258789,28.25,4281
28.25,28.264999389648438,28.239999771118164,28.25,10494
28.239999771118164,28.239999771118164,28.200000762939453,28.219999313354492,3476
28.229999542236328,28.239999771118164,28.200000762939453,28.224000930786133,4723
28.2450008392334,28.30500030517578,28.239999771118164,28.280000686645508,10133
28.299999237060547,28.309999465942383,28.2549991607666,28.274999618530273,4132
28.290000915527344,28.334999084472656,28.28499984741211,28.334999084472656,2982
28.329999923706055,28.350000381469727,28.290000915527344,28.290000915527344,3937
28.290000915527344,28.309999465942383,28.280000686645508,28.299999237060547,4025
28.295000076293945,28.329999923706055,28.290000915527344,28.31999969482422,2139
28.329999923706055,28.34000015258789,28.309999465942383,28.34000015258789,7487
28.350000381469727,28.3700008392334,28.309999465942383,28.334999084472656,5384
28.329999923706055,28.334999084472656,28.309999465942383,28.309999465942383,3778
28.299999237060547,28.299999237060547,28.270000457763672,28.295000076293945,4564
28.29990005493164,28.29990005493164,28.274999618530273,28.280000686645508,6184
28.280000686645508,28.280000686645508,28.260000228881836,28.270000457763672,1740
28.280000686645508,28.280000686645508,28.260000228881836,28.270000457763672,3692
28.260000228881836,28.309999465942383,28.260000228881836,28.299999237060547,5986
28.299999237060547,28.309999465942383,28.290000915527344,28.295000076293945,4970
28.295000076293945,28.295000076293945,28.2549991607666,28.260000228881836,8871
28.270000457763672,28.270000457763672,28.260000228881836,28.260000228881836,3735
28.274999618530273,28.274999618530273,28.209999084472656,28.209999084472656,4963
28.209999084472656,28.209999084472656,28.1200008392334,28.1299991607666,4093
28.100000381469727,28.100000381469727,28.030000686645508,28.040000915527344,4962
28.0,28.05500030517578,27.954999923706055,27.954999923706055,9849
27.950000762939453,27.950000762939453,27.899999618530273,27.915000915527344,8092
27.924999237060547,27.969999313354492,27.8799991607666,27.969999313354492,7581
27.959999084472656,27.959999084472656,27.915000915527344,27.920000076293945,3869
27.90999984741211,27.920000076293945,27.834999084472656,27.889999389648438,11475
27.90999984741211,27.93899917602539,27.81999969482422,27.8700008392334,14333
27.905000686645508,27.93000030517578,27.860000610351562,27.90999984741211,6430
27.959999084472656,28.010000228881836,27.94499969482422,27.9950008392334,6720
28.020000457763672,28.020000457763672,27.979999542236328,27.979999542236328,3999
27.950000762939453,27.950000762939453,27.860000610351562,27.860000610351562,3925
27.8700008392334,27.920000076293945,27.829999923706055,27.920000076293945,13928
27.93000030517578,27.959999084472656,27.899999618530273,27.940000534057617,5206
27.93000030517578,27.93000030517578,27.850000381469727,27.850000381469727,5053
27.84000015258789,27.850000381469727,27.799999237060547,27.81999969482422,11129
27.81999969482422,27.81999969482422,27.760000228881836,27.760000228881836,5821
27.770000457763672,27.81999969482422,27.770000457763672,27.81999969482422,5469
27.84000015258789,27.940000534057617,27.829999923706055,27.940000534057617,3057
27.959999084472656,27.959999084472656,27.81999969482422,27.81999969482422,6900
27.81999969482422,27.8799991607666,27.81999969482422,27.850000381469727,5059
27.860000610351562,27.93000030517578,27.829999923706055,27.84000015258789,9079
27.829999923706055,27.885000228881836,27.809999465942383,27.885000228881836,6079
27.90999984741211,27.93000030517578,27.8799991607666,27.90999984741211,12793
27.90999984741211,27.90999984741211,27.860000610351562,27.8799991607666,16529
27.860000610351562,27.885000228881836,27.84000015258789,27.875,10982
27.860000610351562,27.860000610351562,27.80500030517578,27.834999084472656,23630
27.81999969482422,27.90999984741211,27.81999969482422,27.899999618530273,18657
27.90999984741211,27.90999984741211,27.81999969482422,27.834999084472656,45104
27.829999923706055,27.899999618530273,27.829999923706055,27.895000457763672,63536
27.88,27.88,27.88,27.88,0
28.18,28.29,27.83,28.1,0
27.89,27.89,27.89,27.89,0
27.24,27.24,27.24,27.24,0
28.0,28.0,28.0,28.0,0
27.84000015258789,28.084999084472656,27.770000457763672,28.040000915527344,19608
28.049999237060547,28.059999465942383,27.979999542236328,27.989999771118164,5088
27.979999542236328,28.075000762939453,27.93000030517578,27.93000030517578,5966
27.93000030517578,27.94499969482422,27.84000015258789,27.93000030517578,4504
27.899999618530273,27.959999084472656,27.899999618530273,27.924999237060547,20050
27.920000076293945,27.920000076293945,27.84000015258789,27.84000015258789,5439
27.850000381469727,27.850000381469727,27.75,27.760000228881836,9178
27.75200080871582,27.84000015258789,27.75200080871582,27.81999969482422,6538
27.829999923706055,27.90999984741211,27.829999923706055,27.889999389648438,9198
27.860000610351562,27.860000610351562,27.75,27.780000686645508,9238
27.780000686645508,27.84000015258789,27.770000457763672,27.84000015258789,2211
27.829999923706055,27.829999923706055,27.770000457763672,27.770000457763672,3038
27.790000915527344,27.799999237060547,27.75,27.780000686645508,10194
27.770000457763672,27.780000686645508,27.729999542236328,27.753000259399414,10243
27.760000228881836,27.799999237060547,27.75,27.790000915527344,8153
27.790000915527344,27.850000381469727,27.760000228881836,27.780000686645508,5840
27.780000686645508,27.80500030517578,27.760000228881836,27.78499984741211,4485
27.790000915527344,27.825000762939453,27.760000228881836,27.770000457763672,3722
27.770000457763672,27.829999923706055,27.770000457763672,27.829999923706055,3690
27.809999465942383,27.809999465942383,27.770000457763672,27.774999618530273,4168
27.780000686645508,27.790000915527344,27.75,27.760000228881836,4399
27.770000457763672,27.8700008392334,27.770000457763672,27.854999542236328,4932
27.860000610351562,27.860000610351562,27.850000381469727,27.850000381469727,5698
27.84000015258789,27.8799991607666,27.829999923706055,27.8799991607666,11630
27.875,27.899999618530273,27.860000610351562,27.899999618530273,4310
27.90999984741211,27.90999984741211,27.8799991607666,27.8799991607666,2535
27.889999389648438,27.899999618530273,27.8799991607666,27.889999389648438,5682
27.89189910888672,27.90999984741211,27.875,27.899999618530273,15243
27.899999618530273,27.899999618530273,27.809999465942383,27.809999465942383,8076
27.81999969482422,27.8700008392334,27.81999969482422,27.8700008392334,5045
27.860000610351562,27.8700008392334,27.84000015258789,27.8700008392334,4602
27.860000610351562,27.860000610351562,27.81999969482422,27.81999969482422,3264
27.799999237060547,27.829999923706055,27.795000076293945,27.829999923706055,2000
27.84000015258789,27.850000381469727,27.81999969482422,27.829999923706055,5813
27.81999969482422,27.834999084472656,27.799999237060547,27.825000762939453,4179
27.825000762939453,27.83300018310547,27.815000534057617,27.829999923706055,3925
27.84000015258789,27.860000610351562,27.809999465942383,27.809999465942383,6358
27.81999969482422,27.84000015258789,27.809999465942383,27.834999084472656,3910
27.84000015258789,27.8700008392334,27.81100082397461,27.8700008392334,3993
27.850000381469727,27.850000381469727,27.81999969482422,27.81999969482422,84242
27.829999923706055,27.829999923706055,27.81999969482422,27.829999923706055,6598
27.81999969482422,27.825000762939453,27.790000915527344,27.809999465942383,5078
27.81999969482422,27.829999923706055,27.81999969482422,27.825000762939453,4312
27.825000762939453,27.84000015258789,27.825000762939453,27.829999923706055,20735
27.829999923706055,27.829999923706055,27.790000915527344,27.790000915527344,8846
27.790000915527344,27.790000915527344,27.770000457763672,27.78499984741211,4172
27.78499984741211,27.78499984741211,27.729999542236328,27.729999542236328,4573
27.709999084472656,27.735000610351562,27.709999084472656,27.725000381469727,4171
27.725000381469727,27.725000381469727,27.690000534057617,27.700000762939453,3228
27.71500015258789,27.719999313354492,27.709999084472656,27.709999084472656,2965
27.70199966430664,27.70199966430664,27.6299991607666,27.65999984741211,5987
27.65999984741211,27.68000030517578,27.649999618530273,27.649999618530273,4595
27.639999389648438,27.639999389648438,27.559999465942383,27.559999465942383,4563
27.559999465942383,27.584999084472656,27.489999771118164,27.489999771118164,32941
27.479999542236328,27.5,27.479999542236328,27.479999542236328,7920
27.469999313354492,27.489999771118164,27.459999084472656,27.469999313354492,7755
27.469999313354492,27.5,27.469999313354492,27.489999771118164,4435
27.489999771118164,27.489999771118164,27.43000030517578,27.472200393676758,19819
27.510000228881836,27.510000228881836,27.479999542236328,27.479999542236328,4082
27.479999542236328,27.6299991607666,27.459999084472656,27.600000381469727,13449
27.559999465942383,27.59000015258789,27.530000686645508,27.56999969482422,5121
27.575000762939453,27.575000762939453,27.530000686645508,27.559999465942383,5925
27.559999465942383,27.59000015258789,27.540000915527344,27.579999923706055,1854
27.559999465942383,27.565000534057617,27.545000076293945,27.559999465942383,3426
27.56999969482422,27.6200008392334,27.56999969482422,27.579999923706055,4021
27.59000015258789,27.6200008392334,27.575000762939453,27.600000381469727,4279
27.604999542236328,27.604999542236328,27.565000534057617,27.59000015258789,2670
27.56999969482422,27.579999923706055,27.5,27.579999923706055,10912
27.56999969482422,27.600000381469727,27.549999237060547,27.600000381469727,9069
27.610000610351562,27.610000610351562,27.559999465942383,27.565000534057617,3906
27.559999465942383,27.579999923706055,27.520000457763672,27.57830047607422,15248
27.59000015258789,27.649999618530273,27.59000015258789,27.649999618530273,8220
27.655000686645508,27.700000762939453,27.610000610351562,27.690000534057617,10649
27.690000534057617,27.700000762939453,27.655000686645508,27.667499542236328,8859
27.670000076293945,27.680599212646484,27.635000228881836,27.670000076293945,16770
27.65999984741211,27.700000762939453,27.610000610351562,27.68000030517578,22069
27.68000030517578,27.68000030517578,27.59000015258789,27.670000076293945,25861
27.65999984741211,27.690000534057617,27.65999984741211,27.690000534057617,42072
27.68,27.68,27.68,27.68,78041
28.47,28.47,28.47,28.47,0
28.26,28.82,28.2,28.64,0
28.46,28.46,28.46,28.46,0
28.46,28.46,28.46,28.46,0
28.34000015258789,28.74810028076172,28.34000015258789,28.690000534057617,18247
28.65999984741211,28.65999984741211,28.389999389648438,28.40999984741211,13079
28.420000076293945,28.549999237060547,28.40999984741211,28.530000686645508,11603
28.56999969482422,28.639999389648438,28.540000915527344,28.6299991607666,12764
28.56999969482422,28.600000381469727,28.510000228881836,28.56999969482422,15834
28.610000610351562,28.610000610351562,28.540000915527344,28.549999237060547,11034
28.559999465942383,28.6200008392334,28.540000915527344,28.6200008392334,18752
28.614999771118164,28.700000762939453,28.60409927368164,28.700000762939453,21857
28.700000762939453,28.700000762939453,28.665000915527344,28.68000030517578,17751
28.68000030517578,28.700000762939453,28.649999618530273,28.65999984741211,14135
28.649999618530273,28.75,28.649999618530273,28.75,28257
28.78499984741211,28.80500030517578,28.75,28.770000457763672,6391
28.774999618530273,28.774999618530273,28.739999771118164,28.75,7509
28.760000228881836,28.80500030517578,28.760000228881836,28.799999237060547,15624
28.799999237060547,28.850000381469727,28.790000915527344,28.850000381469727,6566
28.854999542236328,28.8700008392334,28.854999542236328,28.8700008392334,5643
28.8700008392334,28.93000030517578,28.8700008392334,28.8799991607666,4709
28.8700008392334,28.899999618530273,28.850000381469727,28.889999389648438,3663
28.889999389648438,28.924999237060547,28.8700008392334,28.924999237060547,7267
28.920000076293945,28.920000076293945,28.860000610351562,28.889999389648438,20759
28.899999618530273,28.899999618530273,28.8799991607666,28.899999618530273,4734
28.90999984741211,28.979999542236328,28.90999984741211,28.920000076293945,19848
28.93000030517578,28.940000534057617,28.8799991607666,28.8799991607666,4293
28.889999389648438,28.920000076293945,28.8799991607666,28.899999618530273,8008
28.889999389648438,28.93000030517578,28.875,28.93000030517578,12240
28.93000030517578,28.934999465942383,28.899999618530273,28.924999237060547,5435
28.924999237060547,28.924999237060547,28.899999618530273,28.90999984741211,5996
28.920000076293945,28.924999237060547,28.850000381469727,28.8700008392334,7233
28.860000610351562,28.864999771118164,28.760000228881836,28.760000228881836,8318
28.75,28.795000076293945,28.75,28.774999618530273,5297
28.780000686645508,28.78499984741211,28.729999542236328,28.729999542236328,4522
28.725000381469727,28.770000457763672,28.725000381469727,28.764999389648438,5317
28.770000457763672,28.770000457763672,28.764999389648438,28.770000457763672,2269
28.770000457763672,28.770000457763672,28.709999084472656,28.719999313354492,12786
28.713199615478516,28.75,28.709999084472656,28.739999771118164,3599
28.75,28.75,28.719999313354492,28.739999771118164,3664
28.729999542236328,28.739999771118164,28.649999618530273,28.649999618530273,5383
28.639999389648438,28.709999084472656,28.639999389648438,28.690000534057617,10237
28.700000762939453,28.75,28.690000534057617,28.700000762939453,13768
28.690000534057617,28.709999084472656,28.690000534057617,28.700000762939453,2525
28.700000762939453,28.704999923706055,28.65999984741211,28.690000534057617,5686
28.684999465942383,28.722900390625,28.68000030517578,28.709999084472656,4277
28.719999313354492,28.739999771118164,28.704999923706055,28.739999771118164,7390
28.75,28.780000686645508,28.75,28.780000686645508,1087
28.780000686645508,28.80500030517578,28.780000686645508,28.790000915527344,3903
28.790000915527344,28.790000915527344,28.770000457763672,28.770000457763672,3578
28.770000457763672,28.81999969482422,28.770000457763672,28.81999969482422,3364
28.829999923706055,28.829999923706055,28.780000686645508,28.799999237060547,3555
28.790000915527344,28.799999237060547,28.770000457763672,28.770000457763672,3493
28.770000457763672,28.809999465942383,28.770000457763672,28.790000915527344,6327
28.78499984741211,28.790000915527344,28.760000228881836,28.760000228881836,4128
28.764999389648438,28.77899932861328,28.7549991607666,28.77899932861328,4064
28.780000686645508,28.809999465942383,28.780000686645508,28.790000915527344,4097
28.788000106811523,28.829999923706055,28.788000106811523,28.829999923706055,4819
28.84000015258789,28.850000381469727,28.75,28.81999969482422,6786
28.860000610351562,28.8799991607666,28.799999237060547,28.860000610351562,6422
28.81999969482422,28.81999969482422,28.78849983215332,28.809999465942383,4561
28.81999969482422,28.84000015258789,28.809999465942383,28.84000015258789,1997
28.850000381469727,28.90999984741211,28.84000015258789,28.90999984741211,2879
28.90999984741211,28.924999237060547,28.895000457763672,28.924999237060547,3135
28.93000030517578,29.020000457763672,28.93000030517578,29.0,24617
29.010000228881836,29.030000686645508,28.979999542236328,28.979999542236328,11308
28.979999542236328,28.979999542236328,28.940000534057617,28.959999084472656,13870
28.954999923706055,28.954999923706055,28.899999618530273,28.90999984741211,1703
28.899999618530273,28.93000030517578,28.899999618530273,28.899999618530273,4829
28.90999984741211,28.90999984741211,28.899999618530273,28.905000686645508,5425
28.920000076293945,28.979999542236328,28.899999618530273,28.979999542236328,11628
28.959999084472656,28.959999084472656,28.93000030517578,28.93000030517578,2194
28.93000030517578,28.940000534057617,28.920000076293945,28.940000534057617,8349
28.940000534057617,29.0,28.940000534057617,29.0,12940
29.0049991607666,29.010000228881836,28.959999084472656,28.969999313354492,5934
28.959999084472656,29.0049991607666,28.959999084472656,29.0049991607666,8265
29.010000228881836,29.040000915527344,28.989999771118164,29.020000457763672,18559
29.030000686645508,29.040000915527344,28.9950008392334,29.040000915527344,27768
29.040000915527344,29.059999465942383,29.006399154663086,29.024999618530273,34609
29.030000686645508,29.079999923706055,29.010000228881836,29.030000686645508,23588
29.030000686645508,29.040000915527344,28.940000534057617,28.969999313354492,87383
28.959999084472656,29.0,28.920000076293945,28.989999771118164,208922
28.99,28.99,28.99,28.99,0
28.96,28.96,28.93,28.93,0
