Open,High,Low,Close,Volume
0.0,1.0749814822955015,0.9332254085546277,0.9627578854560852,1796220.0
0.0,1.0867952714977398,0.9627588290011779,1.0277304649353027,3687121.0
0.0,1.2462701797485352,1.0218236693094815,1.2462701797485352,3980269.0
0.0,1.3466806434717975,1.210831408518719,1.2758026123046875,6461109.0
0.0,1.5179697275161743,1.263990215889466,1.5179697275161743,5219325.0
0.0,1.553408544739732,1.2994291198082106,1.3407747745513916,5350421.0
0.0,1.6006597459768852,1.3348677294942481,1.399838924407959,4587503.0
0.0,1.5356881966885907,1.388026142271194,1.4766234159469604,4174183.0
0.0,1.6301928007202593,1.4589042985273373,1.5947539806365967,3281081.0
0.0,1.5829400986370052,1.3821191860097313,1.435278058052063,2408008.0
0.0,1.458903727209367,1.323054508553148,1.4116520881652832,4958949.0
0.0,1.636098696660627,1.3939326316810765,1.6301922798156738,6173424.0
0.0,1.836921293764249,1.606567752350284,1.83101487159729,7614584.0
0.0,1.9963949856690812,1.7719484743060363,1.8605457544326782,6116979.0
0.0,1.901890754699707,1.7187891109350497,1.901890754699707,5618988.0
0.0,1.9963955089791052,1.8605462421328829,1.8664524555206299,8291923.0
0.0,1.8605446515993525,1.671536959194158,1.712882161140442,4602980.0
0.0,1.736509029279468,1.5593141738589167,1.5888465642929077,4880655.0
0.0,1.7069768521318698,1.571127613521872,1.6774444580078125,3153627.0
0.0,1.8664523575533947,1.6420059017009543,1.8192003965377808,4618460.0
0.0,1.9018912771398098,1.76604163646698,1.76604163646698,3345718.0
0.0,1.8900781424332687,1.730602824806295,1.7483224868774414,3805473.0
0.0,1.789667713377479,1.6774445481382227,1.6892573833465576,4871549.0
0.0,1.6951644263368653,1.512062688160122,1.5238758325576782,3810023.0
0.0,1.6183792665398518,1.2698959129660699,1.6006596088409424,13503963.0
0.0,1.6892571662084914,1.5238754432832713,1.6301922798156738,5875722.0
0.0,1.6774446788994168,1.5120626141339542,1.5297821760177612,3532351.0
0.0,1.5711278576982004,1.405745686444658,1.541595458984375,9484548.0
0.0,1.6833506613592721,1.4648105828746196,1.4766234159469604,7014633.0
0.0,1.6892572925814344,1.4234651300849155,1.6774444580078125,11248904.0
0.0,1.907797631603416,1.6420054938346031,1.736509084701538,11377268.0
0.0,2.3330652873093234,1.7128833430361683,2.285813331604004,13002335.0
0.0,2.5043520671728166,2.2444663940198426,2.4807260036468506,9542812.0
0.0,2.693362388188374,2.350785747044562,2.681549549102783,15411252.0
,,,,
0.0,3.047753332599828,2.3389733065343083,2.5988595485687256,8575968.0
0.0,2.953247048380087,2.4334755859163373,2.9059948921203613,11740517.0
0.0,3.2603855631244714,2.764240036516714,3.165881633758545,8652442.0
0.0,3.2013190087310717,2.8351165341770415,3.0123114585876465,19660087.0
0.0,3.1658803867871312,2.8469298020865046,2.870555877685547,10341691.0
2.811491927553187,3.496645039829792,2.7406136798665934,3.083190441131592,13196249.0
3.1068164116610304,3.2013205396148865,2.8351178899413383,2.917808771133423,5910769.0
,,,,
2.9041288688210702,3.1056401052745977,2.607789347953663,3.0345184803009033,8730737.0
3.034518691535903,3.3545653057854516,2.9633970616113814,3.259737014770508,7169855.0
3.224174452609703,3.449392675364202,2.88042071313896,2.8922741413116455,6888541.0
,,,,
2.90191225408403,3.3657424397877658,2.771088186101975,3.341956377029419,8465354.0
3.306276666974983,3.3657419179091383,3.1278802946201987,3.2111318111419678,4533336.0
3.1992403967533236,3.2230264655288106,2.9375924011178287,2.9970576763153076,9713965.0
,,,,
3.007237517375182,3.0549716534413904,2.4344303712084807,2.553765296936035,10385844.0
2.577633163239687,2.8521030800884466,2.5179654746783635,2.744701862335205,8641513.0
2.7924356699792403,2.852102941196794,2.5179653520585368,2.6611673831939697,6755169.0
,,,,
2.6718084263434108,2.683789473313552,2.3003911851735324,2.4920902252197266,9966604.0
2.516051082664607,2.755674985392308,2.44416380782255,2.5040700435638428,9471347.0
2.5160540310377004,2.6119039124954893,2.1566176517261413,2.5759599208831787,11352236.0
,,,,
,,,,
2.603126865494929,2.9887750497414367,2.591075091611939,2.711590528488159,9653426.0
2.651332862225029,2.7236416206756195,2.362096572811591,2.3982510566711426,10369456.0
2.3982523127440585,2.699540115063018,2.3138917364654947,2.554922103881836,13810311.0
,,,,
2.5801685284958076,2.749757171990677,2.5801685284958076,2.6528494358062744,12048692.0
2.6407370188783847,2.74975810116713,2.4953751551379226,2.7134175300598145,7698342.0
2.7013037343514306,3.246409679493123,2.51960154229317,3.173729181289673,7937779.0
,,,,
3.166075308604856,3.2634927924506627,2.946885599912142,2.995594024658203,6790220.0
2.9955940193020827,3.166075302943915,2.8129363167119976,2.9347081184387207,6358689.0
2.934708855547827,2.9590633911712683,2.7764050083493013,2.861645460128784,7223114.0
,,,,
2.887763546370839,3.4995779182648157,2.838818192641393,3.4628686904907227,10524226.0
3.462871090796753,3.4873437846248434,3.1936727335506916,3.4506349563598633,10720416.0
3.450634739124337,3.5240526035094137,3.32827170264159,3.475107431411743,10733162.0
,,,,
3.4890148635386864,3.5012999663959334,3.120456871289256,3.1573123931884766,8220002.0
3.1818830255579287,3.1941685550701338,2.9976041360969528,3.1573123931884766,9162722.0
3.145027263401059,3.4767290684291803,3.0467449547587964,3.3907322883605957,7066523.0
,,,,
3.407127487563236,3.740433169484847,3.3207151018418593,3.7280890941619873,9200501.0
3.7157462302764537,4.184843592940132,3.678711844371005,3.9749839305877686,15432188.0
3.974982447375075,4.518147521738475,3.8515361123857303,4.468769073486328,10936179.0
,,,,
4.511850449332133,5.205981254577638,4.437479399245438,5.205981254577637,14824499.0
5.156403802761586,5.99927771652643,5.020056640632306,5.738978862762451,15707133.0
5.7265788000091975,5.875321313353447,5.156399667741024,5.553046226501465,10602519.0
,,,,
5.544027886934795,5.892083644866943,5.195972129002646,5.892083644866943,10185328.0
,,,,
5.941805177109556,6.861666354266081,5.842361168893466,6.563333034515381,10823063.0
6.538471064126075,6.56333227916933,5.369999137502179,5.842360496520996,10830345.0
,,,,
5.86023692819547,6.109608482043322,5.610865374347618,6.059734344482422,8702969.0
6.059734806810596,6.059734806810596,4.688190073451055,4.912624359130859,13473920.0
4.937564662539527,5.6856802711843795,4.688192937331901,5.560994625091553,16436361.0
,,,,
5.605055360991708,5.8052354595761155,5.079581353007419,5.529987335205078,9693711.0
5.5299872650172475,5.905326085673241,5.379851649853967,5.805235385894775,15117421.0
5.855278339915534,6.681022799173615,5.730165450890683,6.580932140350342,12973428.0
,,,,
6.6262568101375035,7.379241192321616,6.550958982094529,7.278842926025391,12183429.0
7.278843532387807,8.20752365043501,7.178445693567559,7.780832290649414,9477492.0
7.730636210959995,8.15732681971993,6.274866918504488,7.178447723388672,14867513.0
,,,,
7.144891509960792,7.446788752723895,6.138568823608191,7.1197333335876465,10696063.0
7.170049249476615,7.522261971271363,6.717204259046605,7.1197333335876465,9859859.0
6.842996579347964,7.446790793483982,6.390151027960311,7.295841693878174,14009234.0
,,,,
7.31712938677566,7.922684904103352,7.115277547666429,7.443286895751953,15248061.0
7.493751078169836,7.594677461174355,6.509723663330078,6.509723663330078,13510565.0
6.560184792991622,6.61064753050143,3.784721962254238,4.995832920074463,28581100.0
,,,,
5.039646970380504,5.166270928016729,4.07730216587316,4.2039265632629395,14511322.0
4.203927341914204,4.786399062137601,3.8493790515041124,4.381201267242432,13814410.0
4.482498356087866,5.292893519233542,4.457173837054618,5.191594123840332,16529679.0
,,,,
5.266602978992683,5.546470642089844,4.910407409944379,5.546470642089844,14544322.0
5.597354308406444,6.106204700079757,5.215716625100634,5.368371963500977,14060218.0
5.342925560368847,5.775447756502515,5.190270329771492,5.317482948303223,9652743.0
,,,,
5.361994162800321,5.79606000645587,5.030061093697615,5.591794013977051,11423243.0
5.5407258758875075,6.204591857441074,5.5407258758875075,6.0258588790893555,15471793.0
6.051391906522962,6.076925314211389,5.387525966861887,5.617325305938721,10315742.0
,,,,
5.693122399039413,5.846990343315075,4.89813698123131,4.975070953369141,13668289.0
4.949427303419515,5.513610491263389,4.923782491615484,5.462321758270264,13572015.0
5.487966537475586,5.795702966344099,5.308453731962494,5.487966537475586,7939825.0
,,,,
5.512344748141599,5.589620494140273,4.868379154486225,5.074448108673096,12930411.0
5.022934810771711,5.409314755666444,4.945659000707157,5.229004383087158,13381743.0
5.254762688251355,5.357797250766087,4.971417753157336,5.229004383087158,17386137.0
,,,,
5.279488308290616,5.641806358064699,5.227728843688964,5.227728843688965,13491443.0
5.2794861793518075,5.460645355882206,5.072447505651736,5.279486179351807,12724891.0
5.279485453284738,5.383004775898164,5.175966580061699,5.357125282287598,11600545.0
,,,,
5.356201754053983,6.058228055084779,5.330200662887717,5.850220680236816,19021214.0
5.8502190536264145,6.474242359147375,5.798216885752703,6.110228538513184,18620410.0
6.110234966741863,6.344244065373291,5.954228750489442,6.24023962020874,14512230.0
,,,,
6.267511585531173,6.345855820451004,5.69298991692461,6.163053512573242,21580349.0
6.1630539477009725,6.24139728121687,5.379614717462923,5.4318437576293945,21802713.0
5.405730274992537,5.77133497139147,5.014010374392368,5.2751569747924805,19138657.0
,,,,
5.3027297827325075,5.4077343283723796,5.040218190713864,5.38148307800293,11476502.0
5.4077336786667125,5.486486964475416,4.987715546569798,5.11897087097168,12054833.0
5.11897068250641,5.565240501226395,4.935213326276749,5.040217399597168,15861217.0
,,,,
5.013148194423418,5.303383420249108,4.960378444921975,5.250613212585449,10139351.0
5.250615473733347,5.461695478963962,5.250615473733347,5.435310363769531,10784827.0
5.382536900218688,5.646386977349692,5.039532441375375,5.197842121124268,8556168.0
,,,,
5.277652489367941,5.5163399293827,5.145048049011987,5.304173469543457,11500400.0
5.277655445727296,5.542864014478205,5.092008941027583,5.198092460632324,17849757.0
5.198091522333377,5.2246125125777745,4.95940399169922,4.959403991699219,14212936.0
,,,,
5.014875988785403,5.041550511205483,4.05458021217879,4.1079301834106445,20989043.0
4.054580796677161,4.134605765061146,3.5210835550281234,3.6544578075408936,12279703.0
3.6277824262173457,3.681132167779366,3.067610255615104,3.120959997177124,15628836.0
,,,,
3.1482907923118497,3.632642970300976,3.0675652735629453,3.363558530807495,14386141.0
3.3366530746373266,4.063182723586509,3.3366530746373266,3.6864635944366455,12379621.0
3.7133724104395016,4.305359316451596,3.6595554189838566,4.251542091369629,13223104.0
,,,,
4.284635401513344,5.043938390344962,4.257517807611236,4.718523025512695,17169917.0
4.772758664527628,5.125291587026862,4.474460924258041,4.989701747894287,14912580.0
5.016821123683028,5.260882803857599,4.772759914398193,4.772759914398193,19635508.0
,,,,
4.802311707827523,5.784602642059326,4.638595841414161,5.784602642059326,13350333.0
5.675459612970767,5.675459612970767,4.9660273982521455,5.020598888397217,12540760.0
5.075168487641614,5.102454456903346,4.63859440086959,4.720452308654785,15635210.0
,,,,
4.721752184322366,5.380601326320836,4.61194447068044,5.243341445922852,17510634.0
5.051176871453669,5.243341566472996,4.7492044602678165,4.776656627655029,14358146.0
4.776658576394862,5.133535467950686,4.474686042012868,5.051178932189941,12617916.0
,,,,
5.087519596731044,5.142818962842923,4.340981515067042,4.47922945022583,13377873.0
4.396278687186587,5.225765494646339,4.285680958320724,5.198116302490234,15513672.0
5.170468930494506,6.082904200475063,5.059870192183114,5.861708164215088,21233485.0
,,,,
5.81608169326747,6.23350417810935,5.760425651888321,6.010878562927246,23254802.0
6.010878857699307,6.428301363011487,5.788253714821555,6.122191429138184,17337428.0
6.066536179152795,6.316989135258722,5.649114102420993,6.205677032470703,17670410.0
,,,,
6.2411753803136865,6.688972204879991,6.185200473501586,6.437086582183838,20174237.0
6.437086407944367,6.465073860592851,5.401555033825241,5.821364879608154,16884052.0
5.821365184450515,6.129226207733154,5.45752973892583,6.129226207733154,20886167.0
,,,,
6.192604146843682,6.22075246970603,5.488899007962024,5.714085102081299,12840511.0
5.68593657716854,6.192603926788789,5.68593657716854,5.939270496368408,8623538.0
5.911119335282129,5.911119335282129,4.954081250670112,5.629637718200684,18823201.0
,,,,
5.639892682753749,6.093350869108382,5.554868811440122,6.065010070800781,12391228.0
6.065005894394121,6.801875493453255,5.979982573758439,6.71685266494751,20176968.0
6.603489407414614,7.567088948196351,6.575148128655134,7.368700981140137,23800586.0
,,,,
7.43721196557783,7.978618031894107,6.895805404458963,7.323231220245361,18769490.0
7.3232318300916255,8.035608578927592,7.180756381363906,7.779152870178223,13840584.0
7.92162368394283,7.92162368394283,6.753327073396355,7.351722717285156,18927443.0
,,,,
7.328719800704945,7.586369715891278,7.099697322467531,7.242835998535156,12989132.0
7.214209412287798,7.328721169908073,6.555769788617838,6.842047691345215,14957416.0
6.8706718244050675,6.8706718244050675,5.840071050744307,6.5271382331848145,19539460.0
,,,,
6.507407525220255,7.371222900245445,6.104294050201655,7.198459625244141,22854454.0
7.256047421331262,7.428810705167829,6.881727389677612,7.313635349273682,17854766.0
7.284838676452637,7.486395849311861,6.622580751317989,7.284838676452637,18738762.0
,,,,
7.323448093479206,8.105002206155644,7.323448093479206,7.8734307289123535,25762728.0
7.844479884141031,9.00233663796552,7.78658729776989,8.568140983581543,22762504.0
8.626035678532816,9.031285413726001,8.27867854723566,9.002339363098145,19492803.0
,,,,
9.043890432958207,9.276530691588125,8.084249239869731,8.171489715576172,19562222.0
8.171489989148697,8.345969936482382,7.211848763932482,7.3281683921813965,21103753.0
7.2118446146123585,7.488104203958531,6.310363722185799,6.63024377822876,21542795.0
,,,,
6.695464360488594,7.10479430547371,6.373848301522014,6.461561679840088,15537340.0
6.461559500607268,7.192505258039377,6.110705597963891,6.432321548461914,20757119.0
6.40308117209562,6.4615565419106185,5.672135749357754,6.1399407386779785,18693925.0
,,,,
6.1788450198749665,6.59076825962789,5.796344978158035,6.531921863555908,22443636.0
6.5613473421821045,6.649616456053634,5.560962348580906,5.678654670715332,22983960.0
5.6492308595024925,5.9434618888934665,5.2961539307835865,5.5903849601745605,27683898.0
,,,,
5.63448277355704,5.812413542907078,5.219310635108754,5.278620719909668,21717593.0
5.308274164444666,5.723446157782731,5.04137707381044,5.367584228515625,36484735.0
,,,,
5.499592333973311,5.7984834811938315,5.3800359788869345,5.619149208068848,17790126.0
5.619150197311411,6.306599230330107,5.589260973525576,6.007708549499512,19350096.0
6.067486750423107,6.63537943279964,5.858262693539732,6.605490207672119,21782002.0
6.485933251265226,6.545711696221572,5.888151396747905,6.09737491607666,13681949.0
,,,,
6.107282310352047,7.009836027255023,6.107282310352047,6.9496660232543945,25257225.0
6.949662077170603,7.100087785379082,5.9267678882486265,6.498384952545166,30882588.0
6.37804913493465,6.979751311815702,6.107282789648793,6.2577080726623535,15735580.0
,,,,
6.297834895887621,7.054786336930329,6.207000870176226,6.782284259796143,14675193.0
6.752008403279535,7.145623351386059,6.570339763475177,6.6611738204956055,17933742.0
6.6611780734235175,6.963959157824687,6.540065744815817,6.8125691413879395,12890808.0
,,,,
6.7377945167346756,7.682914863640902,6.676819266646246,7.195111274719238,20175149.0
7.195110139001476,7.652425765991211,7.012183358800922,7.652425765991211,16653721.0
7.591450466092119,7.652425172421627,6.798768695716134,7.134133815765381,24653632.0
,,,,
,,,,
7.319196711396695,7.506069538152269,6.976596168460547,7.10117769241333,16463446.0
7.132327332133581,7.755238545180972,6.976600069698433,7.22576379776001,20872284.0
7.194618814453946,7.194618814453946,6.633999468594529,6.789726734161377,26073855.0
,,,,
6.804963166177644,8.059334231623374,6.773603753406941,7.839819431304932,35914825.0
7.808458285434749,8.02797302172326,7.400787671943168,7.588943004608154,15549859.0
7.651665242112133,7.8398206591275725,6.648168232594258,6.993120193481445,16044891.0
,,,,
7.007473861859128,7.701908455428022,7.007473861859128,7.386256217956543,16297524.0
7.323128230740858,7.701911273548486,7.259998089015677,7.544084548950195,10191017.0
7.512513307313476,8.049120930881331,7.291556646665227,7.9228596687316895,21431725.0
,,,,
7.945626369292214,9.375839204066795,7.945626369292214,9.280491828918457,23331503.0
9.216926605609405,9.312273981392723,8.644841799022123,9.153361320495605,22431574.0
,,,,
9.300372529579906,9.300372529579906,8.629211516677909,8.820971488952637,19958699.0
8.820970186507441,9.300371156349586,8.661170418196871,8.9807710647583,16809853.0
8.916849994813713,9.619970472629362,8.852929648664963,9.044690132141113,24146083.0
9.07665173057176,9.747812695679212,8.948811573168921,9.651932716369629,24013620.0
,,,,
9.673712056989368,10.123652983279728,9.54515718772331,9.995098114013672,14233649.0
9.995095166139844,11.152083067597363,9.770124769345642,10.734281539916992,16972133.0
10.734286874622187,12.405493815896873,10.428970951673852,12.051969528198242,24318378.0
,,,,
12.126562006636311,12.320329481032159,11.399937622701524,11.480673789978027,20104592.0
11.480678635512168,12.384922744789696,11.335353248767698,11.835917472839355,18679816.0
11.85206113022968,12.368772223838269,10.705608741771218,11.335350036621094,19499176.0
,,,,
11.517473409833183,12.296119509033737,11.403921205803993,12.215011596679688,17613053.0
12.279894129027397,13.966960718939667,12.166341960114014,13.204536437988281,22059900.0
13.107207200056857,13.350534267198498,12.750327952275764,12.782771110534668,30825463.0
,,,,
12.868601594077703,14.236907645181613,12.852312438367015,14.171751022338867,24624500.0
14.171740520082391,15.588914119520133,13.959978258492947,15.507467269897461,20593931.0
15.442314097841985,15.76810159198524,14.122876104273695,15.11652660369873,24796794.0
15.186420884210468,15.61144465210825,14.401763017856952,14.712356567382812,14953093.0
14.646963933889669,15.938382861210195,14.091164388971832,15.823952674865723,19218316.0
15.889350332750526,17.262504275476147,14.581584943353453,14.9412202835083,19343040.0
,,,,
,,,,
14.961827318832704,15.946157703652487,12.008833885385021,12.074456214904785,24043325.0
12.599432190474909,14.272795275329724,11.910401739615677,12.993165016174316,18541773.0
12.468186930703958,14.929013043719246,10.893258127214656,14.797769546508789,29610421.0
,,,,
15.004030663744581,16.290090827569504,14.80617560630071,15.234862327575684,15965686.0
15.300813014409409,15.729499729086292,13.849874421859827,15.168910026550293,21827180.0
15.300813263521233,17.114487678956422,14.443440965428488,17.015560150146484,23399782.0
,,,,
17.11488464142517,17.14798958530725,13.572732674388996,13.903775215148926,20937606.0
14.036194692520878,15.194842695599524,13.407214413688303,14.963113784790039,30732146.0
,,,,
14.988758248165864,17.21546926788649,13.426736551044982,15.620213508605957,30046045.0
15.586986073193899,17.14900728020118,14.722888547665608,15.18817138671875,21877935.0
15.354345321655273,16.650491715052624,14.7561238205333,15.354345321655273,18828323.0
15.487273961615209,16.750185555970738,15.055225410151591,15.819619178771973,23353013.0
,,,,
16.114055770077407,16.24750608782523,15.046459021315664,15.11318302154541,15982642.0
15.1799082486405,17.98235334749777,15.113183089466713,16.547767639160156,35742531.0
16.547768775354506,16.948118599241656,14.646110298162213,16.28087043762207,23521550.0
,,,,
16.285362785753303,16.58694312551909,13.102009712047607,13.604644775390625,24177720.0
13.169027953240017,14.241315157385088,12.063231046632055,13.604644775390625,38690179.0
13.537631336086914,13.604649601051154,10.387785683839343,10.689367294311523,32271859.0
,,,,
10.708172443177476,11.347968711322865,9.192864415184578,9.630620002746582,37321280.0
9.563275038049575,12.795931191286522,9.26021337750271,11.04490852355957,36260434.0
11.516341644812831,13.671446349884583,11.516341644812831,12.088790893554688,33707334.0
,,,,
12.087373384680868,12.425955562055082,10.326748178885117,10.64840030670166,26282449.0
10.699187537668076,11.782649507261747,9.107852916810012,9.785016059875488,46107662.0
9.920442376170733,11.24091123670315,9.920442376170733,10.699180603027344,18505813.0
,,,,
10.83400267659708,12.128631525421849,10.35703315697616,10.638104438781738,29740377.0
10.73179837297542,10.970282018763958,9.573445348666079,10.152621269226074,24140963.0
10.016345371173944,10.425175166672389,7.904054150467352,10.186690330505371,41758227.0
,,,,
10.097122333985,10.921377145367577,9.616306729162355,10.61228084564209,24027050.0
10.509249396311517,14.836588154795313,10.509249396311517,14.115365028381348,49305896.0
14.149712274791261,14.80224737300584,11.986042323291663,13.188080787658691,48556299.0
,,,,
13.261837277590628,13.538125554207099,11.836190729771335,12.913714408874512,27348756.0
13.040805135230569,13.819939063873504,11.88039450879056,13.339197158813477,40763044.0
13.339196939707415,13.86966964058254,12.626373160948434,12.709259033203125,39274315.0
,,,,
12.992076349623714,13.425516255721591,12.2252225228707,12.980962753295898,31106888.0
12.975405717176118,14.414647775501463,12.50862382449097,13.87006950378418,48286706.0
14.025664497888105,14.714721982141723,13.569996167868178,14.008994102478027,39196704.0
,,,,
14.216734209807655,14.814451860624816,13.965358386921896,14.423421859741211,37830307.0
14.468112151911608,14.546317671986476,9.920990843451538,11.41807746887207,34578927.0
11.284006497854913,12.747576627483424,10.892976569711426,11.077320098876953,32822649.0
11.216976361300679,12.094001252269809,11.032633990032835,11.69179916381836,47858364.0
,,,,
11.796667167149328,14.051416061377797,11.554886466706431,13.775897979736328,40772266.0
13.775892676737875,15.310921572186968,13.550980143240114,15.046648979187012,47210611.0
,,,,
15.127375808853717,16.38233719297488,14.075920979797804,15.867916107177734,48210117.0
16.00923082243857,16.387981881379535,14.335950345341626,15.517422676086426,52919735.0
15.545685931644151,16.376673875003544,14.839064457349199,15.884865760803223,47756965.0
,,,,
15.937609194229436,16.721705691761972,14.909193220394272,15.147830963134766,63960607.0
15.227378367731827,15.505788257623587,14.426235401076827,15.403515815734863,51182006.0
15.295563429189166,15.369427216616334,11.505763598138376,13.75009822845459,73285721.0
,,,,
13.534619116655792,14.265601706549583,12.489540159715313,13.79731559753418,37851016.0
13.797316938187372,14.2370496635599,10.850538592915967,11.164633750915527,71149468.0
11.467301737235355,12.392452306687646,9.851142962689488,11.74142074584961,80862863.0
,,,,
11.793601894583313,13.00172696671136,10.792584477165098,11.603754043579102,61742190.0
11.805106318118602,12.478204874235404,11.039960896669308,12.110014915466309,44437421.0
12.26534389345541,12.633535086010175,10.251803030892203,10.4646635055542,57155028.0
,,,,
10.647767066955566,10.908458395725114,9.732453430669036,10.647767066955566,38062915.0
10.665142677822985,11.256042415961373,9.61079421108652,10.786799430847168,43646508.0
10.792594456484924,12.36832445338688,10.775214198541278,12.206116676330566,42685241.0
,,,,
12.281281745760063,14.585845818125788,11.94872411006635,14.352472305297852,50757532.0
14.375804874032736,14.924231959500204,13.786537056054302,13.914892196655273,55848488.0
13.955731558992047,14.50999279948951,13.599835952988574,14.218276023864746,49925425.0
,,,,
14.336801991531054,15.252290777631858,13.174834230518751,14.548068046569824,41021713.0
14.630225431625295,15.13491753154016,13.884922796546963,14.366141319274902,58754825.0
14.495256070223721,16.332105200742145,14.442440494120785,16.138442993164062,57283846.0
,,,,
16.246410701806127,16.447203171472083,15.626319326322173,16.063337326049805,35796699.0
16.06334244890163,16.79564131289206,16.03971911924808,16.187360763549805,50160310.0
16.17554758609959,16.441302018778753,15.31923045360765,15.744436264038086,59214124.0
,,,,
15.802997380262978,16.729790223637778,15.375247333138557,16.658498764038086,52148165.0
16.72385495037605,18.298213591931482,16.57533113416593,18.084339141845703,65539243.0
18.179386182542746,18.613078324206345,16.521855073531494,16.640674591064453,73644417.0
,,,,
16.993324488633785,17.315869901809773,15.703145428905387,17.291976928710938,48599427.0
17.184456885273953,18.797179601300538,16.999292554934456,18.62396240234375,52777594.0
18.653833919211753,18.970405143976087,17.733983546763397,18.062501907348633,53799291.0
,,,,
18.133049955666408,19.51404242393057,17.982941285383017,19.29188346862793,54301263.0
19.297892282638994,21.015128948688794,19.297892282638994,20.732925415039062,47755260.0
20.883032904877094,21.141219672173513,19.736207493213193,20.57080841064453,40964814.0
,,,,
20.79536805801412,22.123374104062616,20.584095023988347,21.29035186767578,49369285.0
21.441264716424616,22.346724796434827,21.229990348359095,22.050941467285156,34588487.0
22.056971413553434,22.36482719440663,20.78932942347231,22.213916778564453,41316113.0
,,,,
22.326202781413894,23.315108880761795,20.057181612437873,20.457597732543945,63916111.0
20.566800247333827,21.288761757405144,19.960110013396527,21.033950805664062,71705266.0
21.040024858537027,21.197763573967936,18.959075844330787,19.10468101501465,57973703.0
,,,,
19.21559172788542,19.831906219486704,18.043983994588963,19.539005279541016,59208431.0
19.526796146738427,20.625177030984883,19.191178698479167,19.38034439086914,44775750.0
19.3742470236912,21.174373188722235,18.74572856270297,20.692306518554688,43753140.0
,,,,
20.922404955129696,21.063647664760236,18.03613138429863,18.84060287475586,59702780.0
18.791474570075426,19.368729817419105,18.054555331643584,18.84060287475586,60923740.0
18.72392142051615,19.000265915717954,17.05970824723328,17.501861572265625,68281139.0
,,,,
17.310026877454618,19.152309919662326,16.784544589612263,18.404268264770508,69708077.0
18.509366299695152,19.28831674784859,18.076615603429318,18.66391944885254,42632893.0
18.9050256259505,19.294502234827355,17.928245106922436,18.33008575439453,57604423.0
,,,,
18.34252863494372,19.717595924798896,18.093647653059897,19.406496047973633,53702449.0
19.35049538288756,20.501569111476986,18.51052149399961,20.215356826782227,55318976.0
20.2651369833989,20.968226793780776,19.63049066738863,19.8482608795166,43942844.0
,,,,
19.98311140596442,20.885171169266865,18.4922095110893,19.431854248046875,62056847.0
19.388009818247603,19.86409717780614,17.308262421708275,18.567386627197266,90235319.0
18.623764361540125,18.730256506942844,16.23706490063274,16.744474411010742,82572143.0
,,,,
16.894426469157604,17.98622261222779,16.446348813786432,17.298328399658203,77595780.0
17.342502813104158,18.03670916084953,16.31381766587355,17.304637908935547,79451174.0
17.36773946006992,18.13767526184231,16.982771559183725,17.44978141784668,76071545.0
,,,,
17.686349489651036,18.53249595345567,17.08196053927326,18.252567291259766,62049564.0
18.25256124362673,19.423168988666255,18.138046454350608,19.003276824951172,62570428.0
18.990554502982892,20.39655516642231,18.41797499104739,20.352022171020508,69176743.0
,,,,
20.509447680226092,22.25275033656541,18.996875459944267,19.118650436401367,83524078.0
19.099416666623924,19.099416666623924,17.304840734700864,17.561208724975586,115921690.0
17.490708450366704,18.131628505744168,16.83056121067509,17.439435958862305,89466147.0
,,,,
19.077155416178392,20.41533502009678,18.663417581443955,19.529680252075195,116978319.0
19.555539186843383,19.62665009556156,17.64846944288491,18.40483283996582,84602106.0
18.55997619270272,18.74744942407223,16.239171106438203,17.590280532836914,79583300.0
,,,,
17.72612199771173,18.371299378198543,15.653729676035338,16.957120895385742,102680261.0
16.937570119623945,17.64140170597388,14.760907209987101,15.099788665771484,86946386.0
15.060686769781968,16.474866795936602,14.337306133161945,15.692831993103027,97154020.0
,,,,
15.566461478290128,16.178329547063406,13.744014020599352,14.737479209899902,107993925.0
14.599311851506576,16.44807680965433,13.763749193702777,14.217716217041016,87287104.0
14.204562700544637,15.46119735705163,11.789984728311179,15.086180686950684,152956533.0
,,,,
15.268420530176737,15.59427110034144,12.229366125706177,12.428866386413574,150536005.0
12.462121286044892,13.778822288805072,11.823720384326226,13.186972618103027,122309398.0
13.353214793465055,14.058116136525966,11.876912756821197,12.109663009643555,107615652.0
,,,,
12.32852753722672,13.418715118637543,11.736328679040824,12.476578712463379,115482760.0
12.476578190335973,12.476578190335973,10.201991527051453,10.585576057434082,113169548.0
9.623248781544776,11.743055331325618,9.084885213346466,11.09701919555664,167760889.0
11.097783980301978,13.290022859608408,10.99534216306593,13.016846656799316,111197167.0
13.310508863002148,15.024690642182632,11.609987819223376,12.251951217651367,154119911.0
12.258777876792871,12.320243390663617,5.866456711441985,6.9318437576293945,244088597.0
,,,,
7.000714435449469,7.187861926079723,4.727214661305118,6.6402812004089355,172328249.0
6.591760217539542,8.130531227979775,5.919415199829058,7.71464729309082,123049664.0
7.783959860381808,8.34540291947552,5.371833177736307,5.420353412628174,136786005.0
,,,,
5.373895737731341,5.8971440177910255,3.6273799299259792,3.641521453857422,192723145.0
3.5354583366770194,5.557740735474307,2.5738138225795586,4.935500144958496,198361823.0
4.8718615288898555,7.184051074846382,4.5960952752023685,6.264832019805908,151944395.0
,,,,
6.232614176533525,7.774704533682976,6.1540815766270205,7.396321773529053,130709771.0
7.5248298895242245,8.181646612079339,6.054133159296015,6.839456558227539,118414021.0
6.896568455609704,10.280599945855705,5.818533558609561,9.945052146911621,142574557.0
,,,,
10.302531258854918,11.167080118419365,9.459597195889746,10.43221378326416,121816757.0
10.388987079279943,11.015784155620649,8.919255113976035,9.30830192565918,114843317.0
9.31550893356543,10.338558299962456,8.342892024200534,8.465370178222656,117034312.0
,,,,
8.46521202747752,10.791696355213528,8.291269163735116,9.84225845336914,92843160.0
9.965462993829146,10.63224353517619,9.559597808509421,10.008949279785156,84724326.0
10.124913386878406,11.414987717269184,9.57409430269404,9.827760696411133,90648642.0
,,,,
9.97385464177096,10.928255460519933,9.296303277628025,9.740718841552734,110133136.0
9.813576466784948,11.474672185090002,9.813576466784948,11.307106018066406,83086066.0
11.423676976869668,13.682184479921295,11.263395324824158,11.824379920959473,147980854.0
,,,,
11.959616349145687,12.223107534401425,9.441802422711964,9.771166801452637,173751547.0
9.588188587353564,9.697976997197207,7.860850303673216,7.875489234924316,160429779.0
7.9194035430443925,8.819667925193338,7.275311293841172,7.524165153503418,178973148.0
,,,,
7.6656797439323565,8.373280791075732,7.370845907627266,7.732017517089844,113209948.0
7.901549099318599,8.638633858586507,7.798357073032214,8.115303039550781,83893016.0
8.240605214050463,8.962948360163297,7.709903882229566,7.857320785522461,135956179.0
,,,,
7.975095088888211,8.79857066775741,7.7896285663766225,8.093794822692871,85693106.0
8.249586148322852,10.044910130495133,8.249586148322852,9.392064094543457,110274932.0
9.547853769693766,10.452933557170327,9.429154899962892,9.881694793701172,119767788.0
,,,,
10.208357756640629,11.215761450656583,9.260652383252733,10.14119815826416,135803115.0
10.163583700194902,10.70086530828153,9.641226266274671,10.387451171875,144448502.0
10.454613330904,10.663556663503734,9.559143293815119,10.0143404006958,101263224.0
,,,,
10.11268059086314,10.825370296132926,9.655059465733572,10.690333366394043,125981608.0
10.675329371695385,10.712839312124142,8.799832350257462,9.024892807006836,158715381.0
9.069905211749274,9.377486582101836,7.787064507355636,7.914597988128662,142740248.0
,,,,
8.07649966489307,8.07649966489307,5.449750323089296,6.695191860198975,192771966.0
6.6876437819956855,6.785768979702161,5.117632426846937,5.374269008636475,136973211.0
5.313884482018886,7.895344393527865,4.981766573895116,7.2462053298950195,150173098.0
,,,,
7.092336072460693,7.549906969305525,6.3525977111698415,7.305869102478027,115586091.0
7.260109238250271,8.16762299648824,6.535623597013372,7.992220878601074,102695853.0
8.236258093248663,9.944519196638346,8.198127268742882,9.204781532287598,155246417.0
,,,,
9.390952668018551,10.204886227821952,8.584697561606939,9.122200965881348,170051567.0
9.18362849854463,11.06489005273157,8.454158899289206,10.266313552856445,168689040.0
10.212563553148835,10.366135937406712,8.953270668911259,10.120420455932617,154472234.0
,,,,
10.758004413485018,11.33722214921137,9.035796677331073,9.784918785095215,212576125.0
9.522342363816621,10.927911600850173,8.919956266361563,10.711669921875,171700645.0
10.711671069599912,11.198213642196889,9.236596198844504,9.290657043457031,158364080.0
,,,,
9.347859559743972,11.048176345108299,8.951895584618448,10.993827819824219,129443858.0
11.00159046631853,12.795075460051175,10.419290362538488,11.684822082519531,133791018.0
11.777990835967884,12.678614845643397,10.91618683397332,11.7158784866333,131461986.0
,,,,
11.822911391186635,13.414906588896809,11.206403015200525,13.235417366027832,114986137.0
13.305655226216942,13.375890525831931,12.20530502205918,13.001303672790527,85591371.0
13.297847953150372,14.546473005141328,13.196396897713056,14.351374626159668,95504372.0
,,,,
14.604419817618982,16.227133508809164,13.844016627732401,15.098288536071777,129805285.0
14.988544760202274,16.517187195411157,14.753368870051153,15.874373435974121,96775178.0
15.890050758354322,16.399597646166484,14.471156456447751,15.239398002624512,119965002.0
,,,,
15.28994822358932,17.965490514233046,15.28994822358932,16.54115867614746,125356618.0
16.627724673490135,16.997578188422573,14.503027399937315,15.337166786193848,124808214.0
15.431596011875977,16.84806073032724,15.171911325914188,16.14769744873047,109822347.0
,,,,
16.429039009832408,17.092520460044717,14.430699683063295,14.944108009338379,95996445.0
15.125774120139264,18.119334639701485,14.849323098847195,16.808170318603516,97375474.0
16.831870095317388,17.321581554515696,15.094183055659235,16.689695358276367,123895199.0
,,,,
16.770326755791853,17.912135490011114,15.684021441522244,17.7773380279541,85657148.0
17.745624610164654,18.157944400812276,16.65931912313406,18.05486488342285,80553785.0
18.02314744161733,18.712989493610444,16.469017117271388,16.778257369995117,93391335.0
,,,,
16.817607127669227,18.6950699932169,16.388017288895618,18.57573890686035,90050851.0
18.233656515320618,18.878039442927122,17.183549340861543,17.668827056884766,99107510.0
17.74041944204155,18.631419468070362,15.839091804501244,15.982288360595703,116657404.0
,,,,
15.973459460004161,17.25069574033999,15.566338283914915,17.003231048583984,137752738.0
16.987266422129498,18.248539343831375,16.931386737596146,17.7216796875,136118229.0
,,,,
17.897328094349795,18.065641339282703,16.17411841193801,16.671043395996094,123051485.0
16.71914097110775,18.987365136588185,16.63097693461297,18.811037063598633,67489545.0
18.899198586139367,19.96518337622582,18.45837846230297,19.171707153320312,88763887.0
19.396126570239947,19.412156077533727,15.901617433818497,17.688945770263672,151995490.0
,,,,
17.7823666000103,19.86636358434519,17.629488097022406,19.472095489501953,75460552.0
19.37553648380874,20.582484332719115,19.077823903630378,20.276723861694336,93265702.0
20.42960338816692,20.872151790660137,18.691599593958443,19.987056732177734,92180846.0
,,,,
20.238271187061084,22.12803891627268,19.8748553947853,21.150850296020508,81979246.0
21.15085296586842,21.87768639509781,20.58553982939847,21.562725067138672,76987861.0
21.651564435826593,21.974603333272665,20.56939070287367,21.39313507080078,97111799.0
,,,,
21.45851738297653,22.633550350640785,20.92367624648306,21.936634063720703,85485421.0
22.050088961658982,22.998218935613185,21.40989881777051,21.612489700317383,71462416.0
21.957529344237486,24.705680152419042,20.76789508504158,24.33679962158203,119033200.0
,,,,
24.40449855134035,26.469066811502856,22.969483384138304,24.284141540527344,107910500.0
23.83975111070106,25.98764296707045,22.478802848049696,23.312036514282227,99648400.0
23.469425363851766,27.135654222052832,23.043549277761482,26.848651885986328,162107100.0
,,,,
26.99159748730798,28.44106152356864,26.0903296141017,27.790660858154297,75748100.0
27.892867435946293,28.329563916375303,25.718673130118148,26.294740676879883,72449000.0
25.858046838759055,26.164663924902467,22.07643551892385,24.52008056640625,114192400.0
,,,,
24.45531826274851,27.159108383629334,21.53709001362377,26.29203224182129,120268000.0
26.515791721306538,29.564546955609227,26.44120447535449,29.322139739990234,82886800.0
29.21958403716073,30.69268182250617,28.389800634728076,28.6322078704834,66915200.0
,,,,
28.765579977913674,30.738770354795907,28.419569293464132,30.523683547973633,62945600.0
30.308595755297862,30.495628840864725,27.222562329202496,28.933908462524414,85163700.0
28.97131715561142,34.95635513954841,28.344758569704013,34.114707946777344,99576400.0
,,,,
34.26801729918233,34.47439577957715,32.81399587995872,33.28303527832031,61984800.0
33.30179440861688,33.66764453519599,30.590747492698554,32.185482025146484,84951200.0
32.01663262358157,32.89842546730136,28.179889927486766,28.96787452697754,92951900.0
,,,,
29.036493624817574,30.81481359056727,27.64394495969605,29.77981185913086,83965700.0
29.7986278943314,31.24762875608722,28.30258044296552,29.751583099365234,66160400.0
30.00562649941288,32.037992441736314,29.723354149785003,31.002992630004883,55528700.0
,,,,
31.0806752128049,32.524750362960305,29.532777007324174,31.882938385009766,73205800.0
32.40204836202568,32.95891083957023,31.21280723249379,32.08114242553711,69246500.0
32.118901074440515,35.469538774220275,31.118432136888455,34.94098663330078,73629900.0
,,,,
35.15777217154235,35.48909422140819,34.30580892424481,35.26190185546875,56671600.0
35.375494109853165,37.26875047169214,34.78858564879107,36.17066192626953,51832700.0
36.369459664047405,37.06050154093317,35.49856331081698,36.094940185546875,42448200.0
,,,,
36.37801808487895,36.624775799226626,34.24260100215231,34.8974609375,46076400.0
34.98288388228658,37.12779048964446,34.56528881823998,37.02339172363281,38009300.0
37.00439991406268,39.00694317855563,36.463424358516576,37.79212951660156,55337500.0
,,,,
38.08459142335675,41.00612272545169,36.48583768817727,40.8348274230957,44761000.0
40.825315867275194,42.29083721552386,39.711896313694695,41.81501770019531,53102100.0
41.9196942203203,44.203629108757305,41.244031449984526,42.50019454956055,59773500.0
,,,,
42.33315478000801,42.67655183255696,38.31732106965493,39.223506927490234,70913400.0
39.21397585628401,40.93095774817064,37.75454179399445,38.57487487792969,62523700.0
38.49856634261834,39.83399508266688,34.13933854835981,36.12340545654297,109068700.0
,,,,
36.10230202698906,36.95345505398042,34.916423481029284,35.643253326416016,82814400.0
35.9014699316626,37.35512601583026,35.098133770627705,35.786705017089844,66991500.0
35.51892799055499,38.5983839239746,35.2607124015855,38.56969451904297,66393800.0
,,,,
38.67738311864027,38.74451440780425,35.94416652035214,36.41408920288086,53926400.0
36.212709220612844,37.536162070855525,34.898848649686876,35.100242614746094,50568300.0
35.522204511637874,35.531793129712845,26.03746801032151,28.77068328857422,132492200.0
,,,,
28.970737239902085,30.789829432830707,28.941862090440004,30.50108528137207,94024500.0
31.21332271568615,31.85818453712965,26.015915093988813,28.143001556396484,79383700.0
27.66176355401674,31.7523184879573,27.54626661222947,31.194076538085938,89038100.0
,,,,
31.395763756497605,37.3271474581112,31.318480107639754,36.283843994140625,79947200.0
39.133617397548555,39.60697061906877,36.74754142952782,37.97439193725586,77175800.0
38.18691590384698,39.53935056574722,36.22588896067082,37.732887268066406,75699500.0
,,,,
37.913090157678994,39.230795865506636,33.70806044702351,33.834014892578125,76884000.0
33.9793537771311,38.25220653664868,33.94059685463494,38.01967239379883,62795800.0
38.51380736536912,41.25579844373093,36.178756550933926,39.5020866394043,65745700.0
,,,,
39.65507149935893,40.28683271174658,36.56430821926594,39.5870361328125,60010300.0
39.266300225472754,42.36678139042924,38.23604451777442,40.510379791259766,62640900.0
41.11298425701837,45.16596839407308,38.945562561350954,44.95214080810547,63069400.0
,,,,
45.34089171971391,46.32571375269735,44.20980725785591,45.389644622802734,44823700.0
45.39940730192603,47.15453823182643,43.88804094044761,46.79376220703125,49591500.0
46.998525952431656,48.656151029433644,45.83818653872585,46.33547592163086,48667800.0
,,,,
46.72189301587411,48.95140410825755,39.58355496472934,40.40495300292969,68842300.0
40.66898056790521,44.24792892392432,26.441194223493977,33.804439544677734,112873400.0
32.33765086221152,42.957152263534994,31.30112365812102,40.13115310668945,84983400.0
,,,,
39.38556282739028,46.98990055916891,38.24736532951501,45.77320861816406,68628800.0
45.861510878244,49.531214484457095,43.6047369974082,49.26628875732422,72794800.0
49.49196915121584,56.76269662630424,48.27527728578905,56.08566665649414,49163800.0
,,,,
56.54192225573098,59.12944787043333,55.882740086501144,57.358516693115234,32084800.0
57.37819135891328,59.18847739128764,53.05908596860383,54.239707946777344,45082600.0
54.770988419224985,57.59464375183601,51.2979952699527,52.73441696166992,39603000.0
,,,,
53.42905110704926,59.228624453867965,52.265194822629844,52.935890197753906,35969700.0
53.41918552240476,56.56555053231024,50.82515828131193,54.178653717041016,48215200.0
53.24164687816406,58.34093221174638,51.81147960791268,53.567134857177734,44550600.0
,,,,
54.24719893280821,57.18402440232461,52.10143648327161,52.625518798828125,37927100.0
53.19903302545867,60.14061743972099,51.3894767747281,59.23089599609375,44733800.0
59.329778960750595,64.56068871109069,58.954022637815164,63.166439056396484,37583500.0
63.848730902500336,67.77438586333798,59.132012967360424,59.63631820678711,36453700.0
,,,,
60.52152955843457,60.75976209107813,56.79911310279796,58.476680755615234,54600000.0
58.5560925494476,60.074837210778114,55.9057301352615,59.27079391479492,42419500.0
59.36013778051252,62.68549898396301,58.69506781180528,60.273372650146484,36261400.0
,,,,
60.463021400150424,61.55908651133078,54.51436764683942,55.35136413574219,44799500.0
55.690150864693884,65.90349945293589,55.11222677478684,65.31561279296875,40762900.0
65.45510425962085,68.78315724178333,63.37257385168405,65.66435241699219,32377400.0
,,,,
66.80999755859375,70.81999969482422,64.30999755859375,70.22000122070312,36905900.0
70.19999694824219,71.05999755859375,60.709999084472656,63.33000183105469,49659500.0
63.65999984741211,63.91999816894531,56.709999084472656,58.68000030517578,30526100.0
58.029998779296875,58.85499954223633,57.650001525878906,58.68000030517578,2143996.0
