Open,High,Low,Close,Volume
6.260558128356934,6.335088582265945,6.0369667666299005,6.260558128356934,97000.0
6.186027858315445,6.260558314439727,6.03696694606688,6.111497402191162,80400.0
6.11149829473251,6.186028761741443,5.664315492678911,5.813376426696777,325000.0
5.813378135363261,5.813378135363261,5.366195201873779,5.366195201873779,165000.0
5.515255422303171,5.515255422303171,4.546359199466127,4.91901159286499,844400.0
4.844481114185218,4.91901159286499,4.695420156825673,4.91901159286499,482500.0
4.91901159286499,4.91901159286499,4.6208896781459,4.91901159286499,413100.0
4.844481598946356,4.919012085083992,4.620890140533447,4.620890140533447,47700.0
4.769950635505445,4.91901159286499,4.6208896781459,4.91901159286499,142700.0
5.14260202343181,5.14260202343181,4.248236454139321,4.397297382354736,921300.0
4.397297382354736,4.546358310570151,4.248236454139321,4.397297382354736,395200.0
4.546357163067522,4.546357163067522,4.322765827178955,4.322765827178955,126100.0
4.248237609863281,4.397298578630414,3.801054703561883,4.248237609863281,399900.0
4.397297382354736,4.695419238785566,4.248236454139321,4.397297382354736,644800.0
4.248237943649292,4.546359904607137,4.024646472930908,4.471829414367676,365500.0
4.397298109335977,4.546359062194824,4.397298109335977,4.546359062194824,550400.0
4.546359062194824,4.6208895386242475,4.471828585765401,4.546359062194824,134200.0
4.6208897847977894,4.695420265197754,4.546359304397825,4.695420265197754,337100.0
4.695420626671083,4.695420626671083,4.471829168258175,4.620890140533447,102200.0
4.620890031781113,4.620890031781113,4.173707125479715,4.248237609863281,173200.0
4.099176406860352,4.3227678472345525,4.0246459267356185,4.099176406860352,275300.0
3.9501149654388428,4.099175907530874,3.8755844943928266,3.9501149654388428,146300.0
3.8755831554018214,4.471826717771332,3.8755831554018214,4.322765827178955,159700.0
4.248237709845266,4.695420626671083,4.17370722370763,4.620890140533447,108400.0
4.6208897847977894,4.919011706397647,4.4718288239978605,4.695420265197754,179400.0
4.471828585765401,4.546359062194824,4.397298109335977,4.546359062194824,56700.0
4.546357163067522,4.546357163067522,4.248235381882766,4.322765827178955,47800.0
4.322767632906554,4.769950491483094,4.24823715647713,4.546359062194824,268500.0
4.6208895386242475,4.695420015053671,4.471828585765401,4.546359062194824,123600.0
4.546359062194824,4.695420015053671,4.546359062194824,4.546359062194824,183200.0
4.546359654395811,4.695420626671083,4.397298682120539,4.620890140533447,32100.0
4.397298343597897,4.695420265197754,4.397298343597897,4.695420265197754,73500.0
4.546357163067522,4.546357163067522,4.322765827178955,4.322765827178955,241600.0
4.322767632906554,4.6208895386242475,4.322767632906554,4.546359062194824,105700.0
4.47182906301398,4.546359547397547,4.173707125479715,4.248237609863281,175000.0
4.248236558016609,4.322767023946724,3.801053762435913,3.801053762435913,170000.0
3.950116533499498,3.950116533499498,3.577464030339168,3.8755860328674316,427400.0
3.7265250316033,4.024647034131564,3.651994530971234,3.8755860328674316,1200200.0
3.8755849664861506,4.1737068869850855,3.8755849664861506,4.099176406860352,200100.0
4.173707125479715,4.248237609863281,4.024646156712582,4.248237609863281,80800.0
4.0246459267356185,4.2482373671098195,3.9501154466108845,4.099176406860352,177200.0
4.024647034131564,4.09917753476363,3.577464030339168,3.8755860328674316,95900.0
3.801053762435913,3.950114694296145,3.801053762435913,3.801053762435913,78400.0
3.80105459690094,3.80105459690094,3.577463150024414,3.577463150024414,24100.0
3.577464030339168,4.09917753476363,3.577464030339168,3.8755860328674316,52800.0
4.024645160226261,4.024645160226261,3.801053762435913,3.801053762435913,7800.0
3.950114694296145,3.950114694296145,3.801053762435913,3.801053762435913,65000.0
3.801054023346811,3.9501149654388428,3.801054023346811,3.9501149654388428,14900.0
3.950116110884625,3.950116110884625,3.4284026622772217,3.4284026622772217,52700.0
3.279341109255527,3.6519935080345642,3.279341109255527,3.502932548522949,739800.0
3.502932139162747,3.9501149654388428,3.502932139162747,3.9501149654388428,16400.0
3.726523296505797,3.950114694296145,3.726523296505797,3.801053762435913,5100.0
3.875586032867432,3.950116533499498,3.801055532235366,3.8755860328674316,418300.0
3.8755841336007846,4.4718278464624435,3.801053669493077,4.397297382354736,104600.0
4.2482379760060995,4.471829448427473,4.173707485198975,4.173707485198975,108900.0
4.1737068869850855,4.2482373671098195,4.099176406860352,4.099176406860352,17700.0
4.099176406860352,4.2482373671098195,4.0246459267356185,4.099176406860352,36300.0
4.0991766410961485,4.248237609863281,4.024646156712582,4.248237609863281,1100.0
4.248235381882766,4.322765827178955,4.173704936586577,4.322765827178955,6900.0
4.1737068869850855,4.3227678472345525,4.099176406860352,4.099176406860352,10700.0
4.099175907530874,4.099175907530874,3.9501149654388428,3.9501149654388428,8200.0
3.9501154466108845,4.099176406860352,3.9501154466108845,4.099176406860352,15000.0
3.875586032867432,4.173708035395696,3.875586032867432,3.8755860328674316,16900.0
3.8755851879454495,4.397298578630414,3.8755851879454495,4.248237609863281,32400.0
4.173704936586577,4.546357163067522,4.173704936586577,4.322765827178955,14100.0
4.3972983273592865,4.4718288074840205,4.099176406860352,4.099176406860352,21600.0
4.3227678631979325,4.695420265197754,4.099176421998039,4.695420265197754,54500.0
4.546357163067522,4.769948498956088,4.322765827178955,4.322765827178955,115900.0
4.471829414367676,4.620890394846598,4.322768433888753,4.471829414367676,100100.0
4.322767632906554,4.695420015053671,4.322767632906554,4.546359062194824,18500.0
4.546359304397825,4.769950745597718,4.546359304397825,4.695420265197754,37900.0
4.620890394846598,4.695420885086059,4.471829414367676,4.471829414367676,1040100.0
4.4718288239978605,4.695420265197754,4.4718288239978605,4.695420265197754,41900.0
4.695417733753429,5.14260037506328,4.695417733753429,5.068069934844971,814100.0
5.068071706971126,5.142602173250113,4.769949841855177,4.993541240692139,814100.0
4.993541628973825,5.291663517270769,4.769950212751116,5.217133045196533,791400.0
5.291664712958865,5.813378135363261,5.217134224043952,5.366195201873779,1382700.0
5.515254571404256,5.515254571404256,5.29166316986084,5.29166316986084,820000.0
5.440722135936513,5.440722135936513,5.068069934844971,5.068069934844971,372700.0
5.217133507584081,5.217133507584081,4.91901159286499,4.91901159286499,81600.0
4.993542071544763,5.068072550224535,4.6208896781459,4.91901159286499,629700.0
4.993543910980224,5.068074417114258,4.546360874176026,4.844482898712158,642900.0
4.844481225997683,4.844481225997683,4.6208897847977894,4.695420265197754,835500.0
4.546358056366444,4.769949436187744,4.546358056366444,4.769949436187744,347300.0
4.695418976247311,4.769949436187744,4.47182759642601,4.769949436187744,180700.0
4.769950635505445,4.993542071544763,4.6208896781459,4.91901159286499,116800.0
4.9190107744131515,4.993541240692139,4.844480308134164,4.993541240692139,200300.0
4.993541628973825,5.440724461419242,4.919011156899589,5.217133045196533,296900.0
5.217132913893547,5.217132913893547,4.993541503298109,5.142602443695068,35200.0
5.142602443695068,5.366193854290506,4.993541503298109,5.142602443695068,95000.0
5.1426049232482915,5.217135429382324,4.844482898712158,4.844482898712158,135200.0
5.068071706971126,5.2171326395291,4.844480308134164,4.993541240692139,394700.0
5.142602173250113,5.142602173250113,4.844480308134164,4.993541240692139,525100.0
4.844478614190046,5.068069934844971,4.844478614190046,5.068069934844971,181300.0
5.291663098979641,5.6643154298936995,5.142602166614017,5.515254497528076,2654600.0
5.589784247965753,5.887906074523926,5.589784247965753,5.887906074523926,2795700.0
5.8879060338183145,6.335088770564009,5.813375577694032,6.111497402191162,2969700.0
5.962435245513916,6.186026567220687,5.589783042669296,5.962435245513916,1781900.0
5.738843788820154,6.40961773816277,5.664313350004308,6.335087299346924,2609000.0
6.316455968788692,6.409619036174956,6.1114972205389115,6.260558128356934,529100.0
6.335090119161724,6.335090119161724,5.813376815230758,6.036968231201172,1093400.0
6.036969943480058,6.707744381644509,5.962439450350675,6.558683395385742,2725900.0
6.558683395385742,6.558683395385742,6.260561422868208,6.558683395385742,1422600.0
6.4841519594192505,7.303987264633179,6.409621477127075,7.154926300048828,1919400.0
7.154925737224641,7.378517166512911,6.782273355077524,6.819538593292236,1020600.0
6.931333065032959,6.931333065032959,6.446885055111301,6.931333065032959,3329200.0
6.856804483944607,7.30398738507143,6.707743516902334,7.229456901550293,2383800.0
7.453043937683106,7.602104816436768,7.229452619552613,7.4530439376831055,1353900.0
7.4530500632066,7.900233066998996,7.229458561310402,7.751172065734863,7875300.0
7.676639676094055,7.7511701583862305,7.154926300048828,7.154926300048828,2248100.0
7.2294537145264295,7.378514615856871,6.856801461200325,7.30398416519165,2772000.0
7.30398547150368,8.049290111453034,7.2294550075087445,8.012024879455566,5435500.0
8.12382565819029,8.645539232569483,6.931337488180707,8.505794525146484,11337000.0
8.645531867930208,8.794592762204866,8.27287963224356,8.403307914733887,4145400.0
8.347415907700174,8.720068403579646,8.12382441017249,8.6828031539917,2594100.0
8.794593766156364,9.539898322610293,8.720063310510971,9.502633094787598,7437700.0
9.539900850658576,9.912553227637426,9.018187522888184,9.018187522888184,9745800.0
9.167247483832984,10.136143559360047,8.869125614440042,9.735542297363281,11296500.0
9.83802182179577,9.987082758489645,9.316308543367207,9.875287055969238,8077600.0
10.061615290266746,10.359737224793166,9.912554323003533,9.949819564819336,10263000.0
9.987077540921089,10.061607970330948,9.465364535052077,9.91254711151123,8130000.0
9.98708309539377,11.17957062917213,9.82870584481383,10.881448745727539,15868400.0
10.955978675627373,11.235467927556643,10.247939237406555,10.58332633972168,8917900.0
10.434268448087904,10.9559818704923,10.35973795917299,10.732390403747559,5476300.0
10.732390429130525,10.881451407312893,9.344260069807218,9.800759315490723,11016500.0
10.061609429471634,10.732383391436409,9.539896347943476,10.136139869689941,11086700.0
9.539898557079082,9.912550844464985,8.94365489726164,9.12998104095459,11275400.0
9.092716112732887,10.024346861988306,8.869124732911587,9.539898872375488,8624900.0
9.092714326135043,9.092714326135043,8.123818537284588,8.64553165435791,17009800.0
8.869126775990361,8.943657253099525,8.496474390444549,8.571004867553711,5043800.0
8.645534712384006,8.79459565570097,7.751169052482211,7.937495231628418,10624800.0
7.900226138053684,8.123817443847656,7.154921785407111,8.123817443847656,9071000.0
8.123818537284588,9.167244771431232,7.974757646692209,8.64553165435791,8892700.0
8.720060925964916,8.720060925964916,7.527573961730398,8.123817443847656,6088700.0
8.198355024894783,8.496477025800047,7.741855711008595,8.42194652557373,6376700.0
8.49647180610728,8.49647180610728,7.974758625030518,7.974758625030518,2864800.0
8.08655931857916,8.123824568895193,7.4530500632066,7.751172065734863,4092600.0
7.676636807272367,8.049289079470055,7.527575898393292,7.974758625030518,3337600.0
7.974760640569094,9.092717739714294,7.974760640569094,8.869126319885254,7312800.0
8.794595583429876,8.943656525521908,7.825699459831669,7.9002299308776855,5475300.0
7.75116569519043,8.198348331451417,7.303983058929444,7.4530439376831055,5685800.0
7.602107456752233,7.900229317801339,6.7822723388671875,7.564842224121094,10008900.0
7.602105967852534,7.602105967852534,6.782271010535104,7.30398416519165,6837700.0
7.229455483788475,7.527577359408618,6.800905287584519,6.96859884262085,8824000.0
6.931332213538034,6.931332213538034,5.785426484686988,6.260558128356934,11947100.0
6.409618947413061,6.558679853166852,5.589783965767204,5.738844871520996,7174000.0
5.589784316296847,5.96243660404997,5.366192943644974,5.925171375274658,6676400.0
5.813376426696777,5.97175366909076,5.664315492678911,5.813376426696777,2369300.0
5.776111193192311,6.409620162768242,5.664315492678911,5.813376426696777,4432500.0
5.813375688948722,6.0369670616005955,5.664314773847472,5.925171375274658,2766100.0
5.887907287220896,6.186029175181448,5.813376815230758,6.036968231201172,1837800.0
5.962435245513916,6.260557007789612,5.738843923807144,5.962435245513916,1947200.0
5.887906074523926,6.036966987803012,5.887906074523926,5.887906074523926,1769500.0
5.92516988585977,6.40961773816277,5.887904666451846,6.335087299346924,2432100.0
6.409621031387993,6.558681985606318,5.962438168733017,5.999703407287598,3083700.0
6.111498610614097,6.111498610614097,5.291663431141474,5.4407243728637695,4013600.0
5.4407243728637695,5.73884625630836,5.366193902002622,5.4407243728637695,2049600.0
5.440722135936513,5.440722135936513,4.9935394946266625,5.068069934844971,2219300.0
4.9935394946266625,5.217130815281588,4.769948173971738,5.068069934844971,1699900.0
5.068072550224535,5.217133507584081,4.8072158748453315,4.91901159286499,786700.0
4.844481114185218,4.993542071544763,4.769950635505445,4.91901159286499,2224100.0
4.919010833955147,5.440724104223117,4.919010833955147,5.29166316986084,1755600.0
5.2171326395291,5.366193572087075,4.9190107744131515,4.993541240692139,1331900.0
4.993541628973825,5.291663517270769,4.807215448788234,5.217133045196533,1538600.0
5.291661255499896,5.515252576154821,4.919009054408354,5.068069934844971,2335200.0
5.068071706971126,5.142602173250113,4.769949841855177,4.993541240692139,1162600.0
5.068072550224535,5.142603028904308,4.844481114185218,4.91901159286499,1544100.0
4.8817455412736575,5.030806473831632,4.8817455412736575,4.993541240692139,1904700.0
4.9562772539735755,5.030807738995734,4.844481526440337,4.881746768951416,2377900.0
4.844480967912517,4.91901144434194,4.546359062194824,4.546359062194824,1945700.0
4.546359904607137,4.695420885086059,4.471829414367676,4.471829414367676,1058900.0
4.397297382354736,4.546358310570151,4.248236454139321,4.397297382354736,1652500.0
4.471828626549763,4.509093865104344,4.248237195222274,4.2855024337768555,590000.0
4.248236449989113,4.32276691402401,4.080542905910595,4.136440753936768,1170200.0
4.173707255610713,4.173707255610713,3.8755853087813765,4.024646282196045,2582300.0
4.173707255610713,4.173707255610713,3.9501157954887107,4.024646282196045,1165200.0
4.099175907530874,4.099175907530874,3.801054023346811,3.9501149654388428,1324900.0
4.024645481294799,4.024645481294799,3.7265235937914802,3.8383193016052246,577500.0
3.875584404067238,3.875584404067238,3.726523465449267,3.7637887001037598,935200.0
3.7637871885299683,3.8383176279067994,3.577461090087891,3.7265219688415527,1147700.0
3.7265232017448358,4.173705985954216,3.7265232017448358,4.136440753936768,2291200.0
4.1364422082901,4.620890394846598,4.1364422082901,4.471829414367676,2305600.0
4.546360227796766,4.546360227796766,4.248238245646159,4.360033988952637,1530100.0
4.248238245646159,4.397299236721463,4.248238245646159,4.360033988952637,649000.0
4.397298578630414,4.434563820822197,4.210972367671498,4.248237609863281,1318200.0
4.248237382797968,4.919011706397647,4.210972142597986,4.695420265197754,5744800.0
4.695420015053671,4.8072157296978055,4.471828585765401,4.546359062194824,2450200.0
4.546357163067522,4.62088760836371,4.322765827178955,4.322765827178955,1424500.0
4.322768741183811,4.434564484490289,4.248238245646159,4.360033988952637,1894200.0
4.360033439051721,4.844481598946356,4.360033439051721,4.620890140533447,1194200.0
4.695420015053671,4.769950491483094,4.546359062194824,4.546359062194824,642500.0
4.546358999141977,4.695419949933517,4.471828523746207,4.509093761444092,551400.0
4.546358310570151,4.583623542624005,4.322766918247029,4.397297382354736,1321500.0
4.397298109335977,4.695420015053671,4.397298109335977,4.546359062194824,1369700.0
4.546360874176026,4.956278657913208,4.546360874176026,4.844482898712158,1082700.0
4.844479896128178,5.105336505919695,4.658153746277094,4.769949436187744,1474500.0
4.732685505397736,4.844481225997683,4.695420265197754,4.695420265197754,841700.0
4.695420885086059,4.73268613020579,4.471829414367676,4.471829414367676,282100.0
4.471828396580801,4.620889343133493,4.397297923304453,4.434563159942627,617500.0
4.397297923304453,4.546358869857147,4.36003268666628,4.434563159942627,862700.0
4.4345635674216535,4.5090940475463865,4.099176406860352,4.099176406860352,597800.0
4.099176768903379,4.173707255610713,3.9687484171655445,4.024646282196045,567200.0
4.099176088968912,4.099176088968912,3.8755846659342446,3.9128499031066895,608200.0
3.9501154466108845,4.2482373671098195,3.8755849664861506,4.099176406860352,710100.0
4.099176030199067,4.546358869857147,4.099176030199067,4.434563159942627,2675600.0
4.434564169247945,4.546359904607137,4.360033679008484,4.471829414367676,1850900.0
4.471828396580801,4.769950289686187,4.397297923304453,4.434563159942627,984200.0
4.434563526153564,4.732685443878173,4.397298286437988,4.6581549644470215,1973800.0
4.73268613020579,4.73268613020579,4.471829414367676,4.471829414367676,1375500.0
4.471829414367676,4.620890394846598,4.434564169247945,4.471829414367676,2406400.0
4.471826717771332,4.509091940419427,4.322765827178955,4.322765827178955,318500.0
4.322766918247029,4.4066136903682,4.285501686193175,4.397297382354736,1168400.0
4.322768433888753,4.546359904607137,4.322768433888753,4.471829414367676,310700.0
4.43456261440859,4.546358310570151,4.360032150300882,4.397297382354736,285000.0
4.397298924128214,4.546359904607137,4.397298924128214,4.471829414367676,440400.0
4.471828908572795,4.695420354001435,4.471828908572795,4.602257251739502,485900.0
4.546359062194824,4.6208895386242475,4.509093823980113,4.546359062194824,375200.0
4.509093633218973,4.620889343133493,4.36003268666628,4.434563159942627,436600.0
4.471829165318969,4.546359651407618,4.248237707053021,4.387982368469238,654400.0
4.397297382354736,4.546358310570151,4.397297382354736,4.397297382354736,367400.0
4.397298048350437,4.574307927415391,4.397298048350437,4.509093761444092,197900.0
4.509093761444092,4.583624236839862,4.471828523746207,4.509093761444092,303200.0
4.434563583797879,4.732685505397736,4.434563583797879,4.695420265197754,499800.0
4.7326863025262105,4.7326863025262105,4.5463600701432885,4.583625316619873,4309600.0
4.583624236839862,4.620889474537747,4.509093761444092,4.509093761444092,332600.0
4.555675308566449,4.620889474537747,4.509093761444092,4.509093761444092,534800.0
4.509094746907552,4.620890484434186,4.471829501065341,4.611574172973633,322000.0
4.546359245300293,4.695420204162597,4.509094005584717,4.6581549644470215,399700.0
4.620890024167682,5.2171338982538344,4.620890024167682,5.077389240264893,666500.0
5.068072101048061,5.291663517270769,4.993541628973825,5.217133045196533,496400.0
5.142602443695068,5.217132913893547,5.068071973496589,5.142602443695068,402000.0
5.105337337085179,5.254398281233652,4.956276392936707,5.217133045196533,448700.0
5.217131226151078,5.2543964491950135,5.0308051109313965,5.0308051109313965,329800.0
5.068071571185435,5.32892819617292,5.030806339044365,5.179867267608643,369300.0
5.179867399705423,5.627050196802294,5.179867399705423,5.515254497528076,651800.0
5.515254558661045,5.9624373607146435,5.515254558661045,5.813376426696777,1439500.0
5.813374364376068,5.9997004657983775,5.738843923807144,5.962435245513916,586800.0
5.999702383534976,6.05560023182878,5.664315293772152,5.8320088386535645,629900.0
5.887906118443138,5.962436575638621,5.6643147468566895,5.6643147468566895,639600.0
5.664315359933036,5.776111057826451,5.291663033621652,5.477989196777344,603600.0
5.477989608294344,5.589785314586065,5.366193902002622,5.4407243728637695,338000.0
5.366193902002622,5.477989608294344,5.245081886853257,5.4407243728637695,637300.0
5.440722161531448,6.03696568608284,5.440722161531448,5.962435245513916,905900.0
5.925171036173822,6.074231942744233,5.925171036173822,5.934487342834473,325600.0
5.925171003713237,5.962436230151684,5.738844871520996,5.738844871520996,196900.0
5.738845204052172,5.850640889845397,5.589784289661207,5.6643147468566895,598200.0
5.6643147468566895,5.738845204052172,5.515253832465724,5.6643147468566895,929000.0
5.627050437122942,6.335089896098677,5.627050437122942,6.186028957366943,1872900.0
6.186027901082099,6.186027901082099,5.887906074523926,5.887906074523926,270700.0
5.88790689370571,5.990386285842994,5.738845959687844,5.813376426696777,657100.0
5.887906074523926,6.111497444442556,5.8133756178843825,5.887906074523926,257600.0
5.887906961380296,6.036967897111443,5.813376493514723,5.85064172744751,165200.0
5.8133756612476555,5.887906118443138,5.6643147468566895,5.6643147468566895,342100.0
5.664315505766533,5.682948122561817,5.29166316986084,5.29166316986084,303900.0
5.291662469804829,5.291662469804829,4.993540640520051,5.114652633666992,346000.0
5.068072550224535,5.142603028904308,4.844481114185218,4.91901159286499,172900.0
4.8817437658918665,5.291661181348435,4.8817437658918665,5.254395961761475,745700.0
5.142602573122297,5.347561371326447,5.142602573122297,5.217133045196533,1357000.0
5.217131800299523,5.664314526039481,5.217131800299523,5.552518844604492,234100.0
5.552520079155491,5.813376727169508,5.403459137433196,5.4407243728637695,462300.0
5.440727355848621,5.515257867572574,5.217135820676759,5.245084762573242,302700.0
5.291661181348435,5.366191620522357,5.1426003030005925,5.254395961761475,1189700.0
5.254399468501409,5.4407256907886925,5.217134224043952,5.366195201873779,138400.0
5.440726019541422,5.6643174997965495,5.366195526123047,5.589787006378174,131000.0
5.5152520848271065,5.701578168773968,5.5152520848271065,5.608415126800537,130000.0
5.627050127301898,5.664315359933036,5.477989196777344,5.477989196777344,113000.0
5.515257210567079,5.5711550877012055,5.328930953453327,5.403461456298828,131100.0
5.366193565162453,5.589784963710888,5.310295715525344,5.515254497528076,135300.0
5.515253832465724,5.738845204052172,5.440723375270242,5.6643147468566895,164900.0
5.589787006378174,5.813378486633301,5.589787006378174,5.589787006378174,159700.0
5.589785295374253,5.776111471886728,5.477989589466768,5.701581001281738,444000.0
5.627051320905978,5.776112283049183,5.440725118226973,5.459357738494873,413700.0
5.440725118226973,5.589786080370177,5.440725118226973,5.459357738494873,120800.0
5.459356654935808,5.589784970924035,4.993541240692139,4.993541240692139,183100.0
4.993541503298109,5.217132913893547,4.993541503298109,5.142602443695068,223300.0
5.105336940110619,5.179867406389606,4.9190107744131515,4.993541240692139,147600.0
4.9190107744131515,5.030806473831632,4.9190107744131515,4.993541240692139,58300.0
4.993540816009045,5.030806045979261,4.769949436187744,4.769949436187744,181600.0
4.769950925841812,4.956277133882508,4.732685684233673,4.807216167449951,313700.0
4.807215327801911,5.440724324488985,4.807215327801911,5.142602443695068,1398400.0
5.068071768317425,5.29166316986084,4.993541301136285,5.29166316986084,414200.0
5.254398148992787,5.291663384092026,5.142602443695068,5.142602443695068,116800.0
5.142602591434967,5.254398299944423,4.919011174416055,5.021490573883057,272000.0
5.068069863826671,5.366191620522357,4.974906814859269,5.254395961761475,521800.0
5.217132839868078,5.366193778150023,4.993541432445159,5.23576545715332,429200.0
5.217132632796829,5.589784963710888,5.217132632796829,5.515254497528076,419900.0
5.589782262252549,5.664312692415916,5.440721401925814,5.49661922454834,1107700.0
5.496623499410136,5.552521365505832,5.29166465705925,5.328929901123047,263000.0
5.291663105808087,5.291663105808087,4.9190107744131515,4.993541240692139,384300.0
4.9935394946266625,5.217130815281588,4.9935394946266625,5.068069934844971,344100.0
5.0680729815068135,5.217133951551132,4.844481526440337,4.881746768951416,480200.0
4.881745126098394,5.030806045979261,4.769949436187744,4.769949436187744,1141400.0
4.769951549002794,4.844482041955963,4.583625316619873,4.583625316619873,151700.0
4.546358056366444,4.844479896128178,4.546358056366444,4.769949436187744,362700.0
4.769950138582728,4.769950138582728,4.4718282549213075,4.4904608726501465,580900.0
4.397299084236951,4.695421056049626,4.397299084236951,4.583625316619873,2128500.0
4.583624300409536,4.7140526341610265,4.546359062194824,4.546359062194824,204400.0
4.546360874176026,4.919013404846192,4.546360874176026,4.844482898712158,175900.0
4.919013404846192,4.993543910980224,4.844482898712158,4.844482898712158,161200.0
4.844481225997683,4.844481225997683,4.6208897847977894,4.695420265197754,542500.0
4.695420204162597,4.844481163024902,4.6208897247314455,4.6581549644470215,110600.0
4.769952392578125,4.919013404846192,4.620891380310058,4.844482898712158,233300.0
4.807217645645141,4.919013404846192,4.769952392578125,4.844482898712158,154800.0
4.807217645645141,4.919013404846192,4.769952392578125,4.844482898712158,462400.0
4.844482898712158,4.993543910980224,4.769952392578125,4.844482898712158,425100.0
4.844481195966902,5.440725035470521,4.844481195966902,5.189184665679932,393900.0
5.142602035467573,5.2637140399260485,5.142602035467573,5.179867267608643,142700.0
5.254397658167275,5.254397658167275,5.012173652648926,5.012173652648926,181500.0
5.012175326580768,5.328929901123047,4.993542704548869,5.328929901123047,386600.0
5.291663384092026,5.515254794687464,5.105337208595828,5.142602443695068,645200.0
5.068071973496589,5.291663384092026,5.03080673839735,5.142602443695068,260000.0
5.142602235498563,5.477989337813686,5.142602235498563,5.29166316986084,363500.0
5.217132499749712,5.29166296403185,5.142602035467573,5.179867267608643,170400.0
5.142602443695068,5.217132913893547,5.068071973496589,5.142602443695068,114700.0
5.142602573122297,5.217133045196533,4.993541628973825,5.217133045196533,146800.0
5.2171326395291,5.291663105808087,4.993541240692139,4.993541240692139,666500.0
5.068071706971126,5.142602173250113,4.80721507499467,4.993541240692139,214200.0
4.872429034080647,5.179867194930861,4.807214878748784,5.012173652648926,217000.0
5.049440087824522,5.217133670076997,5.030807467574247,5.161235809326172,130900.0
5.142602235498563,5.29166316986084,5.142602235498563,5.29166316986084,126300.0
5.217132359525583,5.29166282180452,5.105336666107178,5.105336666107178,147900.0
5.105338100315064,5.217133825139482,4.769950925841812,4.807216167449951,405200.0
4.807214712794822,4.807214712794822,4.322766718482166,4.415929794311523,173700.0
4.3414004672657365,4.3972983273592865,4.099176406860352,4.099176406860352,210200.0
4.099176768903379,4.099176768903379,3.8755853087813765,4.024646282196045,169700.0
3.875582633762185,4.248234810085472,3.8569500249460207,4.061908721923828,196400.0
4.173706092086493,4.248236558016609,3.801053762435913,3.801053762435913,99400.0
3.7637883847759617,3.7637883847759617,3.204809911789433,3.4656665325164795,247000.0
3.502932057522311,3.801053934758252,3.3538711189043404,3.7637887001037598,366800.0
3.7637895342474676,3.8755852629874914,3.3911371051140553,3.4563512802124023,215400.0
3.502932548522949,3.950115427057794,3.428402068767142,3.502932548522949,351000.0
3.4656662135243086,3.801053266446016,3.279340073012249,3.363186836242676,416500.0
3.3911368237601387,3.6519935025109187,3.2793411042955185,3.3538715839385986,261800.0
3.279340808311205,3.391136517685451,3.1302798624788775,3.316606044769287,184000.0
3.2420759797096252,3.7265241146087646,3.2420759797096252,3.577463150024414,176100.0
3.5029320881284516,3.5401973231085413,3.1675449733076424,3.2420754432678223,318700.0
3.2793403748543035,3.502931764048915,3.242075143321868,3.4656665325164795,628000.0
3.428402068767142,3.6147282681566604,3.391136828889238,3.502932548522949,144000.0
3.465667908606322,3.5029331549354223,3.279341676960821,3.4284026622772217,167700.0
3.502931831252407,3.502931831252407,3.279340437768211,3.3072893619537354,72300.0
3.2793411042955185,3.3911368237601387,3.204810624652439,3.3538715839385986,383700.0
3.279341697692871,3.3911374373869463,3.279341697692871,3.279341697692871,58100.0
3.279341204815319,3.35387168674294,3.0184845180686457,3.046433448791504,142200.0
3.01848347303344,3.1675443852820044,2.999850859002369,3.055748701095581,376300.0
3.055749351595655,3.093014587590724,2.906688407615379,3.018484115600586,181800.0
2.943953643610448,3.1302798235857927,2.8507905536227756,3.018484115600586,197300.0
3.055749244000538,3.2048101827322717,3.018484009317605,3.0930144786834717,41500.0
3.0930138372239613,3.130279064178467,3.0184833833149503,3.130279064178467,161900.0
3.055748063325882,3.130278503894806,2.981217622756958,2.981217622756958,70900.0
3.130278503894806,3.130278503894806,2.943952402472496,2.981217622756958,66000.0
2.9812186473124735,3.0557491134952857,2.757627248764038,2.757627248764038,50300.0
2.7576280898518033,2.7576280898518033,2.384975645277235,2.6830976009368896,113800.0
2.608565613075539,2.6830960591634114,2.49676994394373,2.5154025554656982,18400.0
2.515403236915816,2.60856631976455,2.3849749209275886,2.4967706203460693,72300.0
2.4967710609436033,2.4967710609436033,2.3104448623657228,2.3290774822235107,48800.0
2.3849755564043598,2.422240799473178,2.3104450702667236,2.3104450702667236,101600.0
2.347709619392783,2.347709619392783,2.1241182270696606,2.198648691177368,195700.0
2.1241188711590238,2.235914601220025,2.0123231410980225,2.0123231410980225,130500.0
1.9564243299620492,2.058903699626728,1.7887308159653021,1.8259960412979126,122800.0
1.7514662716123792,1.7887315114339193,1.5092422127723695,1.6769357919692993,434100.0
1.7142013419758189,1.7514665885405107,1.565140355717052,1.6396708488464355,805200.0
1.7142013419758189,1.7514665885405107,1.565140355717052,1.6396708488464355,637900.0
1.7142013311386108,1.7887318237968113,1.5278750994931096,1.7142013311386108,310700.0
1.7142006458164838,2.4967705058631395,1.7142006458164838,2.1148018836975098,580300.0
2.1054863653012688,2.2359147242137367,2.012323251792363,2.0868537425994873,143400.0
2.08685305581164,2.6458315529040437,2.08685305581164,2.4967706203460693,205400.0
2.534036668141683,2.645832403500875,2.124118971824646,2.235914707183838,302200.0
2.235913798213005,2.384974718093872,2.1613833382725716,2.384974718093872,76200.0
2.3663435697555544,2.534037208557129,2.235915184020996,2.422241449356079,164900.0
2.4967714230219524,2.4967714230219524,2.124118971824646,2.235914707183838,119300.0
2.2731799523035683,2.310445197423299,2.0868537267049154,2.235914707183838,71200.0
2.2359142928827005,2.3104447693121237,2.161383816453277,2.273179531097412,28200.0
2.161384233406612,2.2731799696172987,1.9377927609852383,2.0868537425994873,123100.0
2.086854017697848,2.086854017697848,1.86326251580165,1.9377930164337158,162700.0
2.0123218631744386,2.0123218631744386,1.75146532535553,1.8632609844207764,294200.0
1.863262088028426,1.937792571549563,1.7142011209861518,1.8073642253875732,205300.0
1.8632619910769992,1.937792470720079,1.6769357919692993,1.6769357919692993,89500.0
1.6769352971508515,1.8259962124531495,1.6396700683252772,1.667618989944458,133500.0
1.639670339123956,1.7142008090841359,1.5278746341836864,1.6210377216339111,48700.0
1.5278748349940523,1.8632619938951858,1.5278748349940523,1.7514662742614746,138600.0
1.751466764853551,2.012323517065782,1.714201514537518,1.9377930164337158,101800.0
1.863261614090357,1.863261614090357,1.7887311495267428,1.8166800737380981,98700.0
1.8259968161582947,1.9377925395965576,1.788731575012207,1.788731575012207,68200.0
1.7700989836270047,1.863262088028426,1.7514663627467204,1.8073642253875732,364300.0
1.8259967482367228,1.8632619879966559,1.602405309677124,1.602405309677124,240800.0
1.602405602281744,1.7700992118228565,1.602405602281744,1.6396708488464355,132900.0
1.695568409076957,1.695568409076957,1.602405309677124,1.602405309677124,90800.0
1.6396705494370571,1.7142010289569234,1.602405309677124,1.602405309677124,120500.0
1.602405309677124,1.7142010289569234,1.602405309677124,1.602405309677124,57500.0
1.5651395320892334,1.6769352129527502,1.5651395320892334,1.5651395320892334,59700.0
1.5651395320892334,1.6396699859982444,1.4906090781802224,1.5651395320892334,87000.0
1.6024050591098276,1.6396702930426141,1.3788136555131074,1.4626604318618774,191200.0
1.490608811378479,1.6024044722318649,1.453343591094017,1.490608811378479,107600.0
1.4533439153119139,1.6024048297028792,1.378813458116431,1.4160786867141724,718700.0
1.4533439153119139,1.4533439153119139,1.3415482295186896,1.4160786867141724,127900.0
1.3508645172526197,1.6396700347342141,1.3415482102370844,1.5278743505477905,212600.0
1.5465074500372245,1.602405309677124,1.4906095903973247,1.602405309677124,85300.0
1.5278743051347279,1.6769352129527502,1.4160786242712111,1.5651395320892334,251500.0
1.56514034582221,1.732833954303161,1.4906098531640095,1.7142013311386108,277500.0
1.7142010317908394,1.8632619910769992,1.6583031720585293,1.6769357919692993,158000.0
1.6396706104278564,1.788731575012207,1.4906096458435059,1.788731575012207,130800.0
1.788731575012207,2.012323021888733,1.676935851573944,1.788731575012207,380000.0
1.7142013419758189,1.9377928213639692,1.565140355717052,1.6396708488464355,100000.0
1.565139601105138,1.6396700583006207,1.378813458116431,1.4160786867141724,260600.0
1.416078370809555,1.565139251947403,1.416078370809555,1.490608811378479,154800.0
1.490609778298272,1.490609778298272,1.3415488004684448,1.3415488004684448,173200.0
1.360181022913028,1.639670274196527,1.1924874721429286,1.4533441066741943,1291200.0
1.5651402672131856,1.6396707561280992,1.2670183115535312,1.3415488004684448,1141600.0
1.2949670670610487,1.3229159965659634,1.155222419536475,1.2297528982162476,512800.0
1.248385480192841,1.248385480192841,1.0806919082266384,1.136589765548706,775000.0
1.15522182338378,1.3415479239295511,0.9688957228380092,1.2670174837112427,992500.0
1.2670183340708414,1.3415488243103026,1.117957353591919,1.117957353591919,970200.0
1.192487359046936,1.2297525890171528,0.9875285942107439,1.192487359046936,1522300.0
1.1924874285142197,1.33223204904323,1.1738548124436852,1.2949668169021606,1282300.0
1.3415488815307617,1.4533446216583252,1.304283634821574,1.3974467515945435,1425300.0
1.4533438512257166,1.5837721455664862,1.2670177164531888,1.5651395320892334,1885500.0
1.6024051477879655,1.6024051477879655,1.4906094398027585,1.509242057800293,717400.0
1.4719764443186971,1.5651395104148171,1.341548151784129,1.434711217880249,539000.0
1.416078337501077,1.7142000927644616,1.378813118093154,1.583771824836731,1253200.0
1.676936264221485,2.012323517065782,1.6210383887474356,1.9377930164337158,1535700.0
1.9750580554423125,2.0123233017714126,1.6769360848095107,1.7142013311386108,947100.0
1.6769351399674708,1.937791717295744,1.6769351399674708,1.8259960412979126,581600.0
1.825997081669894,1.825997081669894,1.6396708488464355,1.6396708488464355,464900.0
1.6583021846386272,2.030954360961914,1.5651391405578055,2.030954360961914,1567000.0
2.0589035513072176,2.3477090268299494,2.0495872456451942,2.1613829135894775,1724500.0
2.1054862494821904,2.198649357866358,1.9377926543906883,2.0123231410980225,1642700.0
1.9936903506990464,2.57130157379877,1.937792490399073,2.347710132598877,4790600.0
2.3477103133355417,2.5526691502140415,2.2359145841290875,2.3104450702667236,1836700.0
2.3104444546486014,2.6271989363342967,2.273179221509108,2.4967706203460693,1587700.0
2.4967697123263743,2.925319737576424,2.422239273152453,2.6271979808807373,1968100.0
2.6365149232902025,2.869422602026086,2.5340355446464136,2.8321573734283447,1579000.0
2.8228414704085916,3.037116565522115,2.6830968431606412,2.925320863723755,3696200.0
2.9253207341218608,3.689257995898907,2.9253207341218608,3.6333601474761963,14633600.0
3.6892568081617356,3.6892568081617356,2.794891521334648,2.981217622756958,5016100.0
2.962586565812429,3.6147282626893786,2.925321325990889,3.3538715839385986,5635600.0
3.316605913228002,3.391136383188182,3.204810208287732,3.2420754432678223,1886200.0
3.242075531571,3.260708149568534,2.8321579356252413,3.018484115600586,2569700.0
2.981218115075842,3.1675442472680824,2.701728916787482,2.869422435760498,2804900.0
2.841473515931662,2.9625855018566183,2.683096303568258,2.869422435760498,1535300.0
2.906687397427029,3.186176570256551,2.3849742748119214,2.5154025554656982,4630700.0
2.5060882687568666,2.5060882687568666,1.9377931594848634,2.422241449356079,6951600.0
2.39429122612283,2.906688181129662,2.32907706821287,2.757627248764038,2339400.0
2.7576274123846316,2.925320971245859,2.7203621770821362,2.850790500640869,1103700.0
2.7576263010501862,2.981217622756958,2.5713001996278764,2.981217622756958,2471300.0
2.943953480690148,2.999851331589328,2.832157778891788,2.925320863723755,1809100.0
3.046432935329805,3.2420754174152053,2.9625861572932046,3.0930144786834717,6489800.0
3.0743814759202057,3.4470337760317458,3.0557488609146284,3.3911359310150146,1390900.0
3.4190857536262937,3.5588304029570685,3.242075864473979,3.3538715839385986,1154600.0
3.3538721908222544,3.3538721908222544,3.167545957998796,3.279341697692871,2395700.0
3.2513918355830667,3.987380245356884,3.1954939816761945,3.8383193016052246,2072900.0
3.85695146360705,3.8755840793732674,3.186177296023215,3.4656665325164795,1649300.0
3.4843001046131565,3.7358404864969943,3.4843001046131565,3.6147284507751465,1617700.0
3.6054119527339936,3.8010544617970785,3.2793411042955185,3.3538715839385986,2027100.0
3.558829322005763,3.726522850267815,3.0557487372196084,3.6892576217651367,2865300.0
3.67062413930893,3.8383176279067994,3.5960936999320987,3.7265219688415527,2833500.0
3.726524176056852,3.8569525222188417,3.5401979672540094,3.6147284507751465,2959600.0
3.6333610716554308,3.7451567969371364,3.577463209014578,3.6147284507751465,1672700.0
3.5495151035749735,3.745157668338948,3.5215661657515485,3.707892417907715,2121300.0
3.707891713689875,4.0619115255497125,3.6519938486593744,4.024646282196045,2975800.0
4.136439668126853,4.658152779422132,4.099174445891476,4.639520168304443,9089900.0
4.630206342329059,4.639522652877004,4.210972367671498,4.248237609863281,4077200.0
4.266870869530572,4.509094980027941,4.173707750108507,4.360033988952637,1262100.0
4.443878673948348,4.807214666157961,4.387980828993022,4.769949436187744,3128000.0
4.769950745597718,4.881746466197665,4.564991924497816,4.695420265197754,1274700.0
4.692440275727616,5.032299178400981,4.650703377117932,4.9786376953125,1951500.0
4.978635075532963,5.336380950988378,4.1737058606692585,4.7580246925354,6927500.0
4.7759136595831375,4.86535001496399,4.603002671212429,4.841500282287598,3308300.0
4.859389067347528,5.127699360608666,4.47183063938337,4.477793216705322,5156200.0
4.769950832532239,4.960748683874344,4.656664466142251,4.913049221038818,3712900.0
4.90112437512428,4.913048955878359,4.561265294296734,4.859386920928955,7202000.0
4.829574921027198,5.336381800784815,4.054457881172879,4.221405982971191,5615700.0
4.185631195329035,4.7580252292467815,4.114082012167112,4.591076850891113,5194500.0
4.728214799965309,4.7401396685482595,4.1737079843911244,4.20352029800415,3363000.0
4.203519804142591,4.227369538506445,3.625163035040974,3.845773220062256,6719800.0
3.863658467779805,3.9173204817650147,3.2018280044362517,3.654973268508911,6279600.0
3.6490109551505157,3.6609358164035126,3.130279064178467,3.130279064178467,2802500.0
3.2256779118796324,3.464175418121463,3.219715623486922,3.410513401031494,2677100.0
3.428402817402057,3.4820648655236113,3.2793418253410977,3.344928741455078,2743000.0
3.3508895237033474,3.7563354214129925,3.25549062274162,3.6490113735198975,3767400.0
3.6668996810913086,3.7682611796085737,3.5178387207567936,3.6668996810913086,890200.0
3.6609360773488984,3.9053961769267214,3.637086353142936,3.7563352584838867,1585400.0
3.7563366437741394,4.16178238910999,3.7265243353667086,4.024646282196045,5935100.0
4.018682396182699,4.1021567187756425,3.947133220512591,3.9650206565856934,3260500.0
3.9948329939823073,3.9948329939823073,3.9173215228943397,3.9709832668304443,2528700.0
3.970984394829921,4.012721571357147,3.815961124306837,3.9173226356506348,5042900.0
3.9053955862948446,3.91135787428906,3.458212898595943,3.6728603839874268,2338600.0
3.660936753486398,3.6967113464025423,3.5893875676541094,3.63112473487854,1328100.0
3.4462891140869876,3.5774626183287888,2.850045344365523,3.011031150817871,1793700.0
3.2018281126246357,3.2554901284230615,2.820232282408664,2.879856586456299,4868900.0
2.891782226286867,3.0706554709277807,2.7367589940011023,3.011031150817871,2422400.0
2.9931430176134417,3.327039417008477,2.9514058610723928,3.130279064178467,1088300.0
3.1123917575350943,3.2495278097131637,2.6830964505448205,2.7367584705352783,2309600.0
2.7427223727415435,2.9752574556442677,2.683098028960242,2.856008768081665,2436200.0
2.832157460363493,3.094504711861869,2.832157460363493,3.058730125427246,2055000.0
3.0646926165326738,3.094504916017252,2.9692937130798773,3.052767753601074,864500.0
3.0587314151611618,3.219717264153262,2.9871822121227307,3.0169942378997803,1482700.0
3.011030676847749,3.076617276488988,2.963330943957111,3.058730125427246,893000.0
3.040842692860868,3.291265082445493,3.011030679626737,3.1064295768737793,1451900.0
3.189903700013527,3.5238001339056138,3.13624196098645,3.499950408935547,3270900.0
3.49995000141107,3.5357245847006773,3.392626251542248,3.410513401031494,1362200.0
3.4045516362426858,3.4701385245161425,3.0289180274644685,3.1004672050476074,1584400.0
3.1064293927696487,3.261452591608563,3.0766170969912188,3.255490303039551,885400.0
3.2614534446660666,3.410514393923973,3.249528580097882,3.392627239227295,1138400.0
3.416476693231676,3.5953499316608175,3.2495283184103987,3.3628146648406982,2209900.0
3.350890403806753,3.416477307599761,3.225679171252477,3.327040672302246,1065200.0
3.3568517675128637,3.38666377898017,3.237602868710268,3.255490303039551,529600.0
3.255491168017168,3.398589543427892,3.2018291350825465,3.2972283363342285,1251900.0
3.3091507102399853,3.3628124184736334,3.2614510033608757,3.333000421524048,1286400.0
3.3210780518181875,3.410514393923973,3.2793408836739424,3.392627239227295,1410400.0
3.38666376471485,3.643048711258255,3.374738903315933,3.5178375244140625,1073800.0
3.4582131173195814,3.9471327048342633,3.4582131173195814,3.9352078437805176,1296700.0
3.905397150315441,4.459903802777084,3.8994345756222577,4.245255947113037,2069800.0
4.239294380542036,4.5195288998106795,4.239294380542036,4.424129962921143,917900.0
4.453939790588516,4.6507004272915395,4.35257861231929,4.41816520690918,1485600.0
4.394315484456289,4.555301253168859,4.304878883102391,4.41816520690918,1815900.0
4.442016027089514,4.763987644081473,4.406241434569429,4.5791521072387695,942900.0
4.585113688251214,4.704362304153132,4.430090203267594,4.650700569152832,505400.0
4.65070065610007,4.841498445110201,4.591076062723271,4.805724143981934,1017800.0
4.823612762425294,4.829575337301906,4.525490842064003,4.5314531326293945,814000.0
4.579151716330551,4.632813742685309,4.400278768999962,4.442015647888184,727800.0
4.436053737158428,4.585114681481045,4.4002791446383425,4.5791521072387695,567400.0
4.56126337680722,4.829573154449463,4.459901924207557,4.829573154449463,933400.0
4.817648010086123,4.841497730190622,4.662624829406884,4.829573154449463,1308300.0
4.829575539301012,5.342345059065166,4.829575539301012,5.252908706665039,1427500.0
5.217130815281588,5.336379405906454,4.9070839110348015,5.068069934844971,4158200.0
5.056146510397341,5.163470562757487,4.412203617792283,4.68647575378418,701400.0
4.650700339416624,4.787836098774007,4.292953940760643,4.412202835083008,675000.0
4.352580310689406,4.954786748382709,4.352580310689406,4.92497444152832,698000.0
4.954786823649921,4.954786823649921,4.668589469571666,4.680514335632324,277000.0
4.650701009544981,4.769949636738994,4.501640083396887,4.668588161468506,707800.0
4.608963171401694,4.758024075671721,4.477789700740959,4.626850605010986,540700.0
4.603001597321315,4.686475926525172,4.185631088546722,4.555302143096924,768000.0
4.436052111477656,4.805723334000774,4.38835267226463,4.7222490310668945,758900.0
4.710325653637367,4.740137670372025,4.436053507535947,4.555302143096924,273400.0
4.531452584845286,4.829574753479333,4.513565431000178,4.793799877166748,612000.0
4.7162883383310525,4.883236442101229,4.614926847457847,4.644739151000977,625900.0
4.638775067085642,4.8295731104962965,4.626850207141919,4.799760818481445,372000.0
4.6924367076551095,4.811685304880861,4.638774981059062,4.74013614654541,478300.0
4.710325125097626,4.847461182760469,4.674550538443555,4.769949436187744,311000.0
,,,,
4.829760712110428,4.919756022327052,4.649769519500952,4.661768913269043,935200.0
4.655769610462285,5.021751283166382,4.541775220474932,4.95575475692749,984000.0
4.973754502544824,5.159745574915673,4.655770356544444,4.745765686035156,479900.0
4.81176129801413,4.853759029086817,4.4097809305337945,4.529775142669678,356400.0
4.52377658589794,4.589773406979596,4.4397808138501205,4.499777793884277,1755600.0
4.475777447210013,5.06374793340146,4.4217800408911785,4.901756286621094,2182500.0
4.9137569266168795,5.135746460168489,4.781763575176697,5.069749355316162,2126200.0
5.0397491388323346,5.399731465395845,5.0397491388323346,5.129745006561279,703900.0
5.129744386348377,5.489726097212082,5.009750482727142,5.327734470367432,812700.0
5.393732649444684,5.567724006775924,5.279738548645421,5.3457350730896,1106200.0
5.309738492418229,5.315737761816773,5.01575254918696,5.279739856719971,432900.0
5.3157373573915985,5.3157373573915985,4.859760303739404,5.267739772796631,703500.0
5.219740628654966,5.369733178743766,5.075747917892,5.3397345542907715,552600.0
,,,,
5.339804229869956,5.605285757463017,5.068288311924906,5.122591495513916,1164900.0
5.062257011240398,5.128627274704283,4.7786739302283685,4.82090950012207,431100.0
4.802807629111808,5.158794717107589,4.7967738131147755,5.146727085113525,853300.0
5.06828747778811,5.653554195656534,5.06828747778811,5.424274444580078,1783200.0
5.490646726410329,5.5087475976989575,5.357905660988963,5.454444408416748,363700.0
5.490646295772523,5.563050350664627,5.418241665464141,5.430309295654297,250300.0
5.400140989636438,5.550982919935871,5.327736932142666,5.520814418792725,675100.0
5.460477327404333,5.611319239346905,5.249298420518241,5.37600564956665,448100.0
,,,,
5.500866503617462,5.643504839591975,5.407841939043122,5.476059913635254,229100.0
5.52567138594645,5.544276174824543,5.376831892050553,5.420243263244629,291900.0
5.457453253184704,5.854358557203955,5.395436503713919,5.736527442932129,988400.0
5.767532622342237,5.922573818687806,5.525668143126467,5.699314117431641,1148800.0
5.637300896585008,5.6683092701083915,5.271403390167243,5.513267993927002,690200.0
,,,,
5.4385658363267115,5.893858319051989,5.4198547463656785,5.781594753265381,1281100.0
5.575776581576351,5.831489442026756,5.320064315921826,5.787830829620361,478600.0
5.694276289846435,5.987410062378433,5.688039261861649,5.968698978424072,822300.0
5.937517142649267,6.249361515398596,5.868910999975014,6.236887454986572,891300.0
6.236888775023048,6.268073337857376,6.080966555647472,6.205704212188721,849500.0
6.236887489347908,6.280545511438643,5.812778949737549,5.812778949737549,835000.0
5.893859942720291,6.13709882605905,5.812780314940705,6.018597602844238,1156900.0
6.112149593060759,6.392809398932771,6.01235949273257,6.17451810836792,892200.0
6.174519506821689,6.336678753980056,6.118388008770915,6.299257755279541,566800.0
6.2368872106208935,6.617337116342239,5.931279880051489,6.380335330963135,2999400.0
6.274310199722361,6.455179945515361,6.18699354510655,6.392810821533203,1477300.0
6.480127764675983,7.48426666088477,6.330441979413271,7.0227370262146,2464800.0
7.053921481731635,7.078869013094598,6.729602979217047,6.97907829284668,1959100.0
,,,,
6.991837509835376,7.29882665198211,6.822680459105966,6.83521032333374,1747000.0
6.828941412168339,6.87279740704357,6.540747520421722,6.634724140167236,1232400.0
6.584601562460053,6.722432941233319,6.421709281199137,6.471829891204834,828200.0
6.5219500859385064,6.634721750013217,6.396648568902586,6.453034400939941,842900.0
6.453036200596587,6.572072525606997,6.052070636773493,6.1209869384765625,1079900.0
6.139782827218945,6.21496376826836,5.507009159863445,5.914239406585693,2909600.0
5.889177203845542,5.964358718264174,5.638574147399491,5.732550144195557,1069500.0
5.732550540369314,5.926768370650914,5.532068081357229,5.907973289489746,927600.0
5.795203459240309,6.409181484885918,5.795203459240309,6.164843559265137,595900.0
6.1961690904863245,6.3841211567467715,6.03327674207456,6.258819580078125,918100.0
6.246289863869084,6.3653262150527805,6.07713228338771,6.302675724029541,364000.0
6.371590041902208,6.678578993600286,6.252553119416877,6.640988826751709,1738200.0
6.691107908436694,6.703637762009099,6.427974411083467,6.578336238861084,2650100.0
,,,,
6.616181324031915,6.616181324031915,6.0238758318100265,6.118392467498779,2287900.0
6.01757171464273,6.206605497480238,5.866344928741455,5.866344928741455,1627800.0
5.8600444650619306,6.238111481597657,5.7025163912749,6.149896144866943,828600.0
6.206607341766357,6.332629700798149,5.986067762769214,6.206607341766357,739200.0
6.275920149224901,6.420845727127009,5.9923696613435915,6.414545059204102,783900.0
6.590977425381827,6.590977425381827,5.76552970440228,6.490159511566162,896300.0
6.553170601159343,6.5657731412203155,6.212909831501497,6.219211101531982,569200.0
6.26961813108862,6.4901577069293355,6.112090034322966,6.439748764038086,705000.0
6.433449778458696,6.553170910070566,6.376739547355417,6.3956427574157715,282300.0
6.420846297307852,6.5468692817101966,6.288522644423092,6.307426452636719,798800.0
6.269619037413424,6.332630525597312,6.03017622360557,6.288522243499756,469800.0
6.181403985073145,6.641385828749511,6.181403985073145,6.559471130371094,845200.0
6.527965404410524,6.9879478503979415,6.527965404410524,6.855624198913574,800900.0
6.931236932444018,6.937538201149352,6.616180708242017,6.773708820343018,1018900.0
6.976007932742239,7.191434246300779,6.8176063026849905,7.159753799438477,409700.0
7.102728506660928,7.324491011419863,7.0773842721959825,7.134408950805664,550700.0
7.178766248014538,7.324496151649865,6.918987511376171,7.292815685272217,1348800.0
7.330827032638421,7.94542550859018,7.292810980911899,7.755343437194824,1683800.0
7.730000423870779,7.901074496459982,7.229451232440125,7.34350061416626,898300.0
7.2801402699896975,7.406861479252148,7.039369670263845,7.254796028137207,1613700.0
7.2547962475004955,7.2864767018376275,6.868296396499826,7.216780185699463,1436500.0
7.216778276234456,7.501901081320071,7.159753594366484,7.210442066192627,937800.0
7.2674643407706485,7.432201517510604,7.08371854020166,7.204103469848633,854300.0
7.1914340403213854,7.3434994557998134,7.096392702456682,7.210442066192627,852100.0
7.2801402699896975,7.67297632083049,7.191435725633176,7.254796028137207,949000.0
7.311819219272412,7.413196165828368,6.988679748934601,7.159753799438477,880400.0
7.033035507017468,7.140748708069871,6.906313667482044,6.969674587249756,805500.0
6.943178408382001,7.089686163704222,6.758451661222624,7.0705766677856445,601000.0
7.102425896963661,7.36359185275191,7.04509740701399,7.331742286682129,1983400.0
7.35722178501249,7.529208469049279,7.229824128785249,7.325372219085693,1395700.0
7.280783450007162,7.4846197072143035,6.936809462230128,7.115166187286377,749300.0
7.0705763790533,7.350851201840252,6.8985891003695645,7.229823589324951,1340500.0
7.261675194836656,7.331744381708244,6.936811229039736,7.051468849182129,3440000.0
7.134274865695856,7.319001604457877,6.962288195287027,7.223453521728516,1028100.0
7.197973123631232,7.350850280536293,6.8794787430057776,7.319000720977783,1115900.0
7.325373046725128,7.522839891797619,7.013248601833782,7.1724958419799805,1036600.0
7.242565006197907,7.828594946860329,7.197975969673612,7.612018585205078,1499400.0
7.612014093468229,8.04516656118187,7.605644061300746,7.917768955230713,876600.0
8.070647979766942,8.089757473282297,7.694824498245822,7.949619770050049,815300.0
7.930512191931995,8.516542066100977,7.6438672900510785,8.427363395690918,1291100.0
8.436069231289249,8.64089013546392,8.250450134277344,8.250450134277344,1463900.0
8.340061774502695,8.621691222703607,8.224850282433822,8.576886177062988,824800.0
8.544885035610783,8.877719181981721,8.416871291976424,8.711301803588867,634500.0
8.640892951756165,8.820111301320933,8.621691138335029,8.788107872009277,606800.0
8.768904713713228,8.88411679739941,7.47597161738367,7.8664116859436035,1711900.0
7.783200716426175,7.949617985595364,7.546376422799731,7.847207546234131,1677300.0
7.847207509227966,8.372061313686347,7.834405899160998,8.077630996704102,1240300.0
8.020027744033797,8.276054540129307,8.020027744033797,8.173644065856934,2089400.0
8.167243430101651,8.64089218876403,8.103236577130156,8.538481712341309,2318000.0
8.538481434766178,8.743302380953153,8.423269347328722,8.56408405303955,1585100.0
8.519281211614121,8.813711681845476,8.269655179108836,8.621691703796387,1525800.0
8.59608542418352,8.704896678445168,8.455270752124727,8.487274169921875,1886200.0
8.45527302418803,8.576885311998993,8.135239981047551,8.57048511505127,2192700.0
,,,,
8.675159535648621,9.04225962398157,8.520590527855623,9.02293872833252,1291100.0
9.048697812181075,9.782897801003996,8.913450348840003,9.744256019592285,2704900.0
9.789339405253786,9.89238498622486,9.505964057583329,9.782898902893066,1213900.0
9.847302765982484,9.91814644983843,9.235469164098964,9.390037536621094,847400.0
9.525285896269654,10.104917653885996,9.422240305066765,10.001872062683105,1447000.0
10.040514141413176,10.240164814354854,9.873064754029727,10.156440734863281,973700.0
10.22084210729239,10.407612355723062,10.04051236051106,10.285245895385742,1153100.0
10.034073068894394,10.529980700095777,9.982550277886473,10.368971824645996,1837100.0
10.433375414217917,10.77471343724639,10.323889331940807,10.716750144958496,1537300.0
10.826237183377167,11.367227140242683,10.639467513821389,11.315704345703125,784300.0
11.399425418968413,11.476708967861835,10.768269884872861,10.92283821105957,1761800.0
11.03876525950114,11.03876525950114,10.317446371506623,10.484895706176758,1294800.0
10.433377909775883,11.354347847569732,10.433377909775883,11.219100952148438,1348500.0
,,,,
11.381520186363007,11.879745068541682,11.142113024101747,11.847392082214355,727500.0
11.970333156142805,11.970333156142805,11.549754129917233,11.815042495727539,462600.0
12.035036801554195,12.035036801554195,10.792710398152336,11.064469337463379,1439500.0
11.064471045341447,11.582106612434393,11.064471045341447,11.530343055725098,927200.0
11.51739810028512,11.556221680755709,10.9609403557482,11.012703895568848,1465000.0
11.025649561378321,11.349172125022417,10.456249158245953,10.611539840698242,1873900.0
10.52095510150382,11.168000301590347,9.964495834504358,10.902711868286133,2578100.0
10.902709170743204,11.08388099209189,10.585657249242528,10.915650367736816,1138700.0
11.006236143774775,11.006236143774775,10.501540574461943,10.585657119750977,836400.0
10.676239260271442,11.485045264837462,10.475655716698277,11.4721040725708,1200300.0
11.620928993106299,12.119153998700373,11.400934802286875,12.067390441894531,1627000.0
12.099738810820407,12.494435317780038,11.827979932940952,12.339144706726074,1501400.0
12.43620240473878,12.43620240473878,11.873274038695193,12.306794166564941,1354500.0
,,,,
12.248837300946509,12.892144774633424,12.034401476384204,12.840160369873047,3709300.0
12.898640514949802,13.13256967195968,12.320312728189613,12.44377613067627,3662900.0
12.398295067069116,12.476272311254691,11.975921529530057,12.118878364562988,1637100.0
12.099388437129102,12.26833690885008,11.241643463849087,11.2676362991333,1568800.0
11.326115117549744,12.365804629389192,10.994714015934322,11.644519805908203,1757700.0
11.806971432472773,11.969422882430072,10.708799283727691,10.819266319274902,2296100.0
10.851754889836519,11.917435763063844,10.70229864784987,11.66401195526123,3056700.0
11.767984505821953,12.040903016241332,11.436583368926541,11.46257495880127,1910400.0
11.430078458947538,11.832957161302975,11.20914449724078,11.651012420654297,1493900.0
11.599027765528335,11.839455092835422,11.547043378050677,11.67050552368164,1523900.0
11.76148418009828,12.482767711045835,11.690005151856072,12.365803718566895,2355400.0
12.346307186095949,12.508758596439316,11.77447876702589,12.39829158782959,2434500.0
12.333312679621564,12.716698166365022,11.975920017460215,12.17086124420166,2173900.0
,,,,
11.947255359673708,12.241360996290673,10.110724106232512,10.195688247680664,5176400.0
10.293726958203576,10.836189979788335,10.091119994618635,10.712011337280273,2863900.0
10.777366848502268,11.12375932328818,10.659724074175521,11.012652397155762,1814100.0
10.993043021248475,11.202185142283797,10.659722298378915,10.810044288635254,2021600.0
10.836186027010413,11.136828749743946,10.529008704000026,11.045328140258789,1886600.0
10.829649679641651,11.143362835015548,10.339472406900464,10.58782958984375,1288300.0
10.653185622463738,10.770828368039934,10.221830343033837,10.280651092529297,1220500.0
10.23490331230923,10.424438535748559,9.587869338150085,10.300260543823242,2313800.0
10.23490280383604,10.247974498806537,9.62708270014779,9.960403442382812,1085100.0
10.019224310195064,10.071509840814667,9.555189758476564,9.574796676635742,1530100.0
9.535582840317385,10.051902922655488,9.489833156848405,9.574796676635742,2427700.0
9.620547794251827,9.986546539436745,9.47676226128281,9.940796852111816,1058200.0
9.999617441405501,10.143402962965649,9.424475978457613,9.450618743896484,2587200.0
,,,,
9.521002961132416,9.85680611995346,9.33005617771285,9.646105766296387,1910800.0
9.679027832078125,9.942403119251612,9.435406115298585,9.790962219238281,2278800.0
9.784378258082903,9.876559708081508,9.191784926771914,9.336641311645508,1451000.0
9.382730837929367,9.560509197319842,9.145693653343432,9.534171104431152,916000.0
9.547340804410824,9.65927519511111,9.283966136842352,9.323472023010254,1104000.0
9.790962358037055,10.297959369177379,9.41565330631767,10.238699913024902,1990600.0
10.324297508109659,10.818125504307229,10.212363112070095,10.646931648254395,1340300.0
10.614009718848994,10.91030574726403,10.482321757862666,10.73911190032959,1035700.0
10.837880973809261,10.91689402877326,10.436234940696156,10.660103797912598,1327400.0
10.660099073616292,11.009070000721284,10.60742414560784,10.916889190673828,567900.0
10.86421328069864,11.983556969542557,10.791784790282495,11.944049835205078,1272300.0
11.851873036998864,12.34570108020715,11.700432738490374,12.21401309967041,1321300.0
12.20084095878853,12.536644059217853,11.891374691560161,11.983556747436523,2716200.0
,,,,
11.988575624264463,12.703915982643977,11.79649287102514,12.319751739501953,2749900.0
12.31974766230151,12.597935557568633,12.068053190550383,12.412476539611816,743100.0
12.485341941121268,12.995353549367707,12.385989342156376,12.538330078125,1434100.0
12.518462652906923,12.63768631128444,12.266769245594432,12.438981056213379,746100.0
12.43897861257284,12.955612679599584,12.22040236959915,12.896000862121582,667000.0
12.975485059579844,13.836542769970723,12.823144293844656,13.790178298950195,1406000.0
13.949136379882221,14.72408847117215,13.836536460179017,14.21407699584961,2939100.0
14.27368772864619,14.565123016160038,13.737182863376933,14.36641788482666,1197300.0
13.803425475066158,14.074989884716068,13.094708539475562,13.757061004638672,1440300.0
13.757057721857144,14.187586468810714,13.293410601546057,13.717315673828125,872500.0
13.690823528444716,13.843164270232716,13.094706648547017,13.366271018981934,1403100.0
13.366274467936684,13.704074415154562,12.882757416626417,13.644462585449219,1075300.0
13.677576789330754,13.929271408468173,13.213930867943152,13.578224182128906,1051100.0
,,,,
13.618430839366326,14.017992571332195,13.431967766320023,13.864827156066895,732000.0
13.818209195724158,13.884803229015768,13.292117729913535,13.671703338623047,1513300.0
13.75161813686568,15.096813073650717,13.678365827558641,14.956965446472168,2157100.0
14.897036301381998,15.276620826505512,14.650638638135838,14.717232704162598,740000.0
14.857069695983654,15.210017133406593,14.357616422172603,14.843751907348633,1830700.0
14.917010682435883,15.32989279401918,14.384260799917996,14.730548858642578,1248900.0
14.72389260718001,15.982515278940166,14.670617607057258,15.915921211242676,1493600.0
15.85597861158004,16.515256879047968,15.256634847534249,15.30990982055664,1876200.0
15.170060467026955,15.296587708859617,14.384253819043801,14.877047538757324,1371400.0
15.010238945373208,15.483054183884988,14.390916574789715,15.476394653320312,1250700.0
15.476401956223945,15.995834153794735,15.216686492526641,15.802711486816406,1160300.0
15.816024933784517,15.869299914333393,15.15674657317627,15.416461944580078,3639500.0
15.50303560872407,15.52301293389333,13.918102609604453,14.610678672790527,2842300.0
,,,,
14.676103749246376,14.709595031564684,13.745032302603756,14.073251724243164,2172300.0
14.066555479709882,14.595726513390213,13.959381825882856,14.187126159667969,1281100.0
14.193821754156476,14.455057321942455,13.832109788658535,13.899093627929688,1620100.0
13.9794777760578,14.160332523701092,13.564178897060781,13.771827697753906,2107300.0
13.758429144824333,14.126838355901075,13.316336302877533,13.40341567993164,2071900.0
13.403423843060331,13.403423843060331,12.050354278398196,12.84745979309082,3541900.0
12.793868891952455,13.048406030423745,12.37187146230444,12.74028205871582,2603000.0
12.760371611840473,14.294296223067528,12.673293519082229,13.724935531616211,2555000.0
13.838807457140703,15.245462885684757,13.731633831881194,15.211970329284668,2314300.0
15.211974583229384,15.935398672448216,15.057912613537558,15.198578834533691,2110600.0
15.151692417322074,16.283714452139076,15.151692417322074,16.25022315979004,1491500.0
16.19663045159877,16.39088217647552,15.553587395293704,15.627269744873047,1009500.0
16.01578245759546,16.01578245759546,15.319153516675243,15.593786239624023,2011600.0
,,,,
15.725067285832338,16.12913778758805,15.610580665076633,15.95404052734375,1612800.0
15.947301890240833,16.50626553811394,15.650983424951358,16.39177894592285,1819700.0
16.391781340857396,17.940716605511735,16.230153413767738,17.88010597229004,2285700.0
17.819489771619374,18.055197573337423,14.351221869066919,14.654274940490723,4327000.0
14.39837041958296,15.145900849010346,14.337761059296119,14.36469841003418,1846200.0
14.209804223189366,15.334466484223663,14.07511362439895,15.206510543823242,2026100.0
15.213244967598905,15.650987480159893,15.152634327528414,15.422014236450195,1443700.0
15.428746218079745,15.79914336802574,15.260383643648927,15.68465805053711,1856100.0
15.785681821334604,16.519743050085783,15.624053837642377,16.432193756103516,1061100.0
16.539942001433932,16.937277853096845,16.081995509042457,16.88340187072754,857200.0
16.896868757213237,16.99788604906354,16.492798305307474,16.842992782592773,1185700.0
16.93054575321748,17.88684554816362,16.842997750326713,17.60399627685547,1267800.0
17.577048432836513,17.60398576976168,17.01135022786216,17.327871322631836,1220400.0
,,,,
17.562361857066268,17.968426982553712,17.122455819705618,17.6571102142334,1160000.0
17.711258602733416,19.085116723485726,17.663884407336788,18.523391723632812,1008000.0
18.814405929301373,19.220472513636313,18.30005638544055,18.333894729614258,2966800.0
18.00227572921631,19.39643655087432,17.74509964246811,18.936227798461914,2633300.0
19.09187998171389,19.484411910357778,18.922685719029364,19.173093795776367,3251400.0
19.267843530194725,19.96492440637759,17.284887715841286,17.399938583374023,4687200.0
17.42701048947894,18.604602499691257,16.885589320708867,17.880451202392578,3291100.0
17.575895989865465,18.88207564027211,17.311953406507477,18.212066650390625,3136700.0
18.35419272787704,18.62490326852574,17.94812627147916,18.04964256286621,2051400.0
17.934590469900836,18.516619101995932,17.86691251184448,18.029338836669922,1878000.0
18.06995182427584,18.090254314208128,16.47952514012646,16.526899337768555,2396000.0
16.25617842924726,17.16982733276468,15.03121153829572,17.068309783935547,2502800.0
16.899125211819193,17.359333886918954,16.066689615250503,16.147903442382812,2911900.0
,,,,
16.241654015017364,16.241654015017364,15.133032434433945,15.418689727783203,4499700.0
15.575116331825383,15.874376577160378,15.010603424293828,15.18743896484375,2564300.0
15.139832759707264,15.69074274729606,15.010606511714908,15.398283958435059,1634300.0
15.099027909468198,15.63633496636053,14.935794039335233,14.9970064163208,1837600.0
15.031004891332193,16.73134478181646,15.00379883040138,16.214441299438477,3233200.0
16.316468938053465,16.69734488547118,15.554717043218032,16.153236389160156,3699000.0
16.1192236022421,17.663131325153383,15.96279133745934,17.30946159362793,4346000.0
17.26865402176926,17.724345230521173,16.731347212878948,17.18703842163086,2856700.0
17.187039761692983,17.880778903242675,17.085019604937248,17.80596351623535,3114500.0
17.873979296977186,18.6833404180382,17.567917496739447,17.75835609436035,3600700.0
17.819562421238235,18.0644104812734,17.10541889489004,17.690336227416992,2184400.0
17.683538126443178,18.152832386107566,17.091819164496204,17.47269630432129,2493000.0
17.00340609463711,17.887582692655467,16.513708466124058,17.737953186035156,2828900.0
,,,,
18.052325119831437,18.408036280995507,17.443512739764184,17.63504981994629,2342800.0
17.614530863541873,17.744502524561184,17.060443073549852,17.197254180908203,1833900.0
17.17672654420553,17.97707584244154,17.128842610037967,17.765016555786133,1700200.0
17.83342629921789,18.086528822208237,17.327222557976807,18.02496337890625,2289300.0
18.12072765565265,18.53800417605543,17.361421542720215,17.59400177001953,5415900.0
17.744496684511635,17.936032432723263,16.472146106868443,16.6842041015625,3888000.0
16.745767683111907,17.532435444863673,16.13695545697399,16.21904182434082,3250000.0
16.35585815222095,16.403742095614938,13.968491294338243,15.049304962158203,7148900.0
15.295573518560559,15.480268624331984,13.50333674032754,13.681192398071289,3715800.0
13.831683864447548,14.62519285144414,13.681191230617184,14.283163070678711,1697300.0
14.638871869211197,15.48026467383512,14.337885347936842,15.42553997039795,2164100.0
15.541827245537542,15.747045823917096,14.563623516131548,14.659391403198242,2215300.0
14.79620725445301,15.042469106009296,14.166872426384744,14.926178932189941,2082300.0
,,,,
14.878431777054105,15.96625780244304,14.492872221651972,15.601353645324707,2094200.0
15.787241539654843,17.735688628975968,15.250213232752042,17.487829208374023,3847900.0
17.1780072254377,19.3605436001901,17.17112209522787,19.078258514404297,3873800.0
19.11268006694627,19.174644912342742,18.252058673333078,18.782201766967773,2195000.0
18.506807656194912,18.885481975691338,18.176329252899606,18.665163040161133,2190300.0
18.472377958240603,20.021496501819797,18.17632398202171,19.39496421813965,2069000.0
19.629053166496096,21.260790615287046,19.429388370160808,20.916542053222656,2252700.0
20.847698967206245,21.136867889208336,19.22973003012799,19.415624618530273,3288400.0
19.44316293270887,19.512012923006584,18.017973780324844,18.52057647705078,1968200.0
18.3897680944298,19.31235487455879,17.804546254089377,18.534353256225586,1572100.0
18.58253981421929,20.592951749580624,18.362220913884496,20.48967742919922,2164400.0
20.324432878309814,20.75130030650464,19.725439877399406,20.537866592407227,1858500.0
20.634264511040108,20.70311450669332,18.5825427824419,19.153995513916016,1502300.0
,,,,
19.14904330194113,19.245894976257116,18.007572427841662,19.024518966674805,1843100.0
19.197472044238935,19.737077138882693,18.94842333601792,19.183635711669922,770000.0
19.093692130138184,19.48801816408104,17.267338097843663,17.36419105529785,1633300.0
17.398779124420813,17.855367265233905,16.37491488862809,16.589372634887695,2157200.0
16.610132785651384,16.9352785969618,14.92213892969944,15.3579740524292,3872400.0
14.610829548420389,17.295015350187274,14.527812894157309,16.457937240600586,4479700.0
16.42334348112012,17.806944461698105,16.17429488237457,17.74468231201172,3363900.0
17.786193068743113,17.786193068743113,16.195052191844873,17.018295288085938,2582200.0
17.108223812601242,17.530222484695603,16.50635819517622,17.274255752563477,2424800.0
17.412616872812563,18.33962955440962,16.962946857292703,18.208187103271484,2280800.0
18.118250940788627,20.276667222963578,18.118250940788627,19.930767059326172,3831200.0
20.40811164762641,20.781684494199375,19.70247492821383,20.318178176879883,5070900.0
20.338933311317152,20.345851474275133,17.889960362892502,18.37421989440918,5325400.0
,,,,
18.06708844951066,19.38093171395908,17.865494075629307,18.84566307067871,2624300.0
19.075059170405428,19.728504107562735,18.07403530531942,18.275630950927734,2400200.0
18.26172595280669,19.457392323273485,17.663892104621684,18.810897827148438,2609400.0
18.66491749394322,19.227992837971396,17.156430648116967,18.275630950927734,2884600.0
18.275633647245805,19.1098192196373,17.962813228909294,19.05420684814453,2065200.0
19.24884955539596,19.339219155961562,17.093867980325665,18.087940216064453,3060700.0
17.914149900892475,18.039278049586546,16.19711570077345,17.149478912353516,4707800.0
17.17033076659988,19.80496779354099,16.50993291946024,19.068103790283203,4979200.0
19.05420414889252,19.241896373305615,18.44941986032143,18.915172576904297,1897600.0
18.873470508340617,20.47232886480737,18.240879144655853,19.853639602661133,3493600.0
20.089987552420318,20.089987552420318,19.32531647065273,19.91619873046875,1747000.0
19.672890900470907,20.444513568160087,19.339216735055203,19.83972930908203,2791100.0
19.860585831158794,21.035398607493406,19.61032950992922,20.298534393310547,3207300.0
,,,,
20.54991961724728,23.2060325109984,20.542929688596182,21.416650772094727,5512800.0
20.57787632949393,21.507515373372282,18.984208825762874,19.068086624145508,4013100.0
19.15196770213569,19.892882877998694,18.15942040371092,18.313196182250977,3807600.0
18.66966825232614,18.690638034662793,16.964165951381844,17.69110107421875,3602000.0
17.795949541826925,18.508906231997152,17.243758536595674,17.816919326782227,3532700.0
17.719060249894063,20.06762113992049,17.593244226051304,19.599308013916016,2978500.0
19.487471973170734,19.70415573412846,18.67665901779817,19.012168884277344,2391200.0
18.914315666379185,18.914315666379185,17.642177845979553,18.19437026977539,2282400.0
18.110490927829215,18.998191889007153,17.306667779197287,17.74702262878418,2193700.0
17.747024120580885,18.501919164180265,17.509371853781754,18.19437026977539,1575100.0
18.16640924250474,18.299215225128137,17.50937059147558,17.628196716308594,1108000.0
17.754012971533317,17.754012971533317,16.600701354589813,16.831363677978516,2416200.0
17.152890934475035,17.3555935087544,15.747947437408376,17.09697151184082,4759300.0
,,,,
17.025236241305294,17.053376428999144,14.499591663734343,16.01919937133789,4190700.0
16.019203364918766,16.567949909440014,14.281502395635298,14.949849128723145,2304000.0
14.752865783439537,14.809147527634408,12.459382359238965,12.494559288024902,2342700.0
12.353851494659674,13.303606889741395,9.019155877459546,9.9266996383667,4300000.0
10.109614195936258,12.353849776987483,8.857344835287742,9.427197456359863,3596900.0
9.504586950674502,10.19403852010481,7.738745720663302,8.181964874267578,4203600.0
8.013117509260663,8.519652972877115,7.091503199940362,8.294526100158691,4500600.0
8.301561952073776,8.744781010998143,7.7950257888843515,8.660358428955078,3592500.0
8.653326055887357,9.230214235969422,7.675429632956607,8.688502311706543,3319900.0
8.674429897391004,8.674429897391004,6.015115793684202,6.458334922790527,3592100.0
6.570896349468466,7.6191440900251335,6.17692368856432,7.478439807891846,2687800.0
7.112610798150898,7.562865348825511,6.352806705152692,6.669391632080078,3483000.0
6.451301387617527,7.773923769962754,6.359843381978984,7.54176139831543,3419800.0
7.548793248946842,7.9498013785692105,7.1899974195062075,7.457335948944092,2580400.0
7.645268090217968,7.930805373948731,7.259792416794145,7.652406692504883,1321200.0
7.716652460290246,8.366250266841062,7.623852676386621,8.294865608215332,1581700.0
8.330558263802947,8.58754181952639,7.109885182761075,7.338315010070801,2187700.0
7.423974035361867,7.481081475574313,6.360347110437074,6.774376392364502,1577300.0
6.810070045174906,7.067053576413282,6.017703646609023,6.310379505157471,1716200.0
6.381762923991354,6.617331991440949,5.275305298640383,5.546566009521484,3017800.0
5.4180733982492315,5.4180733982492315,4.218815851538914,4.375861644744873,3434700.0
4.875552805611907,5.582258302009038,4.525769528084718,5.218197822570801,5206500.0
5.118260133598778,5.203921308460428,4.675677056426331,4.875553131103516,1820000.0
4.968353150934458,5.546566620174167,4.561462039815877,5.225337028503418,3047500.0
5.068290076573601,5.139674376730684,4.076047453422164,4.240231513977051,4012100.0
4.218817610428312,5.03973821611239,4.168848752074053,4.868415832519531,3165700.0
,,,,
5.0531478665562615,5.498584404024937,4.899800867562091,5.301424026489258,3021500.0
5.476678358408626,5.980532460968127,5.337935798211867,5.783372402191162,4714200.0
5.681139372905125,6.440571488944908,5.381747480593884,6.316433429718018,3015500.0
6.192295370491127,6.316433429718018,5.841788400717869,6.316433429718018,1660600.0
6.214201766716812,7.6600438727728015,6.038948304721302,7.579719543457031,3253900.0
7.448281778702403,7.484793103853982,6.76187179071425,7.280330657958984,4801400.0
7.141584930869477,8.638543097552771,6.871402346076154,8.412174224853516,3452000.0
8.514408338796951,9.638952823234366,8.441386385706176,9.20081901550293,3770000.0
9.149698828539822,9.492904014836116,8.134688768031099,8.382964134216309,3474000.0
8.536314437545027,9.040169162285462,7.791486652635797,8.105483055114746,3163300.0
8.105483078189494,9.164307268591942,7.9521360784487545,8.748079299926758,3685700.0
9.010962019570938,9.471003108173512,8.696965555192428,9.412585258483887,3267200.0
9.383373020715549,10.559032701131736,9.135096898993948,10.274245262145996,3404200.0
,,,,
10.136379131465612,10.239736495323443,9.228313428092264,9.634359359741211,3551800.0
9.324286493276977,9.479322162440798,8.726291568198151,9.220929145812988,2659300.0
9.361198186601763,9.390728751377054,8.888708446132911,9.043744087219238,1518600.0
9.065895606842373,9.26522753006,8.681998105034914,9.073278427124023,2165500.0
9.073278207466528,10.468599524016723,8.770589623891626,10.35047721862793,1873000.0
10.387392228453038,12.284733766204742,10.151147564968989,12.20352554321289,3156900.0
12.28473228769036,12.73507450333722,11.081360649850373,12.122314453125,3840300.0
12.35855730186675,12.794133812832289,12.255200641003366,12.594801902770996,1579900.0
12.461913565915124,12.912255702129508,11.694118637424621,12.01157283782959,1485900.0
11.723647847134853,12.432382248857959,11.073974586883311,12.380703926086426,939300.0
12.631717261447054,13.613609861955608,12.277348916622234,13.39951229095459,2525900.0
13.296154785718889,13.81293951728352,12.321645066871753,13.790792465209961,2284500.0
14.027042414677725,15.031083796013986,13.842476067116175,14.270669937133789,1833100.0
14.049189147644851,15.282092253365692,13.525020053099691,13.591464042663574,3147300.0
13.448286510503756,14.103212171457296,12.838015839736652,13.314324378967285,2588400.0
13.321768032442009,13.604577316765726,12.101226585076502,12.302169799804688,2051400.0
12.398919158062505,14.192520211645189,12.205418446867457,14.036231994628906,1651600.0
14.25205653874133,14.363691164677013,13.731094477871052,13.98413372039795,1066600.0
14.103214088934546,14.408349465804397,13.612020486192272,13.745981216430664,1899800.0
13.67899671391294,14.162749115573284,12.465898009784532,12.763590812683105,2889700.0
12.785923957824707,13.165482981638684,12.465903520912223,12.785923957824707,1084800.0
12.830571002091396,13.95436249902052,12.830571002091396,13.47805404663086,763900.0
13.492940868607581,13.567364437083477,13.024074800378997,13.091055870056152,938800.0
13.41107555460258,13.835288028475995,12.919882014379526,13.559921264648438,753500.0
13.478054079708741,15.055826541877252,13.195244870774937,14.35624885559082,1527400.0
14.400904655456543,15.063271379025991,14.229731455805554,14.400904655456543,908300.0
14.527423996249276,15.130252141870567,14.051114058667896,14.05855655670166,821100.0
,,,,
14.154763354396753,15.13742003749809,14.132259241993447,14.777362823486328,557000.0
14.814868154646538,15.324949920028747,14.604834065742047,14.619836807250977,478400.0
14.822367333923893,16.50263550451276,14.822367333923893,16.165081024169922,1333400.0
17.170244903210296,18.955531154808938,16.900202698744632,18.182907104492188,2678200.0
18.31792844174716,19.630638297312505,17.06522812234948,17.42528533935547,2673700.0
16.907706925665547,17.74784059594952,16.50264140443756,16.742679595947266,2443300.0
16.87769547796608,18.272918761981398,16.412620573047647,16.982711791992188,2455900.0
16.982717053457442,17.207753921326972,16.03756564218242,16.53264617919922,2194900.0
16.645160770480288,17.125237042554154,16.36011441088132,17.065227508544922,1180700.0
17.245250835391314,18.10788815942789,16.907697846371633,17.81534194946289,1615500.0
17.96536521487336,19.353085347474504,17.687820329909364,19.22556495666504,1033900.0
19.278083472353376,20.00569931577153,18.918024805534444,19.608135223388672,1515000.0
19.533122491270724,20.09571240499525,18.43044534469697,18.52796173095703,1066500.0
18.45737126723025,18.879945005736744,18.04234508182192,18.41209602355957,2151400.0
18.608296173735894,19.44589634560358,18.223452890425726,19.113874435424805,1443700.0
19.242155634577824,19.679820293401164,18.26872824691802,18.721485137939453,1603800.0
18.68375663727097,18.68375663727097,17.936708389147388,18.28382110595703,2678800.0
18.072537450220633,18.879953272367853,17.77824463931931,18.71394157409668,1466700.0
18.74412148570769,18.819581199369985,17.12929023399646,17.49149513244629,2384600.0
17.755603905546003,18.095170467579905,15.18998220515989,15.718198776245117,3107600.0
16.548248057684994,17.54431199211477,15.869113687780503,16.427513122558594,2516100.0
16.457702021989324,16.646350605494437,14.669314256354543,15.838934898376465,2260800.0
15.710650457421808,16.186045592582225,14.752315511929428,15.884206771850586,1872000.0
15.77856455082651,15.95212087078438,15.008878124133947,15.122068405151367,1981800.0
15.265447886862265,16.4426164586009,15.001339498102638,16.10304832458496,1700400.0
16.072860657184645,17.144384796948597,16.05776986255178,16.525617599487305,1131800.0
16.81375345784559,17.018983516092348,16.038435393964253,16.494504928588867,1125200.0
16.5021023412664,16.547710302778157,14.617016759593204,15.019878387451172,1482900.0
15.301123327893473,16.053638897122394,14.981874781792014,15.779996871948242,1069200.0
15.673576533917673,15.673576533917673,15.209905784016911,15.536755561828613,2160500.0
15.574768900893964,17.543468475341797,15.445549187326929,17.543468475341797,1496800.0
17.619479385490447,18.105952893004563,16.722542768657238,17.049392700195312,1563300.0
17.254616233260986,17.931118321370686,17.224210928273937,17.779094696044922,2379100.0
17.90071914490895,17.90071914490895,16.0688409366113,16.35008430480957,2035000.0
16.33488127568061,16.67693381708923,15.369534280865345,16.06123924255371,1243500.0
16.167649544997296,16.190452071561065,14.9970715212374,15.665973663330078,1124600.0
15.559554502030146,17.893108915936008,15.354324541034925,17.589061737060547,1929600.0
17.39903201924433,18.303569282113358,17.18620074548996,18.067934036254883,1134700.0
18.174359399639943,18.71404209649523,18.105948896520186,18.501209259033203,978300.0
,,,,
18.62046999069477,19.03357743785013,17.99315776332694,18.39861488342285,1050600.0
18.345067389895416,19.041231228271073,18.146163227623664,18.980030059814453,1811000.0
19.018279077884344,20.173452249866735,18.804074288267156,20.081649780273438,1912600.0
20.02044801081022,20.915515860706996,20.02044801081022,20.62480926513672,2075800.0
20.70130749731668,21.21386765534784,20.028094874111048,20.663057327270508,1691700.0
20.861964902771476,21.848833754310952,20.41060581698847,21.24447250366211,2238800.0
21.489276187856582,22.514396629804256,21.343922897360844,22.437894821166992,2024100.0
22.346088858761103,23.011652592757954,21.60402478726036,21.72642707824707,1939300.0
21.74937748476541,22.927499869412216,20.777808048774293,22.87394905090332,1211200.0
22.98105609783944,23.325312044214954,22.254291112462322,22.751550674438477,1184800.0
22.567944789848756,23.715467406281746,22.18543725103776,23.638965606689453,1191700.0
23.172309857006717,23.256460532239814,22.185439601908822,22.958105087280273,1622400.0
22.981057849475764,23.92202621743447,22.919855231250096,23.080509185791016,1302500.0
,,,,
23.28186307370588,23.827771300003878,23.07426355108552,23.3203067779541,781200.0
23.28955570067196,23.62786445653948,23.074267110683373,23.37413215637207,642200.0
23.512521901809112,23.63554348212138,22.205415777825124,22.313060760498047,1590700.0
22.1592884029375,23.274173393592967,21.8671124457735,22.75901985168457,1559500.0
22.989686464206542,24.18146040346253,22.374578375033582,22.63599967956543,2467000.0
22.520665659500352,23.074262904440364,21.136670347350417,21.19818115234375,4276300.0
21.082848507172965,22.266931866045685,20.55231689926163,21.82097816467285,3231500.0
21.844045875011837,22.4591539400658,21.64413538723597,22.259244918823242,1416300.0
22.120851722680904,22.536049421681724,21.913252139913627,22.29769515991211,1319400.0
21.959378268042414,22.213110526046407,21.54418069427829,22.074710845947266,1001600.0
22.2669337595147,22.981997842606493,21.705647434745178,22.889732360839844,2251200.0
22.928179590375706,23.304933542971828,21.321207781762133,21.828672409057617,2546500.0
21.6672036417757,22.482222237944015,20.69071825336143,22.320756912231445,1621800.0
,,,,
22.782620331687284,23.55569874575305,22.736236039711752,23.354698181152344,1345700.0
23.269663017423003,24.638012308813742,23.269663017423003,24.40608787536621,1507000.0
24.529780863487932,24.869934347544564,24.04274204909352,24.537511825561523,1040800.0
24.73851152782992,24.73851152782992,24.143240740304268,24.661203384399414,1210200.0
24.591630927613807,26.068212474698075,24.21282257400618,25.898134231567383,861600.0
25.95224618974507,26.98044205707076,24.90085891006365,24.970436096191406,1443300.0
24.916319229106772,24.985896410751142,23.563431879735393,23.857202529907227,1628300.0
23.78762174473641,24.599353441579986,23.362427757484564,23.432004928588867,1197700.0
23.37789782885134,24.0040911125666,22.844473155929943,23.648475646972656,896900.0
23.26966463480447,24.10458940928141,22.798086247760818,23.934511184692383,1054700.0
24.35970191177837,24.84674068199324,23.97316269034335,24.042739868164062,1363300.0
23.895855607101094,24.0659323412173,22.519775387153018,22.55069923400879,1254600.0
22.59708330473874,23.663932418156225,21.839466758678885,22.164159774780273,1045800.0
,,,,
22.155969282638527,23.423580861647388,22.054872145542955,22.467039108276367,887900.0
22.3892717882297,24.84672552857732,22.280396241529683,24.78451156616211,1121300.0
24.73007815191012,25.274451547797334,24.349017368108342,24.870059967041016,515000.0
24.465664381419366,24.613423104681324,23.726873731705425,24.030166625976562,834800.0
23.85129955459461,24.99448161786975,23.198052237495162,24.753402709960938,917200.0
24.61342644377673,24.63675724007727,22.70812257817681,23.0502986907959,1360200.0
23.470239470362966,23.493568778739263,19.084151499878473,19.86960220336914,1807600.0
19.068599399844043,20.49174519084859,17.606568952458076,19.791837692260742,3543400.0
20.04069213411421,20.219557090849467,18.275368909037017,18.345359802246094,751500.0
18.8819627551508,18.928622872498988,17.43548576767143,18.687543869018555,1263000.0
19.014160487955877,20.429529208020405,18.81974167512728,19.418550491333008,1249400.0
18.695312775926517,19.612968278519364,17.847646677657934,18.049840927124023,698000.0
17.738779061793352,18.975283317617063,17.39660288426486,18.92862319946289,1478900.0
,,,,
18.6516590996961,18.933667029581375,15.674914373173136,16.419099807739258,1592500.0
16.497439240693254,17.938811106313416,16.02742641596849,16.325101852416992,1513400.0
16.27026374240065,18.471488172792895,15.27540375465998,17.609798431396484,2026500.0
17.962304412969914,19.552511807056046,17.891802445395474,19.28617286682129,1166800.0
19.12167587042929,19.952030902681667,18.165984285917293,19.623022079467773,1379400.0
19.529021640100485,21.36990442157557,18.643830503220414,20.829389572143555,1959300.0
20.625714375150437,20.657049257824273,18.925835837460195,19.513351440429688,2037300.0
19.52902179772165,19.654358358872617,18.103317294032184,18.871004104614258,1592100.0
18.596828077721515,18.97283772601199,17.578468240069107,18.400989532470703,3793400.0
18.142477031230175,18.4401523635076,17.249454022656007,17.265121459960938,782300.0
17.95447514169071,19.779690044442404,17.547130671293342,18.996335983276367,962600.0
19.37235244672216,19.615193367608743,17.633306351863425,18.19732093811035,1372100.0
17.94665073257694,18.08765477580097,17.053627117664853,17.30430030822754,1438800.0
,,,,
,,,,
17.57293911232831,18.400274518456193,17.238822511291435,18.137754440307617,1334600.0
18.097985398502136,18.265042996941038,17.366110763452085,18.153671264648438,947400.0
18.694620499004987,19.02873718138237,18.47983087804969,18.5355167388916,975300.0
18.567332650888375,20.412928443610966,18.43209494966342,20.086767196655273,2005100.0
20.842512347820346,22.52104947532421,20.778871151289287,22.059650421142578,2677500.0
22.242619494295855,22.664243385239338,21.463014428620017,22.003965377807617,1681500.0
21.614164729599036,23.268837562219375,21.47097164029014,23.11768913269043,1687300.0
22.998364519983376,23.83365560704938,22.83130690950064,23.69046401977539,1624000.0
23.86547288338701,24.127993024411232,23.483625681411034,24.056396484375,1409900.0
24.072300647502782,24.756444503842197,23.873421760643698,24.74053382873535,786200.0
24.509839863071477,25.416728850978746,24.279141084294583,25.13829803466797,1327300.0
25.066695061812663,25.249663273419024,23.356336939653286,25.011009216308594,1907600.0
24.907594631034065,26.46680609744793,24.843953439588134,25.909944534301758,2423800.0
,,,,
26.061718974331423,27.485156462625035,25.557916865897123,25.693864822387695,1890700.0
25.925770672564266,26.25364425427659,25.070110005537593,25.93376922607422,1527700.0
25.941767824151956,26.621501577542706,25.09410255894562,25.190065383911133,1643500.0
24.822213962053876,25.98175739379456,23.95055751204799,25.38199234008789,2460900.0
25.485946618178268,26.597506100463715,24.582302245975548,25.24604034423828,1791900.0
24.798222882596125,28.380811519847725,24.542324021066197,28.276851654052734,2665000.0
28.300836985666336,28.40479683591058,27.229259519342605,27.261247634887695,2396200.0
27.197271067672112,27.197271067672112,24.486342370376097,25.062114715576172,3316600.0
24.69426466299096,24.894185852548222,22.127277321208968,22.335195541381836,2536000.0
22.375170326716734,23.398766961833708,22.03130577252599,23.006921768188477,1633500.0
23.094890128555544,23.574701184296824,21.35957451923073,21.479528427124023,1764800.0
21.487525867424853,24.494338620383584,21.255616601353225,23.510726928710938,2467800.0
23.718641745552326,23.934556922955483,22.39916264799487,23.134872436523438,2210400.0
,,,,
22.97404468004076,24.39030825187041,22.563651526319052,23.207406997680664,1475100.0
22.86943886242745,22.982095705275697,20.568009976806227,22.4027156829834,3337100.0
22.217634940985324,23.35225504906682,21.919897041955224,22.71654510498047,625500.0
22.684361803743904,23.247647614371846,21.88771361047636,22.740690231323242,1016600.0
22.692402661696438,24.156947512822562,22.418806202163633,23.601707458496094,1044800.0
22.966004370052215,23.529290153542995,21.123251414679622,22.442951202392578,1904000.0
22.370524714041156,22.732638148031985,20.81746435283457,22.040599822998047,2620300.0
22.113025339292246,23.585617601225074,22.032555506460547,23.159130096435547,1373300.0
23.159131443187647,23.601713247247456,22.483187263828835,23.58561897277832,735100.0
23.472964628478408,23.987969187826156,23.10280395032122,23.529293060302734,1213800.0
23.754601920280443,24.004056994629,23.16717481123884,23.98796272277832,1459000.0
23.867256175003007,24.140852627568847,22.80505890496343,24.068429946899414,859000.0
23.88335674253813,24.237423104187485,22.877487617834433,23.6258544921875,1646000.0
,,,,
23.66977647087965,24.1799367408843,22.26886291970807,22.81951141357422,1639800.0
22.722340291897204,23.45923717685864,21.49957693856428,23.111034393310547,2367500.0
23.232503788844017,23.888422761000502,22.88429941333899,23.564512252807617,1645800.0
23.410651063956667,23.815539531399054,23.175816555994086,23.653583526611328,1204300.0
23.72645966647479,24.228521963003626,23.443039021567124,23.548309326171875,894600.0
23.54021942139524,23.95320591671253,22.835714228139484,23.73456573486328,1839900.0
24.00178525074608,25.094984303097547,24.00178525074608,25.022104263305664,754900.0
25.022108943382396,25.119282862789007,23.823639356354132,24.0098876953125,1042700.0
24.074670545838398,24.50385292446345,23.062449266132507,23.22440528869629,935700.0
23.56450830866646,24.269013353002617,23.35396612744908,24.20423126220703,426600.0
24.10706101585852,24.746784025592813,23.91271472640024,24.487655639648438,505000.0
24.698199449562427,25.718518694133504,24.552439336834112,25.402706146240234,1211500.0
25.394604431878424,26.228673661995973,25.151670431779355,25.864274978637695,999800.0
,,,,
26.103836880050842,26.103836880050842,25.15090421645477,25.525562286376953,953800.0
25.46041404688371,25.810637518729582,25.077612478357157,25.444124221801758,462700.0
25.45226498084807,27.54545900431574,25.403397067060077,26.93460464477539,1098000.0
26.845012089328414,27.749077035679925,25.90836905171644,26.771709442138672,1376300.0
26.331897072329753,26.584381555572907,25.737330974450394,26.30746078491211,1083700.0
26.2830285918612,28.742735974968475,26.03054099216661,28.7264461517334,1483000.0
28.571696616646463,29.74453589096755,27.561749355756582,28.5228271484375,2963300.0
28.482101818891145,28.50653499751712,27.643193104798936,28.017852783203125,1520600.0
28.04228302223106,28.856755365352576,27.635046850670303,28.840465545654297,1879300.0
28.490250717507326,29.125538341073057,27.94455557561704,28.66128921508789,1495100.0
28.612422754476174,30.74634005524741,28.400658142671332,30.501998901367188,2664100.0
30.436831898672573,31.813292206075477,30.143621345451468,31.715553283691406,2442600.0
31.813301050926068,32.53003470588485,31.59339307487062,32.025062561035156,2078400.0
,,,,
32.551776756053044,34.106538631479715,32.25719003257869,33.27187728881836,4142100.0
33.214597159800995,33.61556311931611,32.91182885662508,33.24732971191406,1550400.0
33.378261896135584,33.427357610254795,31.59437811367375,32.13445281982422,2332900.0
32.08535764933215,33.451912410142775,31.839869686048157,32.658164978027344,2027700.0
32.19174293573759,32.379950513528414,30.465139047094272,30.923385620117188,4036900.0
31.046128166364007,37.56794388434972,30.72699344116385,34.52388381958008,4677400.0
34.69571195024375,35.3339811010481,33.77103765420948,35.03939437866211,2283600.0
35.04758129247805,37.30607443760095,34.88392164508117,36.89692687988281,2451900.0
36.8314564851911,37.232422407677845,36.258652483849595,37.06058120727539,1734500.0
36.921479259805515,37.64157992368348,35.38308650174382,35.95589065551758,1997600.0
36.35685528389432,36.635075771385516,35.54674167805136,36.16864776611328,969300.0
36.28321811800034,36.356864828775315,34.28657846811671,34.90848159790039,1835500.0
35.243969636237196,36.4877785603159,34.67934714213258,35.644935607910156,1630800.0
,,,,
35.934271844293086,36.509746981184925,34.0680898437328,34.56135559082031,1701800.0
33.78036096873381,35.473901726276864,32.99935905650466,35.21904754638672,1777800.0
35.21904766330671,36.19735341036684,34.78333215903346,35.39168930053711,1109400.0
35.432788793346845,37.57848725393082,35.31769438545286,37.405845642089844,1094700.0
37.32363707597233,38.20329079709072,36.764604394278166,37.3400764465332,1559700.0
37.51272097630764,38.902079850953314,35.5807687937396,37.80045700073242,2225900.0
37.70180297721913,40.447638695074026,37.16743252066823,39.54331970214844,3143900.0
39.543336645142084,40.069487642361516,38.91853684407142,39.822853088378906,1494600.0
39.75707386084738,40.579180423276526,38.885639775680936,39.280250549316406,1917800.0
39.247373449581275,39.78174089858004,37.644264830408915,38.3101692199707,1345700.0
38.32660578346112,39.15693514001723,37.84978562392831,38.21973419189453,1631100.0
38.770537519064504,40.35720311460584,38.49924403908574,40.20100402832031,2533800.0
40.24211532952337,41.77123397933188,40.10235558845362,41.393062591552734,1721800.0
,,,,
42.25079306603025,43.340283893329115,41.36764524615229,41.516212463378906,1946800.0
41.73907786117783,42.5066743686507,40.9054532055216,41.92891311645508,1908200.0
41.532721093370846,43.4310761690293,41.43367732946588,43.24949645996094,1565800.0
42.770787644444276,44.999293239805276,42.646980553601125,44.97453308105469,3317200.0
44.95801151628496,45.68433657167025,44.75166852698465,45.511009216308594,2245200.0
45.76687719757422,47.18651487075219,45.58529435334158,46.90589141845703,2581300.0
46.79033963942634,49.03535258737853,45.30467060268217,48.46584701538086,4459700.0
48.705211743813564,50.24040452719885,47.756035610596086,49.885494232177734,2593500.0
49.959773733065674,53.61617249974949,49.11789378749848,53.21999740600586,5257800.0
53.418095513104134,53.781261335071385,51.5445000405994,52.708274841308594,3869000.0
53.10443853741685,53.12094950598776,49.01059677581035,50.67784881591797,7074600.0
49.959778051093906,50.33945165441222,46.31988679014407,48.07793045043945,6469500.0
47.76428431079563,48.68044787942458,46.154808026599774,46.22909164428711,3378500.0
,,,,
46.69142460891847,48.80359596577592,45.64776454590657,48.34803009033203,3586800.0
48.530261870895934,48.72905593601139,47.66054455043031,48.182373046875,1341600.0
48.17407569911101,49.22602030624179,47.41203887741065,47.80962371826172,1717800.0
47.90073073966352,49.43308896155235,46.351802930390036,48.79529571533203,2912200.0
48.63793370019348,50.526462773058434,48.00842190275588,49.82240676879883,2962800.0
50.20343066219146,50.20343066219146,46.40152087701751,46.51748275756836,3455400.0
46.534032293689336,52.033960103399785,45.22531289477517,49.63188171386719,8584400.0
48.84500459246122,50.286249325161975,48.28175858022398,50.23655319213867,5598100.0
50.203431190282004,53.15218701721906,49.756146937974364,52.51439666748047,3007400.0
52.696614631337816,53.83967319308288,52.47297253275352,53.69057846069336,2359200.0
53.83966626579712,58.37876706383947,53.442078257431476,58.254520416259766,5008100.0
57.40965005729446,60.82225897733387,57.16944154967411,58.83433151245117,4748700.0
59.157366131826876,59.45555555300091,55.04898627497525,55.877288818359375,3635600.0
,,,,
56.1822173722704,56.45635954820587,54.338003745518506,55.15211486816406,3974100.0
55.2351820837725,55.2351820837725,52.38578387674509,52.884220123291016,4470300.0
53.000515927395085,57.28707795511466,50.6163242985556,55.459476470947266,5998200.0
55.26841143101171,56.40651269133029,52.46885497667675,52.85929870605469,3452200.0
52.90915052818901,53.856184637812156,50.873866180203656,52.4937858581543,3318600.0
52.992226632393766,52.992226632393766,49.75238086095797,51.148006439208984,4312700.0
51.27260471012258,53.573721691965254,49.27885346083059,49.78559875488281,8226400.0
49.619442861835495,51.67134450889106,49.17915750526911,50.42525100708008,3573100.0
50.78248143283404,52.24456356146821,49.02964215676317,50.00990295410156,2981200.0
49.760668865150265,50.4418663984432,47.3100176568502,49.61113739013672,7015800.0
49.41176753487069,49.41176753487069,47.26848805931932,47.43463134765625,3870200.0
47.50939862882487,48.71395652203696,47.17710887244304,48.605960845947266,4429300.0
48.49797219691103,51.42213939818525,48.090913489409544,50.6329460144043,5306900.0
,,,,
50.88715533950836,51.9966636965364,50.62854733888343,51.41271209716797,3022800.0
51.76306072611499,53.656729912066396,50.58681723501413,51.746376037597656,5559800.0
51.662977607144136,53.29803958538009,51.320949303714364,53.006065368652344,1884000.0
52.76413647587094,54.59940824225119,51.22083889533848,51.59623336791992,4594600.0
52.27194032298179,55.37521965400491,52.238570941009215,55.07490158081055,3622900.0
54.99983507043836,56.301209377063486,54.3408039790023,54.63277816772461,3483400.0
54.79962064067974,56.151045736771245,52.03836606867285,52.21355056762695,5607100.0
51.97162815199003,53.08947711678552,51.05399231948797,51.42938995361328,2773100.0
51.78809283415077,56.217774509450024,51.02895377579522,55.14163589477539,4050600.0
55.33351632643202,57.03531673121385,55.23340817395335,56.392967224121094,3015400.0
56.534773488322074,57.10204020116521,55.033189623425486,55.742271423339844,2238300.0
55.5337240833963,58.43679674554427,55.5337240833963,57.761077880859375,3009100.0
57.660986927821064,58.59530436481749,56.2845298584629,57.969642639160156,3728200.0
,,,,
58.247753092228535,59.35292797570145,57.20118572576781,57.79563522338867,2569300.0
57.795651703176716,58.549181699437206,56.087652507566986,58.14729690551758,2314300.0
57.737028440827544,58.16402972034252,53.06515331833017,54.97409439086914,4154700.0
55.01594430272291,56.263450627885696,49.35611023902326,50.051029205322266,6419600.0
50.11801353955175,50.11801353955175,43.838609969321304,47.011802673339844,12717300.0
47.17089309435685,49.247282745830965,45.697327378232565,47.790462493896484,4713200.0
47.43880330315846,50.11801627830595,46.19966798085011,49.68264389038086,6129500.0
49.88358883527639,50.118018904957,45.93174940997389,48.33466720581055,4943500.0
48.259317802002286,48.78678869172673,46.56806441748344,47.99977111816406,2570100.0
47.88255024583688,50.75433142960339,47.087161581736545,49.0965690612793,3930900.0
49.13005959302976,50.176626978372305,42.247831444978765,43.25253677368164,3367200.0
42.917637918016524,43.34463923945355,41.77897517988228,42.28132629394531,7024800.0
42.00502051116672,42.00502051116672,36.855911692547764,36.89777374267578,7948200.0
35.60841592782751,39.878413763367504,35.432593332976985,39.61049270629883,6953500.0
39.61753756123817,39.64280066248731,38.20292595077152,38.81760787963867,2733900.0
39.08705683471215,39.533335213237656,37.99241775525476,38.32923126220703,2502300.0
38.2029202773913,40.36693825768026,36.156786045119446,39.79435729980469,5101900.0
39.651212342667726,39.87013883709212,36.73778787973912,38.97758865356445,4921200.0
38.884973225940485,40.11433712664306,37.546144448243574,39.154422760009766,3578300.0
39.13758249425626,40.50167118749372,35.63473527378162,37.133548736572266,6378300.0
37.882961114556444,42.91830411682246,37.48720567327109,42.52254867553711,7351200.0
42.66567608821393,44.95599965710625,41.37737068675743,44.770751953125,4061100.0
44.45079813441468,44.694987790246074,42.42150442607197,43.75191116333008,2478500.0
43.583504729079856,46.050654773474434,42.73305519178549,45.72226333618164,4251600.0
45.5622689963146,47.136865067212725,44.30764218955982,45.67173385620117,4862800.0
46.04223549005816,48.206253970271554,42.89303949422563,43.66770935058594,4995600.0
,,,,
43.87122663648259,45.00480646091804,42.99143266559432,44.0657958984375,2684400.0
44.218069968252344,45.73233025202603,43.92198377042413,44.649505615234375,2732800.0
44.649508766677236,46.04533596066457,43.98120669591255,44.099639892578125,2011600.0
45.24167398917262,47.85567512467131,44.51415215714106,47.05201721191406,3056700.0
46.99280762782683,49.90289538999568,46.53599107533808,47.0181884765625,2998800.0
46.95050647412581,49.19228870470637,46.05379293648109,49.03155517578125,2951600.0
49.28534850558355,51.71324225176303,48.82853515039712,51.518672943115234,4813900.0
51.679392363951415,51.94163958221389,48.34633074282621,49.44607162475586,3724000.0
49.57296345739755,50.5881101386098,48.101003512642784,49.53066635131836,2952300.0
49.386854096028706,49.71677603165243,47.63572749382414,48.659332275390625,2235200.0
48.168687188087,48.168687188087,46.30758835825816,46.942054748535156,2088100.0
47.001261941971556,48.354788679374984,45.36010714242483,46.113006591796875,2656400.0
46.01995601269234,47.45807701610076,45.08094539082425,46.3752555847168,2717800.0
,,,,
45.945054398344354,47.13533881559195,45.018331314398864,46.86327362060547,2491800.0
46.76125037325705,49.073807793200025,46.7187407942996,48.37664031982422,2403000.0
47.543427336077066,48.31711643482042,45.732494343233036,46.2086067199707,2811000.0
45.375411536952015,45.53695246152347,41.99159814440645,42.085121154785156,5464500.0
41.82155320949506,43.32641538456738,40.979852670913566,41.098880767822266,4655200.0
41.14139575039431,41.59200310318016,37.919119876726434,38.140174865722656,4363900.0
37.970131877068034,40.29118971399625,37.417497668777784,38.33572006225586,6419600.0
38.19968747279687,40.044629634097134,36.932881372979914,38.54827117919922,5816100.0
38.896852489821484,40.08713998354032,37.05191044215703,37.90211486816406,4119000.0
37.74908824227573,38.17419057273707,33.498064937662406,33.58308410644531,5725200.0
32.715876602071624,34.74786532454915,30.0462343519577,34.33976745605469,6696700.0
33.79563151591777,35.249480546141534,32.64785664853544,33.13247299194336,3341500.0
33.59157456225426,33.872143572238556,31.228007357878255,31.474567413330078,3459100.0
31.08347365686005,33.19198015424886,30.33529288576326,31.423553466796875,3857500.0
31.761526103448226,32.155546389520715,28.797799917546197,29.808549880981445,4929800.0
29.500187215873773,29.782856094674035,27.118930313454577,29.12329864501953,5797500.0
29.60296702626097,38.211467726685584,29.60296702626097,36.25849533081055,9572500.0
36.395557361117596,37.440567570971346,33.80015541106457,35.77882766723633,3910000.0
35.282013434162394,35.86447958377011,32.883625136243005,34.60532760620117,3832000.0
34.553939959179004,35.08501099998382,31.401770670289032,34.2027473449707,6727000.0
33.954345108932564,38.502721040661555,33.88582138801295,35.95014953613281,5852600.0
35.89017462314155,36.18997189990968,32.65234769631945,33.11489486694336,3577700.0
32.90931137186207,34.56248638534131,31.504541639019426,31.633028030395508,4127700.0
31.453151865132394,33.860103853501855,31.38462491366179,32.32685089111328,2325200.0
32.88362153447922,35.53898240038769,32.63521620750688,34.25413131713867,5296000.0
33.56031643679429,33.6716711317684,30.048390834187778,30.4338436126709,6502300.0
29.491617390253996,29.62866805074056,27.273107577190213,27.3587646484375,6760400.0
,,,,
27.80871589870432,30.77186930312726,27.09168638587233,30.374479293823242,2105700.0
30.028915771049576,30.599084953554,28.13699150535077,28.51710319519043,3506500.0
28.024694133057075,28.586226029478883,23.869368315557853,23.990314483642578,6575200.0
24.292682590479014,24.32723746887943,21.113554685839226,22.01200294494629,6635800.0
21.908328510410467,25.398455613040877,19.938651742082552,23.56700325012207,6958400.0
22.962275470014156,23.59291695345768,20.681598517426554,22.910442352294922,10943600.0
22.253887130548886,24.24947979087323,19.63629036475019,23.5238094329834,10905800.0
23.195530480147863,23.446058626809055,20.733434771484955,22.57352638244629,8071400.0
23.11777977072758,25.890875856839862,22.737666341790902,25.096094131469727,6979900.0
25.648986389537296,27.825995731356112,23.8261714362421,27.03121566772461,6430400.0
27.290379772287952,31.307483506697338,26.962099512311752,29.968446731567383,5667800.0
30.054841387411148,31.86901555793684,27.98149665353269,30.210342407226562,5268700.0
29.34644861661762,32.59468510694174,28.06788726960225,30.51270294189453,6203400.0
,,,,
30.671006815866303,31.26317868616646,26.699972507146416,28.05848503112793,3613000.0
28.058486575862762,29.43441306413889,27.178935666261747,27.953983306884766,3650100.0
27.84948212329344,27.92785791055009,25.628839247012664,26.560638427734375,4275300.0
27.013474211288415,29.965623138985546,26.647721114503206,28.546152114868164,5332000.0
27.919150435066285,31.689888452031376,27.47501987506307,31.498302459716797,5565900.0
31.298009167707356,33.57961387319567,30.11366877246849,30.4445858001709,5932400.0
30.435877773330372,30.435877773330372,26.900263957605635,27.292142868041992,5890100.0
26.865432060300325,27.266017927363183,24.871206347062444,25.027957916259766,4259800.0
25.193419432497308,28.11073418418984,25.193419432497308,26.52580451965332,4592900.0
26.31680968202448,29.277668216533986,26.160059725495092,28.128158569335938,2877500.0
28.13685856903353,29.22540922568457,27.370517976593167,28.25877571105957,2084000.0
28.537440943114316,30.958376246071236,28.493899586541705,28.737733840942383,3094500.0
28.493909063276952,28.58099180538486,25.08021175634951,26.856727600097656,3603600.0
,,,,
27.508281153216835,28.351446063172713,25.46184776838919,25.85708236694336,2712400.0
25.523332484703158,26.54215775420817,24.161971624222165,25.259843826293945,5501900.0
25.663852860192236,25.734116594588713,23.634986063676827,24.18831443786621,3460000.0
24.267362470731932,26.14692051414316,23.88969590182655,25.85708236694336,3006700.0
25.698982107723957,26.085433432525186,24.55719448336108,24.961212158203125,3462300.0
24.803120548026623,25.567240090069237,23.924823071077157,24.609895706176758,5561000.0
24.583548495363214,25.189574280627244,23.564723460112763,25.128093719482422,2694600.0
25.29497232915502,26.12935578914855,24.86460667012484,24.970003128051758,3222400.0
25.13687607944964,25.874644464438266,24.961215903125932,25.567241668701172,3535500.0
25.277404460661376,26.92860314164168,24.767991941242165,24.890953063964844,3396200.0
24.86460425405716,27.842034217345457,24.741643127773646,27.771770477294922,3980100.0
27.94742705217983,28.755462519568407,26.796857760415367,26.919818878173828,4554700.0
26.58606898763833,27.051565647587566,25.365234173762644,25.839515686035156,4374800.0
,,,,
26.39841649329812,27.98515720018072,25.503103998819046,27.258270263671875,4504300.0
27.28486410709062,32.390803678106906,26.974607036499496,31.62845802307129,6662800.0
31.194096183944335,32.1603244001209,30.10376581952068,31.51321792602539,3355700.0
31.947575691526506,33.00244722964621,31.389112697684503,32.74537658691406,2812400.0
32.70106501788257,34.908321947386014,32.568099851522035,34.34099578857422,2920200.0
33.80912285164341,34.3764489747653,32.408536907877526,32.85176086425781,3423000.0
31.95644566536605,33.108827242712515,30.538130398098147,30.626773834228516,3539900.0
31.335932747675354,35.41359522528735,30.93703388726665,34.08392333984375,2778300.0
34.03958811887927,34.52713360719447,32.8428818677102,33.64068603515625,3033600.0
33.99527926160584,35.635210081562185,33.99527926160584,35.191986083984375,1766100.0
35.45790785404628,39.934468044313704,35.191974221446856,38.693443298339844,5925500.0
39.136674835211934,39.89015417252531,38.47183893233652,39.71286392211914,2521900.0
39.71286059814158,41.618724712808536,39.13667155946156,40.732276916503906,3715400.0
,,,,
40.756715967208585,41.363161893532066,39.15141932779229,39.418968200683594,2625200.0
39.50816431343246,40.55160971778638,39.06224822998047,39.06224822998047,1589900.0
39.64193385403959,42.299592857656414,39.24060876579378,42.04988098144531,2403200.0
41.96069810070107,43.164673433218034,40.80131709322016,41.916107177734375,1695100.0
41.42561193130743,41.42561193130743,39.19603113201285,39.90949630737305,2888000.0
39.55276301553223,46.01854749644796,39.508172078836544,44.8145751953125,6555000.0
44.81456762513881,45.438850839634306,43.878144504430466,45.21589279174805,4329400.0
45.12669358855978,45.12669358855978,42.76334105241219,43.92272186279297,3994000.0
43.744370629922834,45.305077047722826,43.209272647505124,45.08211898803711,3426200.0
45.48343962472485,47.13332774048014,44.94834169585007,46.33068084716797,3803500.0
46.64281424477425,47.57923719096553,43.61058739986587,44.234867095947266,4816800.0
44.01192115380729,44.45783728870735,41.52371170663829,41.826934814453125,4373600.0
41.73774669984668,43.164680275456504,40.13244940409679,41.55937957763672,3782900.0
,,,,
41.5858461812565,41.89987297359857,38.221295408578854,39.926002502441406,5505900.0
39.52225819937317,44.23262957600058,38.714768016938855,42.07931900024414,4770800.0
42.213893845574454,43.73915745679243,41.22696037969109,42.57278060913086,2853500.0
42.931662769504705,43.496908208653025,40.984711200635005,41.047515869140625,2517200.0
42.348474780034756,42.75222150995644,39.387671131605124,40.06058120727539,5218700.0
41.13723497845907,41.63070511001864,38.83139670454452,41.182098388671875,5820200.0
41.54097682810547,41.54097682810547,37.68296016264032,38.75961685180664,4672800.0
38.75962202589659,39.280004051192044,37.41380184043211,37.54838180541992,5248900.0
38.176419127222786,40.19514872948882,36.740879445761124,39.656822204589844,4916200.0
40.06057994841184,40.28488329992009,36.740889661570286,38.355873107910156,4459900.0
38.086709341490184,38.53531603945215,36.60630586917671,37.05491256713867,3435500.0
36.92033137437772,37.862404724016336,35.57451132558043,37.727821350097656,3692600.0
37.862405118452315,39.01083714349209,36.06797836802896,36.83060836791992,3777300.0
,,,,
37.1782145951779,38.12686819208384,35.66940074779104,38.03651809692383,4236400.0
38.17204170221927,40.566265814806115,37.539604819035596,39.79830551147461,4417600.0
40.159709600344506,40.385579729203016,38.08170510414712,38.759315490722656,3169300.0
38.533440220599566,40.81924451678633,38.217220014486045,40.38557434082031,3836700.0
40.3404036332577,42.915321547506316,40.3404036332577,41.60527420043945,4195800.0
41.740795002093684,42.68944872899269,39.61761400269629,40.83731460571289,5413800.0
40.972839369554755,41.695626528048955,39.52727194557554,41.42457962036133,3275300.0
41.334225645157396,41.56009573065006,39.2381515275058,39.66278839111328,2467900.0
39.979005132201415,40.70178871647714,38.8496547047381,39.66278839111328,2616200.0
39.798313329207815,42.219641222853326,39.39174643540457,42.05701446533203,2193800.0
42.19252652366735,46.980970950472496,41.424566276767145,46.8454475402832,4345300.0
46.89063262736396,46.89063262736396,44.81262501713268,45.12884521484375,3693200.0
45.5805902274104,47.82122137090641,45.083676660101574,45.71611022949219,3909200.0
,,,,
,,,,
46.38279441896526,48.71335777622827,46.38279441896526,47.342437744140625,5262100.0
47.15964559955657,47.753712314790945,45.83442575029949,45.97151565551758,3397100.0
45.69732588951034,47.570915553694405,44.966169372564025,45.240352630615234,3151300.0
45.194664309651706,46.45591171224368,44.81080488867592,45.69733428955078,5301300.0
46.01721229059027,46.51988573567927,45.148965764919716,45.97151565551758,2654200.0
46.24570167398874,47.113951737186454,44.664574299700064,45.60594177246094,3903100.0
45.65164291882642,46.56558971004844,44.372116016543444,46.01721954345703,3447500.0
46.200009283026844,48.621969657773626,45.60594596465351,47.15965270996094,2900000.0
47.02255487713927,47.570921461341186,44.53661892437387,46.10860824584961,2254700.0
46.062915865625875,48.89614928970995,46.044636512940365,47.7080192565918,1128500.0
47.84511213687375,49.65472981414465,46.61128538880112,49.49021911621094,3093800.0
49.94718376780831,50.35845695429052,47.845103769909905,48.484867095947266,2338000.0
48.57626036110605,53.237386355609075,48.48486361456067,52.414833068847656,3917400.0
,,,,
53.28814851135767,54.8959805785107,52.92064263694724,54.666290283203125,2981200.0
54.66629427954795,56.45787941487889,54.17016236426319,55.6309928894043,1211800.0
56.366001551695405,59.16822618126202,56.18225210466471,58.065711975097656,2193700.0
56.91725769384422,57.6063286017484,55.58505323760364,56.27412414550781,3556000.0
56.457878977929006,56.457878977929006,53.159525981523636,54.43660354614258,2771800.0
54.43659535572875,56.549745191785284,53.885340095816765,56.45787048339844,3035300.0
56.22819147381501,59.35197774720707,54.895986906505435,54.98786163330078,5184400.0
54.712227049985756,55.722866441293746,48.418714428495605,50.026546478271484,5479400.0
50.807495576123316,53.40759155253286,50.62374262823073,52.507205963134766,2573200.0
52.18563780403486,54.57441913425374,51.95594749371359,54.43660354614258,1768000.0
54.34471909171487,54.620346713780975,48.32683123516229,49.61309814453125,3180500.0
49.56717441741153,52.18564280403589,49.429358816096006,51.91001510620117,3287200.0
52.23157119750977,52.55313971041007,50.761554725037826,52.231571197509766,2410900.0
,,,,
52.53816480157411,56.60444468721095,51.47538958797411,54.61751174926758,4633300.0
55.12579551185184,56.69685471960247,53.64714678200009,56.049949645996094,4293700.0
56.28099908471551,59.42312515978149,53.60095016625518,57.482398986816406,3847200.0
58.314125940606004,62.65765471222932,57.436182311087435,61.317626953125,3430300.0
61.54866636971036,64.45975341809422,61.04038580617462,61.73350143432617,4228900.0
61.27142191405841,61.73349898113053,55.63407958055753,56.049949645996094,5132900.0
56.00373728831245,57.51010946482954,55.07958318437747,57.3437614440918,2705300.0
57.43618169785624,65.24528142673522,57.43618169785624,64.18250274658203,3732300.0
64.0438863034919,66.0862661572284,63.341527165544925,64.9680404663086,2954700.0
65.33769532891654,66.1694354708077,61.594875266511174,62.703857421875,2531200.0
61.918329282240194,64.82941632282123,61.13279964925464,64.2749252319336,1801000.0
63.905260695657745,66.72392661446824,62.84248201612016,65.61494445800781,2354300.0
65.38390153509872,66.53909414172591,62.010737713600115,63.396968841552734,2162500.0
,,,,
63.32777941610635,65.37061535219496,62.86349948758841,64.72061920166016,1716900.0
64.20990659439072,67.13487115383731,61.93493101066627,65.649169921875,2911400.0
64.76706892858695,66.99561465267746,64.39564346051327,66.80989837646484,1263600.0
67.36702282707365,68.88057289681987,65.13847767506931,67.22773742675781,1657100.0
66.57775410707437,66.85632496148769,62.724235488580625,65.92776489257812,2196200.0
66.15989963325289,66.53132504806408,62.3063742377442,63.420650482177734,3692000.0
63.83849657498874,66.763461834931,62.631365806012504,66.39203643798828,2146200.0
65.92775292476918,68.75986345457314,65.60275837651704,66.76345825195312,1646900.0
66.7170420982528,68.57416230744202,63.281372544993275,65.50991821289062,1737500.0
65.46347230853456,69.73484638981013,65.4356166453035,68.94557189941406,1462300.0
69.31699638994675,71.59196525994484,67.08845126329271,67.6920166015625,1007700.0
67.55273348959855,67.59916431886401,65.04562456496166,67.04202270507812,1101400.0
67.50631325087038,72.50197088712747,66.02061857784544,70.57056427001953,1518500.0
,,,,
70.88927437178462,74.34045988282024,70.84263384473876,72.80142211914062,2580200.0
73.54760388721435,75.5530251128615,72.61485049075927,73.78079223632812,3371500.0
74.52700572372723,77.63307657208202,73.91138500076924,76.3552017211914,3008900.0
76.36453010963018,77.26929500916143,68.61334383749087,70.0124740600586,2184600.0
70.55348306762377,72.73613023335895,67.79253321342397,68.18428802490234,1358900.0
68.48277500613179,68.85587790972818,57.48561157769949,61.45914077758789,4427200.0
63.02614904774708,63.42723330772913,58.49296680379893,58.99665451049805,3746400.0
59.612271765801445,64.28536489993544,58.82875873968755,60.15326690673828,2961100.0
60.53570606183619,60.675620515856835,55.39623207298069,57.20577621459961,3076400.0
57.10316935321372,57.10316935321372,50.97497925613092,51.469337463378906,2495200.0
52.24351453261308,53.26021584521396,50.11683799395762,51.71184539794922,3309200.0
52.32747201854636,54.91119974381275,48.72704635348232,50.04222869873047,2987300.0
49.77173310753965,51.833117727894056,47.72900042815909,47.89689636230469,3038100.0
,,,,
48.02073426011211,48.32104311379427,44.34199286658024,44.52029800415039,4042500.0
44.482755592551754,46.20951243734085,42.68092065107063,44.97074890136719,1179900.0
45.08336279001529,48.73395084984554,43.75075530935207,48.28349304199219,1851900.0
48.28349811719566,52.90069381795828,48.00196240518442,51.52116775512695,2550100.0
50.89240066098851,55.67852203376031,50.41379031367171,55.33129119873047,1973700.0
54.35529547197189,54.383451547818446,50.901785408101986,54.092529296875,1783800.0
53.19161183603925,54.43037173393517,49.95394245657107,52.243770599365234,3143100.0
51.97162069918,52.956997388064856,48.9873345580404,49.372100830078125,2573000.0
49.372100322688965,54.1582176651838,49.184408674372996,53.707759857177734,1976500.0
53.37930427627797,55.16236605625127,51.93408318077836,55.030982971191406,1432400.0
55.01221710229881,55.378213886400324,52.79746329295337,54.13945388793945,1569000.0
54.83390849528834,59.09449369929868,52.70361589328317,53.58576202392578,3164500.0
54.111297088560235,55.21867390519101,51.96223499696995,52.1593132019043,1984700.0
,,,,
52.53122917189762,57.14635097017777,52.53122917189762,54.475433349609375,2025500.0
54.46599073850382,55.0700143285617,52.34246827955777,53.66377258300781,1460500.0
54.22060938566068,56.74996095695129,54.07903977671509,56.26862716674805,1805500.0
56.49514073365194,56.49514073365194,54.57925256866441,55.36259460449219,1712500.0
55.211582908581825,55.919423715102106,53.994095857303456,54.90013122558594,1474800.0
55.0417015312423,56.78770743622628,50.59646207348256,52.57841491699219,2717600.0
52.57841215781564,52.57841215781564,48.21811397075268,50.0490608215332,1941700.0
48.88820852075539,49.5488607170355,45.396192854930405,46.283355712890625,1795700.0
45.83976885326123,46.528733450530225,43.820063726969906,44.52790451049805,1901900.0
44.074889987753636,45.82089593833827,41.88530262907105,42.593143463134766,1440300.0
42.75358712818189,42.8007757986899,39.08225311858113,39.13888168334961,2016100.0
39.2993194417554,41.4794703353797,38.978431478195084,39.875030517578125,2674600.0
40.64893763941368,43.60299427119035,40.16760747653699,42.15899658203125,2336600.0
,,,,
42.45809616179627,45.246133761285094,42.30584853584571,44.85599899291992,2166200.0
44.50392269463702,44.90357131254779,42.3724525095048,43.25739288330078,2217800.0
43.96154405832866,44.23749401102083,42.05844694437391,43.2003059387207,1413300.0
43.057565978671384,43.247876388528844,38.47110288746542,40.51693344116211,2473800.0
40.39323041919645,42.182142432574125,39.98406431566002,41.13543701171875,1798800.0
40.68821646555867,41.01174313417064,38.41401589643475,39.77473068237305,2189500.0
39.76521937605276,40.04116935864576,32.22895210066005,32.5524787902832,2895900.0
32.067184542460275,32.78084590336131,30.421004290631526,31.734140396118164,2264000.0
31.72462506480238,32.72375019862422,29.97377579387042,31.087085723876953,2736400.0
31.382070759566293,31.81026833326059,28.946106978494385,29.155447006225586,1380300.0
29.402845429458296,30.972899938883508,28.784339327555582,30.88726043701172,1276600.0
30.449551824387026,32.80939165519269,29.954746171656407,31.819780349731445,1936000.0
31.62947390053646,35.62597471728631,31.62947390053646,34.4841194152832,2283800.0
,,,,
36.113748659584516,38.10351308097196,34.32584354660779,34.844913482666016,3225400.0
34.56614892359017,36.11374409270443,33.03777897191751,34.13359069824219,1849600.0
34.085529719541455,34.78723366016687,31.93235668715244,32.999332427978516,1783700.0
33.22042201080328,35.39282059302854,31.682437371315537,34.960262298583984,1547400.0
34.60460133072846,35.04677035658058,33.86444691780095,34.047080993652344,1242000.0
34.26816588152769,36.00800582341453,33.085838889489864,35.49855041503906,1672000.0
35.81575750985094,37.95932334656568,34.20087963462555,36.507850646972656,2876500.0
37.161494374612744,40.554666394710715,36.77699736187464,39.45885467529297,2265900.0
38.99746594311298,39.93947972324872,38.199639479735424,39.10320281982422,1429100.0
38.90134493543728,39.04552859064355,35.48894342635014,36.45979690551758,1863600.0
36.54630798955854,37.58444422466348,35.29669799661326,35.92150115966797,1274800.0
35.959950751188764,36.56553234635114,33.23964629491343,34.49886703491211,1749100.0
34.614216766349315,37.786308582161865,34.34507100426524,36.65204620361328,1736700.0
36.796225865617245,38.190023077734544,36.565530570838256,37.39219665527344,1957800.0
37.700071199150415,38.32113084700574,37.29250462271159,37.641849517822266,627700.0
37.719482072037245,37.981490760123535,36.2153614123884,36.60352325439453,1593300.0
36.584112838972544,37.573922151637404,36.166840176718175,37.23427963256836,1852100.0
37.360432937471614,39.36916241225257,36.622929916062986,39.233306884765625,2458300.0
39.46619771485992,39.621465392465375,36.40943749681355,36.681148529052734,1693300.0
35.94364763312815,36.86552916202369,30.936377647297952,31.4895076751709,3289300.0
31.489511186001373,34.47834415082882,30.10183754818605,31.955303192138672,2791500.0
31.712700946320144,34.1095922963119,30.78111514223502,32.63458251953125,2111200.0
32.30464432065522,33.47882842931278,31.314835035922165,32.69280242919922,1091500.0
31.46039405781094,31.67388343126654,25.802958977307128,27.996065139770508,2442400.0
28.238668071643836,29.121732789838155,23.28962284656928,23.91067886352539,2958500.0
22.115436324521692,22.70737958614354,13.653539703235442,14.915060997009277,6449200.0
13.081002663997314,14.507492134477705,8.733607416461723,9.655488014221191,5351700.0
10.373966594179212,15.302594637378343,9.052378918571188,12.142708778381348,6636900.0
12.1427089917843,13.623284541960794,11.317958802215255,13.136384010314941,5910100.0
13.861765863396231,15.878925819378042,13.046952678226125,14.785883903503418,3062600.0
14.984618498166615,15.17341727347865,12.102961459150842,13.116509437561035,3834400.0
12.44081122005552,14.120121521396928,11.97378371353053,13.613347053527832,3614800.0
13.613347226519517,16.42544833100854,13.275497576980227,15.282721519470215,4744400.0
14.954808611747673,16.71361283042404,13.822018795425022,15.829242706298828,5834600.0
15.47151918854836,15.541077081784282,12.569988161160984,13.891575813293457,3084900.0
14.805755743763827,18.20412400347097,14.517590058473678,16.3459529876709,5025800.0
17.28000706907735,18.402860843110226,15.878925517275649,16.00810432434082,3721600.0
15.948483131669688,24.215860796169817,15.898800139348092,24.106555938720703,5531200.0
24.980987327504074,25.428141807586776,19.148116504513716,20.36039924621582,4578400.0
19.148117132280436,21.90059725484109,18.700962637537877,19.704574584960938,4560300.0
19.61176978794121,20.338499859676755,17.760099617233962,17.969158172607422,3037000.0
18.158307194018274,19.034366948755924,17.62072671167087,18.66602325439453,1732400.0
19.30315624052659,20.248902178271674,17.809874380175025,18.66602325439453,2240700.0
19.014453427441094,20.846212406975457,18.616245366413146,20.557510375976562,2726900.0
20.398228220864368,20.607288650616866,19.16378221756373,19.412662506103516,1795900.0
19.412662093703812,20.129436625901224,18.098574501938955,18.41714096069336,2586500.0
18.586382523627346,20.01993371006823,18.2777714560012,19.482351303100586,1208500.0
19.561989803880923,21.742181607921946,19.462437311225898,21.513212203979492,1594300.0
21.612765490844982,21.78200417980442,20.716796742921048,21.025409698486328,1453000.0
21.284242508724187,23.215554176392942,21.27428896763222,22.687929153442383,1653900.0
22.697883257853608,23.89250949197477,21.831780852100916,22.797435760498047,1570600.0
22.55850943837717,23.195642376115856,21.572943713260408,22.946762084960938,1098300.0
22.996539668147985,25.355923804534253,22.33949584038427,25.037357330322266,2745300.0
,,,,
24.3504100969057,24.3504100969057,21.668075290986273,22.196565628051758,1757200.0
22.675196104450308,25.088299748032785,22.595424161766307,23.652402877807617,1960600.0
23.941578411184324,28.678042233301568,23.941578411184324,27.431604385375977,1418900.0
27.431603561270666,28.20938143969885,26.04556532462926,28.179466247558594,1669100.0
28.219352169958114,31.041287386953925,27.700835469688624,30.79199981689453,1842400.0
29.914506810237455,31.061229190913934,27.750690741553754,29.585447311401367,2732200.0
29.705107173337588,30.74214245526707,28.7777571267626,29.834735870361328,1491900.0
31.968642015398444,37.093994273927365,31.81906793937918,34.91023254394531,3203300.0
35.987152041099435,39.03843312175913,34.39171319071766,37.682308197021484,1404600.0
37.981454186362576,42.199399399756544,37.981454186362576,42.079742431640625,1270000.0
41.36179383456105,42.85751927902899,40.30481315109282,42.67803192138672,1888200.0
42.46863179511123,44.67233306418247,41.541281703814,43.974327087402344,1351200.0
44.831872377455014,45.42019115152355,41.91022196770422,45.39027786254883,2442800.0
,,,,
44.66197334382047,47.64609346139952,43.95337088158908,46.468414306640625,902800.0
46.847662074446156,47.36663962955006,44.97136299890895,45.989356994628906,729600.0
45.99933476284929,49.17307956865247,44.91147879095835,45.719886779785156,1497400.0
44.25277807900023,44.382523419495016,40.12092256238233,40.829524993896484,2337200.0
40.95926881860905,41.14889368831989,35.63975193430875,36.34835433959961,2242300.0
36.048945690444846,36.3283974789987,31.73744405737073,33.04486846923828,3835000.0
33.92313909062509,37.42623280611215,32.945063522961945,37.38631057739258,2588300.0
37.84540427475861,41.168855530490994,37.815464507220085,38.52406692504883,2448900.0
38.81349611593575,39.05302567009328,35.72957452161877,37.166744232177734,1447600.0
37.01703920294877,41.81757866557608,36.63778564733501,38.46418762207031,1933900.0
39.42229901954593,41.79761835559852,37.386311017215135,41.5980110168457,1615200.0
42.376475601372256,44.412463610972445,40.51015516283541,42.556121826171875,1496600.0
42.51620071252721,42.74575163361197,37.69570370642263,38.30450439453125,1826900.0
,,,,
38.47948618416287,38.47948618416287,34.00419858182864,36.98106384277344,1785700.0
36.85119951100148,37.97002045905972,35.782325212192404,37.680328369140625,842800.0
38.2597153741567,39.80808432510731,36.59147370595884,39.74814987182617,1237000.0
39.73815928025253,40.5872675602463,38.019970919798034,38.37958908081055,1160400.0
38.46949600393754,38.46949600393754,34.41376848735165,36.431644439697266,1293400.0
36.43164373033719,41.61618375228446,36.41166430814633,36.521549224853516,2359500.0
36.611455131472525,40.22764675365007,36.611455131472525,39.848045349121094,1440400.0
40.20766489501196,40.83700332557785,37.031009326402184,37.9400520324707,1454000.0
37.83016893211536,40.22764624191509,36.06203008300796,36.15193557739258,1317000.0
36.37170363197771,37.220808073557734,35.10303896689012,35.51260757446289,1417900.0
36.68137948058098,38.809136423605494,35.81229179442561,36.74131393432617,1599100.0
36.6314301107838,37.150883652569824,35.69242013756587,36.44163131713867,759600.0
36.50156833670186,36.99105082332164,32.435849445932696,32.87538528442383,1317100.0
,,,,
33.27000045776367,34.5,32.900001525878906,33.11000061035156,807900.0
32.970001220703125,34.349998474121094,32.20000076293945,33.75,1056300.0
33.68000030517578,34.33000183105469,31.56999969482422,34.099998474121094,1011700.0
33.68000030517578,35.2599983215332,32.43000030517578,32.5099983215332,1092900.0
31.5,33.720001220703125,30.200000762939453,33.650001525878906,1139300.0
33.529998779296875,35.0,32.2599983215332,33.65999984741211,1029700.0
33.720001220703125,34.150001525878906,32.54999923706055,33.880001068115234,940400.0
33.619998931884766,34.84000015258789,32.970001220703125,33.459999084472656,1112200.0
33.18000030517578,33.18000030517578,29.610000610351562,30.6200008392334,827500.0
31.3799991607666,36.029998779296875,31.329999923706055,35.849998474121094,1716500.0
36.380001068115234,38.79999923706055,35.20000076293945,37.90999984741211,1775800.0
38.72999954223633,40.189998626708984,38.619998931884766,39.310001373291016,1442000.0
39.70000076293945,43.2400016784668,38.790000915527344,42.97999954223633,1798500.0
42.0,45.970001220703125,40.849998474121094,45.34000015258789,2157800.0
46.040000915527344,48.79999923706055,45.90999984741211,48.5,2531800.0
48.779998779296875,51.86000061035156,47.65999984741211,50.060001373291016,2818600.0
50.59000015258789,52.880001068115234,48.59000015258789,48.689998626708984,1836000.0
48.439998626708984,49.9900016784668,45.790000915527344,46.130001068115234,2103500.0
46.400001525878906,46.630001068115234,42.349998474121094,44.779998779296875,2754700.0
45.099998474121094,48.5,44.970001220703125,47.13999938964844,2085300.0
47.45000076293945,47.81999969482422,44.900001525878906,45.83000183105469,1306000.0
45.5099983215332,45.81999969482422,43.02000045776367,43.16999816894531,1960400.0
43.16999816894531,44.599998474121094,41.08000183105469,42.18000030517578,997400.0
43.08000183105469,43.189998626708984,38.77000045776367,39.779998779296875,1673600.0
40.11000061035156,42.900001525878906,39.040000915527344,39.7400016784668,1907800.0
39.380001068115234,40.97999954223633,37.630001068115234,39.4900016784668,1640000.0
38.77000045776367,42.7599983215332,38.0,42.65999984741211,1013900.0
41.790000915527344,43.5,39.220001220703125,39.54999923706055,1611900.0
39.630001068115234,43.83000183105469,39.630001068115234,43.560001373291016,1794100.0
43.310001373291016,45.650001525878906,41.9900016784668,45.630001068115234,1665900.0
45.380001068115234,47.95000076293945,43.630001068115234,44.66999816894531,2068300.0
44.08000183105469,46.86000061035156,42.06999969482422,46.66999816894531,3450300.0
46.77000045776367,48.77000045776367,44.90999984741211,48.599998474121094,2432600.0
48.599998474121094,51.20000076293945,47.2400016784668,50.16999816894531,2740300.0
50.2400016784668,50.7400016784668,48.66999816894531,49.27000045776367,1351900.0
50.04999923706055,50.72999954223633,49.130001068115234,49.27000045776367,482158.0
