Open,High,Low,Close,Volume
24.760000228881836,24.760000228881836,24.700000762939453,24.700000762939453,0
24.549999237060547,24.81999969482422,24.520000457763672,24.579999923706055,1212
24.719999313354492,24.729999542236328,24.719999313354492,24.729999542236328,639
24.65999984741211,24.665000915527344,24.520000457763672,24.520000457763672,3405
24.549999237060547,24.549999237060547,24.489999771118164,24.489999771118164,470
24.402000427246094,24.545000076293945,24.3700008392334,24.520000457763672,6473
24.5,24.5,24.5,24.5,294
24.549999237060547,24.549999237060547,24.549999237060547,24.549999237060547,305
24.540000915527344,24.540000915527344,24.540000915527344,24.540000915527344,201
24.530000686645508,24.540000915527344,24.530000686645508,24.540000915527344,823
24.575000762939453,24.575000762939453,24.540000915527344,24.540000915527344,662
24.5,24.5,24.420000076293945,24.420000076293945,1547
24.40999984741211,24.40999984741211,24.31999969482422,24.34000015258789,2965
24.329999923706055,24.375,24.31999969482422,24.375,1155
24.389999389648438,24.389999389648438,24.270000457763672,24.270000457763672,1801
24.18000030517578,24.229999542236328,24.1200008392334,24.1299991607666,2916
24.139999389648438,24.190000534057617,24.139999389648438,24.15999984741211,585
24.15999984741211,24.25,24.15999984741211,24.239999771118164,4586
24.270000457763672,24.290000915527344,24.200000762939453,24.200000762939453,1667
24.18000030517578,24.200000762939453,24.18000030517578,24.200000762939453,3405
24.200000762939453,24.239999771118164,24.184999465942383,24.239999771118164,2048
24.209999084472656,24.229999542236328,24.209999084472656,24.219999313354492,1050
24.209999084472656,24.209999084472656,24.200000762939453,24.200000762939453,782
24.209999084472656,24.229999542236328,24.170000076293945,24.170000076293945,2663
24.19499969482422,24.220199584960938,24.184999465942383,24.220199584960938,3012
24.260000228881836,24.260000228881836,24.25,24.25,917
24.235000610351562,24.235000610351562,24.200000762939453,24.219999313354492,625
24.23900032043457,24.23900032043457,24.174999237060547,24.174999237060547,1363
24.190000534057617,24.219999313354492,24.110000610351562,24.110000610351562,2501
24.110000610351562,24.149999618530273,24.100000381469727,24.1299991607666,2093
24.110000610351562,24.15049934387207,24.059999465942383,24.15049934387207,1094
24.100000381469727,24.209999084472656,24.100000381469727,24.19300079345703,1983
24.18000030517578,24.200000762939453,24.125,24.149999618530273,1907
24.100000381469727,24.100000381469727,24.049999237060547,24.049999237060547,1709
24.049999237060547,24.049999237060547,24.0,24.0,2325
23.989999771118164,23.989999771118164,23.8700008392334,23.899999618530273,3530
23.899999618530273,23.920000076293945,23.889999389648438,23.889999389648438,1347
23.8799991607666,23.8799991607666,23.8799991607666,23.8799991607666,126
23.84000015258789,23.860000610351562,23.729999542236328,23.760000228881836,2017
23.69499969482422,23.7450008392334,23.649999618530273,23.649999618530273,3146
23.6299991607666,23.649999618530273,23.610000610351562,23.649999618530273,541
23.6299991607666,23.635000228881836,23.56999969482422,23.635000228881836,1964
23.645000457763672,23.645000457763672,23.645000457763672,23.645000457763672,113
23.6200008392334,23.65999984741211,23.6200008392334,23.65999984741211,2172
23.6200008392334,23.6200008392334,23.600000381469727,23.600000381469727,692
23.6299991607666,23.6299991607666,23.600000381469727,23.600000381469727,416
23.6299991607666,23.6299991607666,23.6299991607666,23.6299991607666,185
23.649999618530273,23.655000686645508,23.6200008392334,23.655000686645508,2522
23.655000686645508,23.670000076293945,23.639999389648438,23.655000686645508,3651
23.655000686645508,23.655000686645508,23.579999923706055,23.579999923706055,1486
23.610000610351562,23.690000534057617,23.610000610351562,23.670000076293945,2236
23.69499969482422,23.790000915527344,23.69499969482422,23.75,864
23.790000915527344,23.80500030517578,23.790000915527344,23.80500030517578,391
23.825000762939453,23.8799991607666,23.825000762939453,23.8700008392334,981
23.90999984741211,23.90999984741211,23.799999237060547,23.829999923706055,2323
23.815000534057617,23.850000381469727,23.799999237060547,23.850000381469727,1651
23.81999969482422,23.84000015258789,23.799999237060547,23.799999237060547,2506
23.84000015258789,23.84000015258789,23.7549991607666,23.7549991607666,2664
23.739999771118164,23.84000015258789,23.739999771118164,23.799999237060547,1699
23.809999465942383,23.81999969482422,23.780000686645508,23.780000686645508,1952
23.790000915527344,23.850000381469727,23.790000915527344,23.850000381469727,1912
23.844999313354492,23.8799991607666,23.844999313354492,23.8799991607666,1566
23.924999237060547,23.969999313354492,23.899999618530273,23.940000534057617,4796
23.93000030517578,23.940000534057617,23.899999618530273,23.915000915527344,4618
23.90999984741211,23.90999984741211,23.895000457763672,23.895000457763672,1065
23.8799991607666,23.899999618530273,23.850000381469727,23.899999618530273,3658
23.8799991607666,23.889999389648438,23.850000381469727,23.8700008392334,4936
23.8700008392334,23.8700008392334,23.84000015258789,23.854999542236328,1256
23.850000381469727,23.899999618530273,23.84000015258789,23.889999389648438,5219
23.889999389648438,23.899999618530273,23.790000915527344,23.860000610351562,11441
23.860000610351562,23.950000762939453,23.860000610351562,23.950000762939453,7705
24.0,24.0,23.889999389648438,23.889999389648438,8261
23.889999389648438,23.969999313354492,23.889999389648438,23.959999084472656,5912
23.950000762939453,23.969999313354492,23.850000381469727,23.850000381469727,21339
23.8700008392334,23.889999389648438,23.829999923706055,23.84000015258789,33641
23.83,23.85,23.83,23.85,37111
23.85,23.85,23.85,23.85,0
23.920000076293945,23.969999313354492,23.60849952697754,23.834999084472656,8783
23.8700008392334,24.34000015258789,23.809999465942383,24.260000228881836,5238
24.209999084472656,24.389999389648438,24.090999603271484,24.139999389648438,3480
24.19499969482422,24.219999313354492,24.180299758911133,24.180299758911133,1379
24.18000030517578,24.309999465942383,24.18000030517578,24.309999465942383,1179
24.360000610351562,24.364999771118164,24.329999923706055,24.329999923706055,817
24.31999969482422,24.469999313354492,24.270000457763672,24.450000762939453,4882
24.454999923706055,24.454999923706055,24.420000076293945,24.420000076293945,873
24.396099090576172,24.440000534057617,24.396099090576172,24.440000534057617,1031
24.459999084472656,24.46500015258789,24.43000030517578,24.43000030517578,1018
24.34000015258789,24.34000015258789,24.2450008392334,24.2450008392334,773
24.236000061035156,24.236000061035156,24.236000061035156,24.236000061035156,289
24.209999084472656,24.209999084472656,24.09000015258789,24.09000015258789,1765
24.0,24.010000228881836,24.0,24.010000228881836,856
23.989999771118164,24.040000915527344,23.989999771118164,24.020000457763672,3220
23.989999771118164,24.079999923706055,23.989999771118164,23.989999771118164,7459
24.0,24.09000015258789,23.969999313354492,24.09000015258789,2353
24.110000610351562,24.110000610351562,24.059999465942383,24.059999465942383,1793
24.06999969482422,24.149999618530273,24.06999969482422,24.149999618530273,1058
24.139999389648438,24.139999389648438,24.110000610351562,24.139999389648438,1338
24.1299991607666,24.1299991607666,24.09910011291504,24.09910011291504,643
24.09000015258789,24.09000015258789,24.040000915527344,24.049999237060547,973
24.03499984741211,24.03499984741211,23.969200134277344,23.969200134277344,941
24.0,24.149999618530273,23.979999542236328,24.139999389648438,5914
24.15999984741211,24.15999984741211,24.100000381469727,24.100000381469727,2939
24.040000915527344,24.049999237060547,24.020000457763672,24.020000457763672,1453
24.010000228881836,24.040000915527344,24.010000228881836,24.030000686645508,1360
24.049999237060547,24.110000610351562,24.030000686645508,24.07159996032715,2167
24.079999923706055,24.079999923706055,24.06999969482422,24.06999969482422,814
24.100000381469727,24.110000610351562,24.09000015258789,24.110000610351562,898
24.1200008392334,24.170000076293945,24.1200008392334,24.155000686645508,1234
24.170000076293945,24.280000686645508,24.170000076293945,24.280000686645508,3684
24.299999237060547,24.34000015258789,24.299999237060547,24.31999969482422,1576
24.3700008392334,24.3700008392334,24.34000015258789,24.344999313354492,1454
24.3799991607666,24.389999389648438,24.3700008392334,24.389999389648438,444
24.3799991607666,24.399999618530273,24.360000610351562,24.399999618530273,1224
24.399999618530273,24.420000076293945,24.399999618530273,24.405000686645508,1521
24.389999389648438,24.389999389648438,24.3799991607666,24.385000228881836,822
24.3799991607666,24.3799991607666,24.3799991607666,24.3799991607666,553
24.3799991607666,24.40999984741211,24.3700008392334,24.40999984741211,2632
24.389999389648438,24.389999389648438,24.389999389648438,24.389999389648438,145
24.385000228881836,24.385000228881836,24.31999969482422,24.329999923706055,1371
24.329999923706055,24.329999923706055,24.260000228881836,24.260000228881836,1036
24.274999618530273,24.274999618530273,24.25,24.25,254
24.290000915527344,24.290000915527344,24.25,24.274999618530273,1295
24.260000228881836,24.260000228881836,24.229999542236328,24.239999771118164,3116
24.2450008392334,24.280000686645508,24.2450008392334,24.280000686645508,640
24.239999771118164,24.25,24.235300064086914,24.25,1001
24.229999542236328,24.229999542236328,24.18000030517578,24.18000030517578,1845
24.198999404907227,24.198999404907227,24.149999618530273,24.149999618530273,1385
24.139999389648438,24.18000030517578,24.135000228881836,24.170000076293945,3111
24.229999542236328,24.25,24.229999542236328,24.25,1984
24.280000686645508,24.299999237060547,24.270000457763672,24.270000457763672,1909
24.270000457763672,24.274999618530273,24.270000457763672,24.274999618530273,649
24.25,24.25,24.165000915527344,24.165000915527344,989
24.155000686645508,24.18000030517578,24.135000228881836,24.149999618530273,1683
24.149999618530273,24.200000762939453,24.145000457763672,24.200000762939453,792
24.200000762939453,24.200000762939453,24.190000534057617,24.190000534057617,1352
24.209999084472656,24.219999313354492,24.184999465942383,24.184999465942383,1470
24.190000534057617,24.190000534057617,24.190000534057617,24.190000534057617,501
24.219999313354492,24.239999771118164,24.209999084472656,24.239999771118164,1600
24.229999542236328,24.270000457763672,24.209999084472656,24.25,2620
24.270000457763672,24.270000457763672,24.239999771118164,24.239999771118164,1730
24.23900032043457,24.260000228881836,24.209999084472656,24.219999313354492,2649
24.209999084472656,24.219999313354492,24.200000762939453,24.219999313354492,2048
24.209999084472656,24.209999084472656,24.204999923706055,24.204999923706055,483
24.200000762939453,24.25,24.200000762939453,24.25,3313
24.229999542236328,24.239999771118164,24.200000762939453,24.200000762939453,2040
24.19849967956543,24.19849967956543,24.19849967956543,24.19849967956543,157
24.190000534057617,24.204999923706055,24.190000534057617,24.200000762939453,2296
24.139999389648438,24.139999389648438,24.100000381469727,24.125,5245
24.1299991607666,24.139999389648438,24.079999923706055,24.139999389648438,7877
24.135000228881836,24.170000076293945,24.135000228881836,24.170000076293945,2090
24.190000534057617,24.190000534057617,24.15999984741211,24.15999984741211,3172
24.149999618530273,24.15999984741211,24.100000381469727,24.110000610351562,14012
24.100000381469727,24.1299991607666,24.079999923706055,24.1200008392334,17849
24.12,24.12,24.12,24.12,11906
24.5,24.5,24.1299991607666,24.450000762939453,0
24.520000457763672,24.649999618530273,24.489999771118164,24.559999465942383,2128
24.540000915527344,24.579999923706055,24.5,24.5,1588
24.579999923706055,24.579999923706055,24.450000762939453,24.5,1550
24.561100006103516,24.6299991607666,24.561100006103516,24.6299991607666,1473
24.540000915527344,24.540000915527344,24.540000915527344,24.540000915527344,304
24.489999771118164,24.489999771118164,24.489999771118164,24.489999771118164,56637
24.489999771118164,24.510000228881836,24.470300674438477,24.510000228881836,615
24.4950008392334,24.520000457763672,24.469999313354492,24.520000457763672,1131
24.469999313354492,24.520000457763672,24.469999313354492,24.5,3324
24.450000762939453,24.459999084472656,24.450000762939453,24.459999084472656,203
24.440000534057617,24.454999923706055,24.43000030517578,24.450000762939453,610
24.40999984741211,24.40999984741211,24.3700008392334,24.3700008392334,353
24.399999618530273,24.399999618530273,24.399999618530273,24.399999618530273,210
24.420000076293945,24.43000030517578,24.389999389648438,24.420000076293945,3043
24.420000076293945,24.450000762939453,24.420000076293945,24.420000076293945,3893
24.450000762939453,24.469999313354492,24.43000030517578,24.469999313354492,2231
24.440000534057617,24.459999084472656,24.40999984741211,24.450000762939453,3350
24.450000762939453,24.510000228881836,24.420000076293945,24.510000228881836,3513
24.5,24.510000228881836,24.479999542236328,24.479999542236328,1429
24.479999542236328,24.479999542236328,24.34000015258789,24.3799991607666,5392
24.389999389648438,24.389999389648438,24.360000610351562,24.360000610351562,1301
24.3799991607666,24.43000030517578,24.3799991607666,24.420000076293945,1996
24.43000030517578,24.43000030517578,24.389999389648438,24.395000457763672,3803
24.399999618530273,24.420000076293945,24.3799991607666,24.40999984741211,1851
24.399999618530273,24.399999618530273,24.329999923706055,24.34000015258789,1862
24.329999923706055,24.34000015258789,24.31999969482422,24.34000015258789,1732
24.34000015258789,24.40999984741211,24.334999084472656,24.40999984741211,10398
24.399999618530273,24.420000076293945,24.399999618530273,24.399999618530273,1372
24.395000457763672,24.40999984741211,24.3799991607666,24.399999618530273,2822
24.420000076293945,24.420000076293945,24.350000381469727,24.360000610351562,3199
24.225000381469727,24.225000381469727,24.200000762939453,24.21500015258789,906
24.229999542236328,24.309999465942383,24.229999542236328,24.309999465942383,3791
24.309999465942383,24.34000015258789,24.290000915527344,24.34000015258789,4361
24.31999969482422,24.34000015258789,24.299999237060547,24.329999923706055,5974
24.350000381469727,24.389999389648438,24.315000534057617,24.329999923706055,10490
24.34000015258789,24.360000610351562,24.325000762939453,24.350000381469727,6396
24.34000015258789,24.344999313354492,24.260000228881836,24.264999389648438,4249
24.270000457763672,24.31999969482422,24.229999542236328,24.229999542236328,5549
24.219999313354492,24.274999618530273,24.21500015258789,24.270000457763672,8708
24.290000915527344,24.299999237060547,24.25,24.290000915527344,9850
24.290000915527344,24.329999923706055,24.170000076293945,24.190000534057617,41272
24.17,24.17,24.17,24.17,102893
24.15,24.15,24.15,24.15,0
24.020000457763672,24.049999237060547,23.81999969482422,24.010000228881836,1987
24.010000228881836,24.139999389648438,24.010000228881836,24.100000381469727,11927
24.100000381469727,24.100000381469727,24.06999969482422,24.06999969482422,5872
24.274999618530273,24.274999618530273,24.09000015258789,24.09000015258789,3801
24.1200008392334,24.149999618530273,24.020000457763672,24.06999969482422,4954
24.059999465942383,24.09000015258789,23.950000762939453,24.09000015258789,8195
23.952999114990234,23.952999114990234,23.950000762939453,23.950000762939453,239
23.950000762939453,24.0,23.930700302124023,23.969999313354492,3180
23.850000381469727,23.860000610351562,23.780000686645508,23.780000686645508,1000
23.815000534057617,23.815000534057617,23.700000762939453,23.700000762939453,1365
23.65999984741211,23.90999984741211,23.65999984741211,23.90999984741211,2898
23.889999389648438,23.979999542236328,23.889999389648438,23.950000762939453,1240
23.989999771118164,24.030000686645508,23.950000762939453,23.959999084472656,2760
24.0,24.010000228881836,23.92099952697754,24.0,2989
23.969999313354492,23.969999313354492,23.920000076293945,23.93000030517578,2651
23.940000534057617,23.950000762939453,23.940000534057617,23.940000534057617,562
23.989999771118164,24.059999465942383,23.979999542236328,24.059999465942383,4363
24.0,24.030000686645508,23.979999542236328,23.979999542236328,961
24.020000457763672,24.020000457763672,23.950000762939453,23.959999084472656,558
23.959999084472656,24.049999237060547,23.959999084472656,24.049999237060547,3967
24.030000686645508,24.09000015258789,24.030000686645508,24.09000015258789,1351
24.06999969482422,24.09000015258789,24.06999969482422,24.09000015258789,676
24.049999237060547,24.100000381469727,24.049999237060547,24.08099937438965,1235
24.079999923706055,24.079999923706055,24.040000915527344,24.040000915527344,2099
24.030000686645508,24.030000686645508,23.989999771118164,24.0,2046
23.950000762939453,23.950000762939453,23.899999618530273,23.93000030517578,1172
23.889999389648438,23.899999618530273,23.889999389648438,23.899999618530273,911
23.8700008392334,23.889999389648438,23.84000015258789,23.84000015258789,2044
23.75,23.920000076293945,23.75,23.920000076293945,3059
23.8700008392334,23.969999313354492,23.8700008392334,23.889999389648438,4350
23.8799991607666,23.90999984741211,23.8700008392334,23.8700008392334,1491
23.860000610351562,23.8799991607666,23.850000381469727,23.850000381469727,1137
23.770000457763672,23.799999237060547,23.760000228881836,23.799999237060547,2039
23.774999618530273,23.799999237060547,23.774999618530273,23.799999237060547,1518
23.809999465942383,23.860000610351562,23.809999465942383,23.829999923706055,2097
23.809999465942383,23.829999923706055,23.799999237060547,23.799999237060547,600
23.829999923706055,23.84000015258789,23.739999771118164,23.739999771118164,933
23.719999313354492,23.75,23.700000762939453,23.700000762939453,876
23.700000762939453,23.719999313354492,23.68000030517578,23.704999923706055,2440
23.709999084472656,23.770000457763672,23.709999084472656,23.770000457763672,1424
23.75,23.799999237060547,23.739999771118164,23.799999237060547,2324
23.809999465942383,23.81999969482422,23.780000686645508,23.780000686645508,1831
23.780000686645508,23.780000686645508,23.780000686645508,23.780000686645508,640
23.780000686645508,23.790000915527344,23.75,23.75,2930
23.690000534057617,23.700000762939453,23.649999618530273,23.671899795532227,1516
23.68000030517578,23.700000762939453,23.649999618530273,23.690000534057617,1077
23.670000076293945,23.700000762939453,23.670000076293945,23.68000030517578,2032
23.68000030517578,23.690000534057617,23.68000030517578,23.690000534057617,646
23.684999465942383,23.739999771118164,23.684999465942383,23.735000610351562,2029
23.735000610351562,23.90999984741211,23.735000610351562,23.90999984741211,10903
23.90999984741211,23.90999984741211,23.8799991607666,23.899999618530273,1721
23.889999389648438,23.899999618530273,23.809999465942383,23.809999465942383,2265
23.829999923706055,23.84000015258789,23.799999237060547,23.829999923706055,1067
23.850000381469727,23.8799991607666,23.81999969482422,23.829999923706055,1707
23.829999923706055,23.829999923706055,23.81999969482422,23.81999969482422,717
23.850000381469727,23.850000381469727,23.799999237060547,23.799999237060547,1627
23.799999237060547,23.860000610351562,23.799999237060547,23.860000610351562,2042
23.799999237060547,23.809999465942383,23.764999389648438,23.764999389648438,1612
23.780000686645508,23.780000686645508,23.760000228881836,23.760000228881836,1309
23.75,23.84000015258789,23.75,23.81999969482422,4710
23.860000610351562,23.860000610351562,23.822999954223633,23.822999954223633,466
23.81999969482422,23.81999969482422,23.799999237060547,23.799999237060547,1581
23.795000076293945,23.795000076293945,23.760000228881836,23.760000228881836,3599
23.729999542236328,23.729999542236328,23.71500015258789,23.71500015258789,416
23.68000030517578,23.68000030517578,23.614999771118164,23.614999771118164,1557
23.600000381469727,23.600000381469727,23.579999923706055,23.579999923706055,722
23.600000381469727,23.670000076293945,23.59000015258789,23.670000076293945,3235
23.649999618530273,23.739999771118164,23.639999389648438,23.739999771118164,9071
23.709999084472656,23.729999542236328,23.674999237060547,23.729999542236328,3800
23.729999542236328,23.799999237060547,23.729999542236328,23.799999237060547,6119
23.799999237060547,23.799999237060547,23.780000686645508,23.799999237060547,1842
23.809999465942383,23.844999313354492,23.770000457763672,23.770000457763672,6245
23.770000457763672,23.834999084472656,23.75,23.790000915527344,8109
23.780000686645508,23.81999969482422,23.7549991607666,23.809999465942383,26113
23.795000076293945,23.850000381469727,23.649999618530273,23.649999618530273,49816
23.64,23.64,23.64,23.64,97523
23.77,23.77,23.77,23.77,0
25.010000228881836,25.010000228881836,25.010000228881836,25.010000228881836,201090
25.06999969482422,25.06999969482422,25.0049991607666,25.040000915527344,8882
25.020000457763672,25.045000076293945,25.020000457763672,25.040000915527344,2124
25.010000228881836,25.045000076293945,25.0,25.030000686645508,2911
25.030000686645508,25.030000686645508,24.979999542236328,25.0,3988
25.0,25.020000457763672,24.934999465942383,24.989999771118164,4600
24.950000762939453,24.950000762939453,24.8799991607666,24.889999389648438,3355
24.899999618530273,24.93000030517578,24.8799991607666,24.90999984741211,7541
24.899999618530273,24.979999542236328,24.850000381469727,24.899999618530273,5411
24.940000534057617,25.0,24.860000610351562,24.860000610351562,7730
24.889999389648438,24.929000854492188,24.889999389648438,24.899999618530273,962
24.7,24.7,24.7,24.7,0
24.6200008392334,24.93000030517578,24.6200008392334,24.93000030517578,4342
24.700000762939453,24.93000030517578,24.700000762939453,24.93000030517578,895
24.760000228881836,24.8700008392334,24.760000228881836,24.8700008392334,1565
24.899999618530273,24.959999084472656,24.84000015258789,24.959999084472656,5000
24.979999542236328,25.0,24.979999542236328,25.0,1306
25.0,25.1200008392334,24.959999084472656,25.1200008392334,4640
25.040000915527344,25.040000915527344,25.040000915527344,25.040000915527344,2818
24.959999084472656,24.959999084472656,24.959999084472656,24.959999084472656,5979
24.899999618530273,24.899999618530273,24.899999618530273,24.899999618530273,2616
24.889999389648438,24.920000076293945,24.889999389648438,24.920000076293945,5549
24.934999465942383,24.934999465942383,24.920000076293945,24.920000076293945,1173
24.940000534057617,24.940000534057617,24.915000915527344,24.915000915527344,5708
24.905000686645508,24.905000686645508,24.8700008392334,24.889999389648438,5080
24.90999984741211,24.90999984741211,24.899999618530273,24.899999618530273,2337
24.93000030517578,25.020000457763672,24.93000030517578,24.93000030517578,3003
24.93000030517578,24.94499969482422,24.93000030517578,24.934999465942383,1054
24.959999084472656,24.959999084472656,24.959999084472656,24.959999084472656,1604
24.940000534057617,24.959999084472656,24.940000534057617,24.959999084472656,856
24.979999542236328,25.020000457763672,24.979999542236328,25.020000457763672,3260
25.030000686645508,25.030000686645508,24.989999771118164,25.030000686645508,880
25.059999465942383,25.059999465942383,25.059999465942383,25.059999465942383,3751
25.1200008392334,25.1200008392334,25.100000381469727,25.1200008392334,449
25.100200653076172,25.170000076293945,25.100200653076172,25.170000076293945,2107
25.1299991607666,25.1299991607666,25.1299991607666,25.1299991607666,605
25.1200008392334,25.1200008392334,25.040000915527344,25.079999923706055,1472
25.065000534057617,25.065000534057617,25.065000534057617,25.065000534057617,469
25.049999237060547,25.049999237060547,25.030099868774414,25.030099868774414,294
25.049999237060547,25.049999237060547,25.049999237060547,25.049999237060547,440
25.040000915527344,25.075000762939453,25.024999618530273,25.075000762939453,2968
25.059999465942383,25.100000381469727,25.059999465942383,25.06999969482422,2154
25.1299991607666,25.1299991607666,25.1200008392334,25.1200008392334,771
25.125,25.125,25.049999237060547,25.09000015258789,2114
25.06999969482422,25.075000762939453,25.06999969482422,25.075000762939453,267
25.049999237060547,25.059999465942383,25.0,25.030000686645508,0
25.040000915527344,25.040000915527344,25.040000915527344,25.040000915527344,80868
25.030000686645508,25.079999923706055,25.030000686645508,25.079999923706055,0
25.075000762939453,25.075000762939453,25.075000762939453,25.075000762939453,84885
25.0,25.020000457763672,24.969999313354492,25.020000457763672,3985
24.979999542236328,24.979999542236328,24.90999984741211,24.979999542236328,5991
24.93000030517578,24.93000030517578,24.93000030517578,24.93000030517578,1103
24.93000030517578,24.969999313354492,24.93000030517578,24.969999313354492,1763
25.18000030517578,25.25,25.18000030517578,25.25,4187
25.170000076293945,25.170000076293945,25.170000076293945,25.170000076293945,1988
25.15999984741211,25.15999984741211,25.15999984741211,25.15999984741211,5468
25.200000762939453,25.200000762939453,25.200000762939453,25.200000762939453,3961
25.200000762939453,25.200000762939453,25.200000762939453,25.200000762939453,504
25.229999542236328,25.229999542236328,25.229999542236328,25.229999542236328,5112
25.190000534057617,25.190000534057617,25.190000534057617,25.190000534057617,6282
24.950000762939453,24.950000762939453,24.8799991607666,24.93000030517578,16194
24.809999465942383,24.809999465942383,24.709999084472656,24.709999084472656,7058
24.690000534057617,24.719999313354492,24.690000534057617,24.719999313354492,4088
24.75,24.75,24.690099716186523,24.690099716186523,2037
24.649999618530273,24.68000030517578,24.649999618530273,24.68000030517578,3294
24.729999542236328,24.729999542236328,24.729999542236328,24.729999542236328,5008
24.81999969482422,24.81999969482422,24.81999969482422,24.81999969482422,6425
24.709999084472656,24.709999084472656,24.709999084472656,24.709999084472656,6678
24.8700008392334,24.8700008392334,24.809999465942383,24.809999465942383,10507
24.809999465942383,24.81999969482422,24.760000228881836,24.790000915527344,6519
24.760000228881836,24.770000457763672,24.729999542236328,24.729999542236328,13367
24.799999237060547,24.850000381469727,24.780000686645508,24.809999465942383,24949
24.85,24.85,24.85,24.85,30600
24.93000030517578,25.094999313354492,24.770000457763672,24.924999237060547,0
24.93000030517578,24.93000030517578,24.690000534057617,24.8799991607666,3016
24.940000534057617,25.059999465942383,24.940000534057617,25.014999389648438,2620
25.079999923706055,25.079999923706055,25.010000228881836,25.010000228881836,621
25.05500030517578,25.110000610351562,25.049999237060547,25.110000610351562,423
25.049999237060547,25.049999237060547,24.899999618530273,24.969999313354492,1960
24.96500015258789,25.010000228881836,24.860000610351562,24.950000762939453,5405
24.979999542236328,24.979999542236328,24.850000381469727,24.850000381469727,4287
24.8799991607666,24.889999389648438,24.844999313354492,24.889999389648438,1730
24.854999542236328,24.889999389648438,24.829999923706055,24.834999084472656,2417
24.809999465942383,24.950000762939453,24.799999237060547,24.889999389648438,7649
24.920000076293945,24.920000076293945,24.829999923706055,24.834999084472656,3151
24.795000076293945,24.829999923706055,24.790000915527344,24.829999923706055,2377
24.829999923706055,24.850000381469727,24.770000457763672,24.850000381469727,4254
24.850000381469727,24.940000534057617,24.829999923706055,24.940000534057617,5082
24.969999313354492,24.969999313354492,24.899999618530273,24.905000686645508,2710
24.8799991607666,24.950000762939453,24.8799991607666,24.90999984741211,4636
24.940000534057617,24.950000762939453,24.90999984741211,24.950000762939453,2195
24.950000762939453,24.950000762939453,24.924999237060547,24.924999237060547,1015
24.950000762939453,24.969999313354492,24.8700008392334,24.885000228881836,3272
24.885000228881836,24.920000076293945,24.850000381469727,24.920000076293945,2326
24.90999984741211,24.93000030517578,24.864999771118164,24.93000030517578,6090
24.93000030517578,24.96500015258789,24.93000030517578,24.959999084472656,1813
24.959999084472656,24.969999313354492,24.940000534057617,24.969999313354492,1543
24.969999313354492,25.0,24.950000762939453,25.0,2673
25.020000457763672,25.020000457763672,24.905000686645508,24.905000686645508,1930
24.940000534057617,24.959999084472656,24.915000915527344,24.959999084472656,3033
24.959999084472656,25.0,24.959999084472656,24.989999771118164,1741
24.959999084472656,24.959999084472656,24.934999465942383,24.934999465942383,1727
24.959999084472656,24.959999084472656,24.93000030517578,24.959999084472656,1918
24.950000762939453,24.969999313354492,24.93000030517578,24.93000030517578,2610
24.915000915527344,24.93000030517578,24.8700008392334,24.899999618530273,2461
24.8799991607666,24.899999618530273,24.850000381469727,24.854999542236328,4242
24.844999313354492,24.8700008392334,24.770000457763672,24.770000457763672,2489
24.73979949951172,24.7549991607666,24.6299991607666,24.6299991607666,2229
24.625,24.625,24.59000015258789,24.59000015258789,2093
24.610000610351562,24.610000610351562,24.545000076293945,24.575000762939453,1607
24.540000915527344,24.59000015258789,24.540000915527344,24.59000015258789,1913
24.610000610351562,24.610000610351562,24.565000534057617,24.565000534057617,1059
24.559999465942383,24.559999465942383,24.489999771118164,24.489999771118164,1174
24.459999084472656,24.479999542236328,24.385000228881836,24.40999984741211,3112
24.440000534057617,24.489999771118164,24.440000534057617,24.469999313354492,3526
24.5,24.540000915527344,24.40999984741211,24.40999984741211,2786
24.415000915527344,24.434999465942383,24.3799991607666,24.434999465942383,1301
24.40999984741211,24.420000076293945,24.3799991607666,24.389999389648438,1154
24.399999618530273,24.440000534057617,24.334999084472656,24.3700008392334,4142
24.364999771118164,24.364999771118164,24.2549991607666,24.2549991607666,1813
24.2549991607666,24.270000457763672,24.219999313354492,24.270000457763672,2625
24.200000762939453,24.270000457763672,24.190000534057617,24.229999542236328,2982
24.25,24.280000686645508,24.219999313354492,24.239999771118164,3469
24.239999771118164,24.264999389648438,24.239999771118164,24.264999389648438,1523
24.280000686645508,24.280000686645508,24.25,24.260000228881836,3977
24.260000228881836,24.260000228881836,24.15999984741211,24.219999313354492,2784
24.239999771118164,24.350000381469727,24.239999771118164,24.31999969482422,4742
24.360000610351562,24.3700008392334,24.329999923706055,24.329999923706055,1563
24.350000381469727,24.350000381469727,24.239999771118164,24.260000228881836,1139
24.299999237060547,24.309999465942383,24.260000228881836,24.274999618530273,2412
24.239999771118164,24.2450008392334,24.200000762939453,24.219999313354492,1473
24.190000534057617,24.225000381469727,24.149999618530273,24.200000762939453,3838
24.204999923706055,24.204999923706055,24.165000915527344,24.170000076293945,1995
24.170000076293945,24.18000030517578,24.139999389648438,24.139999389648438,2591
24.15999984741211,24.209999084472656,24.110000610351562,24.139999389648438,3869
24.149999618530273,24.219999313354492,24.149999618530273,24.165000915527344,2020
24.149999618530273,24.200000762939453,24.1299991607666,24.139999389648438,6614
24.1299991607666,24.139999389648438,24.1200008392334,24.1200008392334,1349
24.149999618530273,24.18000030517578,24.100000381469727,24.149999618530273,4636
24.170000076293945,24.190000534057617,24.110000610351562,24.110000610351562,3730
24.094999313354492,24.18000030517578,24.094999313354492,24.1200008392334,4239
24.075000762939453,24.075000762939453,23.905000686645508,23.959999084472656,3136
23.959999084472656,23.959999084472656,23.915000915527344,23.940000534057617,1965
23.969999313354492,23.979999542236328,23.940000534057617,23.950000762939453,2401
23.969999313354492,24.049999237060547,23.969999313354492,24.020999908447266,4603
24.030000686645508,24.075000762939453,24.01099967956543,24.020000457763672,3964
24.040000915527344,24.040000915527344,23.940000534057617,23.940000534057617,5170
23.950000762939453,24.03499984741211,23.950000762939453,23.9950008392334,5112
24.0,24.049999237060547,23.950000762939453,24.010000228881836,9208
24.020000457763672,24.079999923706055,24.0,24.06999969482422,10355
24.079999923706055,24.15999984741211,24.049999237060547,24.139999389648438,50264
24.11,24.14,24.11,24.14,25047
24.0,24.0,24.0,24.0,0
24.0,24.0,24.0,24.0,0
24.25,24.309999465942383,24.09000015258789,24.09000015258789,2270
24.040000915527344,24.040000915527344,24.010000228881836,24.010000228881836,444
24.05500030517578,24.05500030517578,23.940000534057617,23.975000381469727,1160
24.010000228881836,24.030000686645508,23.90999984741211,23.90999984741211,3961
23.92460060119629,23.969999313354492,23.899999618530273,23.940000534057617,2818
23.850000381469727,23.85099983215332,23.790000915527344,23.85099983215332,1497
23.850000381469727,23.850000381469727,23.799999237060547,23.799999237060547,1642
23.81999969482422,23.81999969482422,23.729999542236328,23.760000228881836,1162
23.725000381469727,23.860000610351562,23.725000381469727,23.860000610351562,979
23.940000534057617,23.959999084472656,23.889999389648438,23.950000762939453,965
23.940000534057617,23.94499969482422,23.895000457763672,23.895000457763672,1190
23.93000030517578,23.940000534057617,23.889999389648438,23.940000534057617,1059
23.969999313354492,24.0,23.899999618530273,23.899999618530273,8300
23.920000076293945,23.959999084472656,23.889999389648438,23.89900016784668,1983
23.920000076293945,24.049999237060547,23.915000915527344,23.989999771118164,7935
24.020000457763672,24.1200008392334,24.020000457763672,24.104999542236328,939
24.1299991607666,24.1299991607666,24.079999923706055,24.079999923706055,754
24.145000457763672,24.170000076293945,24.075000762939453,24.075000762939453,916
24.010000228881836,24.059999465942383,23.979999542236328,24.049999237060547,1124
24.209999084472656,24.209999084472656,24.209999084472656,24.209999084472656,167
24.229999542236328,24.34000015258789,24.219999313354492,24.34000015258789,1913
24.309999465942383,24.309999465942383,24.25,24.270000457763672,2885
24.34000015258789,24.34000015258789,24.34000015258789,24.34000015258789,156
24.360000610351562,24.360000610351562,24.290000915527344,24.325000762939453,688
24.360000610351562,24.360000610351562,24.325000762939453,24.360000610351562,1473
24.270000457763672,24.270000457763672,24.2450008392334,24.270000457763672,1321
24.299999237060547,24.329999923706055,24.299999237060547,24.299999237060547,647
24.3799991607666,24.3799991607666,24.360000610351562,24.360000610351562,442
24.441200256347656,24.479999542236328,24.43000030517578,24.479999542236328,2356
24.440000534057617,24.479999542236328,24.440000534057617,24.479999542236328,530
24.469999313354492,24.469999313354492,24.420000076293945,24.420000076293945,912
24.43000030517578,24.5,24.43000030517578,24.5,857
24.479999542236328,24.479999542236328,24.3700008392334,24.405000686645508,2197
24.399999618530273,24.399999618530273,24.399999618530273,24.399999618530273,156
24.389999389648438,24.402299880981445,24.329999923706055,24.329999923706055,1327
24.299999237060547,24.350000381469727,24.270000457763672,24.309999465942383,5761
24.31999969482422,24.34000015258789,24.299999237060547,24.309999465942383,1064
24.290000915527344,24.309999465942383,24.229999542236328,24.309999465942383,1571
24.25,24.25,24.1200008392334,24.15999984741211,2402
24.19499969482422,24.219999313354492,24.190000534057617,24.190000534057617,2117
24.204999923706055,24.280000686645508,24.200000762939453,24.200000762939453,3144
24.200000762939453,24.260000228881836,24.200000762939453,24.260000228881836,4592
24.229999542236328,24.229999542236328,24.209999084472656,24.209999084472656,435
24.209999084472656,24.21500015258789,24.190000534057617,24.200000762939453,976
24.190000534057617,24.190000534057617,24.114999771118164,24.114999771118164,1958
24.149999618530273,24.170000076293945,24.149999618530273,24.170000076293945,782
24.19499969482422,24.219999313354492,24.19499969482422,24.219999313354492,916
24.219999313354492,24.264999389648438,24.190000534057617,24.264999389648438,3026
24.25,24.260000228881836,24.25,24.25,399
24.25,24.260000228881836,24.18000030517578,24.18000030517578,3121
24.174999237060547,24.19499969482422,24.169700622558594,24.19499969482422,881
24.25,24.260000228881836,24.25,24.260000228881836,1455
24.260000228881836,24.290000915527344,24.170000076293945,24.209999084472656,2402
24.190000534057617,24.198400497436523,24.15999984741211,24.15999984741211,1299
24.1299991607666,24.1299991607666,24.09000015258789,24.110000610351562,941
24.062999725341797,24.084999084472656,24.062999725341797,24.079999923706055,440
24.049999237060547,24.049999237060547,24.0,24.0,2909
23.989999771118164,24.0,23.979999542236328,23.979999542236328,833
24.010000228881836,24.059999465942383,24.010000228881836,24.059999465942383,2242
24.06999969482422,24.09000015258789,24.020000457763672,24.020000457763672,1458
24.049999237060547,24.1299991607666,24.049999237060547,24.104999542236328,1931
24.1200008392334,24.139999389648438,24.1200008392334,24.139999389648438,2025
24.18000030517578,24.209999084472656,24.18000030517578,24.209999084472656,895
24.219999313354492,24.309999465942383,24.20009994506836,24.25,3526
24.229999542236328,24.287700653076172,24.222999572753906,24.274999618530273,3332
24.274999618530273,24.290000915527344,24.270000457763672,24.280000686645508,2038
24.28499984741211,24.28499984741211,24.219999313354492,24.260000228881836,5328
24.270000457763672,24.270000457763672,24.219999313354492,24.270000457763672,2499
24.270000457763672,24.309999465942383,24.270000457763672,24.309999465942383,2940
24.31999969482422,24.329999923706055,24.260000228881836,24.270000457763672,3406
24.274999618530273,24.299999237060547,24.239999771118164,24.290000915527344,8224
24.280000686645508,24.31999969482422,24.270000457763672,24.270000457763672,9802
24.280000686645508,24.31999969482422,24.2450008392334,24.315000534057617,6234
24.309999465942383,24.3799991607666,24.309999465942383,24.364999771118164,6691
24.3799991607666,24.43000030517578,24.360000610351562,24.420000076293945,18693
24.420000076293945,24.530000686645508,24.399999618530273,24.530000686645508,38122
24.53,24.54,24.53,24.539,0
24.610000610351562,24.610000610351562,24.43000030517578,24.43000030517578,3687
24.43000030517578,24.709999084472656,24.43000030517578,24.709999084472656,499
24.6299991607666,24.6299991607666,24.610000610351562,24.610000610351562,277
24.610000610351562,24.700000762939453,24.610000610351562,24.64240074157715,2741
24.649999618530273,24.780000686645508,24.649999618530273,24.729999542236328,3366
24.704999923706055,24.7450008392334,24.704999923706055,24.7450008392334,373
24.799999237060547,24.860000610351562,24.760099411010742,24.83300018310547,4287
24.795000076293945,24.795000076293945,24.65999984741211,24.774999618530273,1337
24.860000610351562,24.93000030517578,24.670000076293945,24.670000076293945,4102
24.68000030517578,24.829999923706055,24.645000457763672,24.809999465942383,2097
24.7450008392334,24.760000228881836,24.579999923706055,24.610000610351562,3712
24.600000381469727,24.6200008392334,24.520000457763672,24.559999465942383,4535
24.579999923706055,24.649999618530273,24.520000457763672,24.540000915527344,7126
24.545000076293945,24.59000015258789,24.5,24.540000915527344,3568
24.559999465942383,24.6200008392334,24.53499984741211,24.604999542236328,7780
24.579999923706055,24.604999542236328,24.55500030517578,24.55500030517578,1205
24.540000915527344,24.559999465942383,24.5,24.540000915527344,6942
24.549999237060547,24.6200008392334,24.549999237060547,24.59000015258789,5548
24.579999923706055,24.6200008392334,24.579999923706055,24.59000015258789,1335
24.540000915527344,24.549999237060547,24.510000228881836,24.520000457763672,2002
24.5,24.59000015258789,24.4950008392334,24.59000015258789,5806
24.59309959411621,24.614999771118164,24.59309959411621,24.600000381469727,1390
24.6299991607666,24.665000915527344,24.59000015258789,24.6200008392334,4334
24.6299991607666,24.68000030517578,24.6299991607666,24.6299991607666,4010
24.649999618530273,24.700000762939453,24.614999771118164,24.700000762939453,3105
24.670000076293945,24.690000534057617,24.65999984741211,24.68000030517578,4924
24.690000534057617,24.690000534057617,24.645000457763672,24.645000457763672,3964
24.645000457763672,24.709999084472656,24.645000457763672,24.700000762939453,7264
24.670000076293945,24.739999771118164,24.649999618530273,24.739999771118164,2257
24.78499984741211,24.795000076293945,24.760000228881836,24.760000228881836,2264
24.747800827026367,24.747800827026367,24.729999542236328,24.739999771118164,2208
24.7450008392334,24.7450008392334,24.579999923706055,24.674999237060547,17343
24.690000534057617,24.719999313354492,24.645000457763672,24.665000915527344,8243
24.665000915527344,24.739999771118164,24.665000915527344,24.709999084472656,4742
24.729999542236328,24.729999542236328,24.684999465942383,24.709999084472656,5022
24.69499969482422,24.709999084472656,24.670000076293945,24.684999465942383,2426
24.700000762939453,24.709999084472656,24.68000030517578,24.684999465942383,5704
24.68000030517578,24.68000030517578,24.649999618530273,24.649999618530273,2251
24.65999984741211,24.68000030517578,24.645000457763672,24.649999618530273,9612
24.65999984741211,24.65999984741211,24.639999389648438,24.639999389648438,1419
24.6299991607666,24.6299991607666,24.59000015258789,24.594999313354492,1455
24.594999313354492,24.649999618530273,24.594999313354492,24.6200008392334,11277
24.6200008392334,24.6200008392334,24.56999969482422,24.56999969482422,785
24.559999465942383,24.559999465942383,24.510000228881836,24.510000228881836,1286
24.510000228881836,24.510000228881836,24.450000762939453,24.4950008392334,9924
24.469999313354492,24.5,24.469999313354492,24.4950008392334,848
24.514999389648438,24.530000686645508,24.489999771118164,24.524999618530273,756
24.510000228881836,24.520000457763672,24.395000457763672,24.395000457763672,2142
24.3700008392334,24.440000534057617,24.3700008392334,24.40999984741211,3124
24.43000030517578,24.46500015258789,24.43000030517578,24.46500015258789,3126
24.440000534057617,24.479999542236328,24.399999618530273,24.40999984741211,2691
24.424999237060547,24.424999237060547,24.399999618530273,24.424999237060547,615
24.434999465942383,24.479999542236328,24.34000015258789,24.440000534057617,9982
24.450000762939453,24.510000228881836,24.43000030517578,24.485000610351562,1754
24.485000610351562,24.510000228881836,24.40999984741211,24.40999984741211,3794
24.43000030517578,24.489999771118164,24.43000030517578,24.479999542236328,2661
24.485000610351562,24.4950008392334,24.485000610351562,24.489999771118164,1037
24.489999771118164,24.510000228881836,24.479999542236328,24.489999771118164,1879
24.469999313354492,24.520000457763672,24.469999313354492,24.5,13203
24.5,24.559999465942383,24.479999542236328,24.53499984741211,7253
24.540000915527344,24.540000915527344,24.489999771118164,24.4950008392334,3234
24.4950008392334,24.4950008392334,24.43000030517578,24.43000030517578,1718
24.40999984741211,24.530000686645508,24.40999984741211,24.510000228881836,5509
24.565000534057617,24.565000534057617,24.510000228881836,24.510000228881836,1433
24.530000686645508,24.540000915527344,24.489999771118164,24.5,8733
24.52989959716797,24.530000686645508,24.479999542236328,24.510000228881836,6357
24.510000228881836,24.540000915527344,24.5,24.524999618530273,3331
24.53499984741211,24.540000915527344,24.469999313354492,24.479999542236328,2720
24.459999084472656,24.459999084472656,24.34000015258789,24.34000015258789,4962
24.31999969482422,24.399999618530273,24.31999969482422,24.344999313354492,5852
24.350000381469727,24.469999313354492,24.350000381469727,24.469999313354492,7596
24.479999542236328,24.502199172973633,24.469999313354492,24.502199172973633,11665
24.485000610351562,24.559999465942383,24.440000534057617,24.549999237060547,13438
24.545000076293945,24.610000610351562,24.545000076293945,24.610000610351562,5933
24.649999618530273,24.729999542236328,24.639999389648438,24.729999542236328,10474
24.709999084472656,24.829999923706055,24.709999084472656,24.81999969482422,9384
24.854999542236328,24.950000762939453,24.850000381469727,24.940000534057617,19688
24.940000534057617,25.0,24.8799991607666,24.93000030517578,46780
24.91,24.91,24.909,24.909,0
24.6155,24.6155,24.6155,24.6155,0
24.91,24.91,24.91,24.91,0
24.9,24.9,24.9,24.9,0
24.950000762939453,25.0,24.34000015258789,24.950000762939453,37398
24.729999542236328,24.940000534057617,24.719999313354492,24.75,19603
24.649999618530273,24.75,24.6200008392334,24.6299991607666,6423
24.6299991607666,24.709999084472656,24.459999084472656,24.649999618530273,1284
24.649999618530273,24.719999313354492,24.649999618530273,24.690000534057617,752
24.642200469970703,24.760000228881836,24.642200469970703,24.760000228881836,1280
24.649999618530273,24.649999618530273,24.549999237060547,24.584999084472656,3758
24.5,24.6200008392334,24.469999313354492,24.6200008392334,5249
24.600000381469727,24.600000381469727,24.405000686645508,24.440000534057617,9237
24.420000076293945,24.450000762939453,24.31999969482422,24.31999969482422,5244
24.415000915527344,24.520000457763672,24.415000915527344,24.520000457763672,1780
24.5,24.575000762939453,24.5,24.549999237060547,2854
24.6299991607666,24.6299991607666,24.559999465942383,24.600000381469727,1796
24.579999923706055,24.579999923706055,24.530000686645508,24.549999237060547,1313
24.579999923706055,24.59000015258789,24.520000457763672,24.540000915527344,2880
24.510000228881836,24.540000915527344,24.450000762939453,24.510000228881836,3738
24.514999389648438,24.600000381469727,24.514999389648438,24.584999084472656,3817
24.600000381469727,24.65999984741211,24.600000381469727,24.65999984741211,8683
24.68000030517578,24.690000534057617,24.665000915527344,24.684999465942383,2190
24.670000076293945,24.719999313354492,24.670000076293945,24.719999313354492,2981
24.69499969482422,24.799999237060547,24.69499969482422,24.790000915527344,6282
24.78499984741211,24.81999969482422,24.770000457763672,24.790000915527344,2805
24.809999465942383,24.809999465942383,24.760000228881836,24.790000915527344,2849
24.799999237060547,24.850000381469727,24.799999237060547,24.844999313354492,2368
24.825000762939453,24.825000762939453,24.790000915527344,24.799999237060547,3902
24.81999969482422,24.81999969482422,24.790000915527344,24.790000915527344,1968
24.809999465942383,24.899999618530273,24.80500030517578,24.889999389648438,5527
24.93000030517578,24.940000534057617,24.905000686645508,24.905000686645508,2268
24.920000076293945,24.920000076293945,24.860000610351562,24.90999984741211,2894
24.895000457763672,24.920000076293945,24.895000457763672,24.899999618530273,1563
24.899999618530273,24.920000076293945,24.889999389648438,24.90999984741211,4441
24.899999618530273,24.93000030517578,24.899999618530273,24.924999237060547,2746
24.899999618530273,24.90999984741211,24.8700008392334,24.875,1766
24.885000228881836,24.899999618530273,24.8799991607666,24.8799991607666,1864
24.8700008392334,24.920000076293945,24.860000610351562,24.920000076293945,6466
24.90999984741211,24.93000030517578,24.889999389648438,24.920000076293945,3184
24.93000030517578,24.93000030517578,24.844999313354492,24.860000610351562,3055
24.844999313354492,24.889999389648438,24.844999313354492,24.850000381469727,2491
24.835899353027344,24.84000015258789,24.80500030517578,24.80500030517578,2854
24.815000534057617,24.815000534057617,24.790000915527344,24.790000915527344,496
24.770000457763672,24.770000457763672,24.760000228881836,24.760000228881836,872
24.790000915527344,24.829999923706055,24.770000457763672,24.825000762939453,2838
24.81999969482422,24.81999969482422,24.790000915527344,24.790000915527344,1247
24.78499984741211,24.790000915527344,24.78499984741211,24.790000915527344,459
24.790000915527344,24.799999237060547,24.78499984741211,24.799999237060547,737
24.780000686645508,24.780000686645508,24.770000457763672,24.770000457763672,1588
24.774999618530273,24.774999618530273,24.75,24.7549991607666,1014
24.7450008392334,24.790000915527344,24.7450008392334,24.790000915527344,2575
24.780000686645508,24.790000915527344,24.739999771118164,24.75,1724
24.739999771118164,24.760000228881836,24.739999771118164,24.760000228881836,538
24.760000228881836,24.760000228881836,24.639999389648438,24.674999237060547,10539
24.68000030517578,24.75,24.68000030517578,24.75,3583
24.760000228881836,24.799999237060547,24.760000228881836,24.799999237060547,1617
24.809999465942383,24.81999969482422,24.760000228881836,24.81999969482422,1556
24.821699142456055,24.860000610351562,24.815000534057617,24.860000610351562,1540
24.854999542236328,24.8700008392334,24.850000381469727,24.854999542236328,1276
24.854999542236328,24.889999389648438,24.790000915527344,24.790000915527344,2665
24.829999923706055,24.829999923706055,24.799999237060547,24.829999923706055,1131
24.799999237060547,24.799999237060547,24.780000686645508,24.790000915527344,405
24.764999389648438,24.780000686645508,24.729999542236328,24.729999542236328,2239
24.753299713134766,24.790000915527344,24.753299713134766,24.790000915527344,1061
24.780000686645508,24.780000686645508,24.635000228881836,24.729999542236328,22148
24.68000030517578,24.690000534057617,24.68000030517578,24.690000534057617,647
24.739999771118164,24.790000915527344,24.739999771118164,24.790000915527344,2955
24.770000457763672,24.799999237060547,24.770000457763672,24.799999237060547,760
24.799999237060547,24.809999465942383,24.790000915527344,24.790000915527344,2118
24.790000915527344,24.81999969482422,24.790000915527344,24.81999969482422,3840
24.799999237060547,24.829999923706055,24.799999237060547,24.81999969482422,2214
24.829999923706055,24.84000015258789,24.809999465942383,24.829999923706055,1878
24.81999969482422,24.8799991607666,24.81999969482422,24.850000381469727,3948
24.860000610351562,24.8700008392334,24.850000381469727,24.854999542236328,3084
24.84000015258789,24.905000686645508,24.84000015258789,24.889999389648438,4754
24.905000686645508,24.950000762939453,24.905000686645508,24.920000076293945,2732
24.924999237060547,24.940000534057617,24.8799991607666,24.8799991607666,2482
24.8799991607666,24.93000030517578,24.8799991607666,24.88170051574707,4866
24.885000228881836,24.905000686645508,24.860000610351562,24.889999389648438,5598
24.889999389648438,24.94499969482422,24.8700008392334,24.940000534057617,13082
24.950000762939453,25.0,24.93000030517578,24.979999542236328,21399
24.98,24.98,24.98,24.98,0
25.09000015258789,25.09000015258789,25.0049991607666,25.0049991607666,2534
25.0049991607666,25.040000915527344,24.860000610351562,24.940000534057617,578
24.924999237060547,24.969999313354492,24.790000915527344,24.899999618530273,903
24.899999618530273,24.959999084472656,24.889999389648438,24.93000030517578,3002
24.889999389648438,25.09000015258789,24.829999923706055,25.09000015258789,3705
25.09000015258789,25.09000015258789,24.940000534057617,25.079999923706055,1994
25.09000015258789,25.190000534057617,25.09000015258789,25.170000076293945,2114
25.15999984741211,25.25,25.135000228881836,25.25,3997
25.209999084472656,25.209999084472656,25.155000686645508,25.155000686645508,1871
25.145000457763672,25.239999771118164,25.1200008392334,25.239999771118164,2221
25.18000030517578,25.18000030517578,25.03499984741211,25.03499984741211,2490
24.994199752807617,25.06999969482422,24.959999084472656,25.010000228881836,1823
25.0,25.0,24.940000534057617,24.940000534057617,600
24.969999313354492,25.040000915527344,24.924999237060547,25.040000915527344,2001
25.010000228881836,25.020000457763672,24.950000762939453,24.954999923706055,1669
25.0,25.040000915527344,24.979999542236328,24.989999771118164,2290
25.0,25.020000457763672,24.940000534057617,24.940000534057617,3371
24.93000030517578,24.93000030517578,24.895000457763672,24.920000076293945,601
24.93000030517578,24.93000030517578,24.8799991607666,24.90999984741211,2948
24.90999984741211,24.920000076293945,24.899999618530273,24.90999984741211,1295
24.860000610351562,24.8799991607666,24.81999969482422,24.81999969482422,3233
24.80500030517578,24.829999923706055,24.80500030517578,24.829999923706055,928
24.8700008392334,24.959999084472656,24.8700008392334,24.950000762939453,3249
24.959999084472656,24.959999084472656,24.959999084472656,24.959999084472656,339
24.93000030517578,24.93000030517578,24.860000610351562,24.88990020751953,868
24.81999969482422,24.850000381469727,24.81999969482422,24.81999969482422,1193
24.790000915527344,24.84000015258789,24.790000915527344,24.84000015258789,1693
24.889999389648438,24.920000076293945,24.889999389648438,24.920000076293945,1196
24.940000534057617,24.969999313354492,24.889999389648438,24.969999313354492,2133
24.950000762939453,24.950000762939453,24.934999465942383,24.950000762939453,1109
24.959999084472656,25.0,24.954999923706055,25.0,1969
25.0,25.030000686645508,25.0,25.001100540161133,1813
25.030000686645508,25.059999465942383,25.030000686645508,25.049999237060547,4359
25.079999923706055,25.110000610351562,25.049999237060547,25.06999969482422,2593
25.049999237060547,25.06999969482422,24.979999542236328,24.989999771118164,2378
24.989999771118164,24.989999771118164,24.989999771118164,24.989999771118164,194
25.0,25.0,25.0,25.0,417
25.0,25.0049991607666,24.969999313354492,25.0,2953
25.0,25.0,24.979999542236328,24.979999542236328,2895
25.0,25.0,24.989999771118164,25.0,1007
25.010000228881836,25.020000457763672,25.0049991607666,25.020000457763672,1127
25.0049991607666,25.020000457763672,24.979999542236328,24.989999771118164,2247
24.969999313354492,25.030000686645508,24.969999313354492,25.030000686645508,1536
24.979999542236328,25.0,24.979999542236328,25.0,1483
24.989999771118164,25.0,24.989999771118164,24.989999771118164,1411
24.989999771118164,25.0,24.979999542236328,24.979999542236328,1142
24.959999084472656,24.969999313354492,24.94499969482422,24.969999313354492,871
24.969999313354492,25.0,24.969999313354492,25.0,2046
25.0,25.0,25.0,25.0,301
25.0,25.040000915527344,25.0,25.040000915527344,1802
25.010000228881836,25.06999969482422,25.010000228881836,25.06999969482422,3307
25.059999465942383,25.065000534057617,24.989999771118164,25.0049991607666,3825
25.0049991607666,25.030000686645508,25.0049991607666,25.010000228881836,655
25.030000686645508,25.075000762939453,25.010000228881836,25.075000762939453,1074
25.075000762939453,25.079999923706055,25.049999237060547,25.079999923706055,2338
25.079999923706055,25.1200008392334,25.079999923706055,25.110000610351562,3626
25.110000610351562,25.110000610351562,25.059999465942383,25.09000015258789,4268
25.079999923706055,25.09000015258789,25.030000686645508,25.049999237060547,1544
25.020000457763672,25.079999923706055,25.020000457763672,25.06999969482422,2849
25.110000610351562,25.149999618530273,25.110000610351562,25.149999618530273,1201
25.170000076293945,25.200000762939453,25.149999618530273,25.190000534057617,2079
25.190000534057617,25.200000762939453,25.18000030517578,25.18000030517578,1080
25.15999984741211,25.219999313354492,25.15999984741211,25.219999313354492,1511
25.219999313354492,25.270000457763672,25.219999313354492,25.25,5556
25.25,25.260000228881836,25.2450008392334,25.25,1645
25.229999542236328,25.260000228881836,25.21500015258789,25.260000228881836,3561
25.25,25.270000457763672,25.25,25.264999389648438,1952
25.25,25.290000915527344,25.25,25.290000915527344,6236
25.295000076293945,25.295000076293945,25.280000686645508,25.280000686645508,3573
25.290000915527344,25.360000610351562,25.239999771118164,25.239999771118164,8833
25.239999771118164,25.239999771118164,25.149999618530273,25.149999618530273,4263
25.155000686645508,25.155000686645508,25.06999969482422,25.104999542236328,17682
25.104999542236328,25.110000610351562,25.06999969482422,25.06999969482422,5707
25.06999969482422,25.110000610351562,25.06999969482422,25.09000015258789,7052
25.100000381469727,25.114999771118164,25.0,25.010000228881836,20265
25.024999618530273,25.030000686645508,24.959999084472656,25.030000686645508,13386
25.020000457763672,25.030000686645508,24.93000030517578,24.93000030517578,30692
24.95,24.95,24.95,24.95,0
24.520000457763672,24.520000457763672,24.520000457763672,24.520000457763672,2412
24.5,24.610000610351562,24.5,24.610000610351562,1697
24.479999542236328,24.639999389648438,24.479999542236328,24.56999969482422,2065
24.56999969482422,24.690000534057617,24.56999969482422,24.56999969482422,1728
24.6200008392334,24.639999389648438,24.57110023498535,24.614999771118164,2127
24.530000686645508,24.591899871826172,24.520000457763672,24.591899871826172,2981
24.56999969482422,24.649999618530273,24.520000457763672,24.6200008392334,10018
24.604999542236328,24.604999542236328,24.604999542236328,24.604999542236328,102
24.579999923706055,24.649999618530273,24.579999923706055,24.639999389648438,2383
24.649999618530273,24.719999313354492,24.639999389648438,24.700000762939453,1318
24.899999618530273,24.899999618530273,24.81999969482422,24.829999923706055,2664
24.81999969482422,24.81999969482422,24.809999465942383,24.809999465942383,886
24.770000457763672,24.850000381469727,24.7549991607666,24.7549991607666,2309
24.729999542236328,24.729999542236328,24.584999084472656,24.584999084472656,2061
24.56999969482422,24.614999771118164,24.56999969482422,24.56999969482422,1254
24.6200008392334,24.665000915527344,24.6200008392334,24.6299991607666,1877
24.600000381469727,24.600000381469727,24.600000381469727,24.600000381469727,427
24.59000015258789,24.59000015258789,24.510000228881836,24.530000686645508,4804
24.5,24.5,24.5,24.5,423
24.4950008392334,24.549999237060547,24.4950008392334,24.549999237060547,1319
24.549999237060547,24.579999923706055,24.549999237060547,24.56999969482422,829
24.540000915527344,24.540000915527344,24.510000228881836,24.510000228881836,1488
24.469999313354492,24.510000228881836,24.469999313354492,24.510000228881836,1225
24.469999313354492,24.510000228881836,24.469999313354492,24.510000228881836,647
24.459999084472656,24.5,24.459999084472656,24.5,1794
24.5049991607666,24.510000228881836,24.5049991607666,24.510000228881836,391
24.530000686645508,24.530000686645508,24.530000686645508,24.530000686645508,184
24.530000686645508,24.6299991607666,24.52589988708496,24.52589988708496,1734
24.520000457763672,24.59000015258789,24.520000457763672,24.56999969482422,1637
24.520000457763672,24.549999237060547,24.520000457763672,24.549999237060547,504
24.579999923706055,24.579999923706055,24.559999465942383,24.559999465942383,400
24.549999237060547,24.6200008392334,24.540000915527344,24.6200008392334,1836
24.6200008392334,24.6299991607666,24.579999923706055,24.610000610351562,824
24.6299991607666,24.6299991607666,24.549999237060547,24.549999237060547,956
24.55500030517578,24.59000015258789,24.459999084472656,24.579999923706055,8110
24.549999237060547,24.59000015258789,24.479999542236328,24.59000015258789,4826
24.545000076293945,24.56999969482422,24.489999771118164,24.56999969482422,9302
24.520000457763672,24.549999237060547,24.479999542236328,24.549999237060547,3032
24.5,24.530000686645508,24.5,24.514999389648438,2146
24.5,24.524999618530273,24.489999771118164,24.489999771118164,1307
24.440000534057617,24.479999542236328,24.440000534057617,24.469999313354492,604
24.479999542236328,24.479999542236328,24.479999542236328,24.479999542236328,701
24.5,24.520000457763672,24.485000610351562,24.520000457763672,2116
24.489999771118164,24.489999771118164,24.475000381469727,24.475000381469727,602
24.479999542236328,24.479999542236328,24.479999542236328,24.479999542236328,209
24.479999542236328,24.479999542236328,24.440000534057617,24.44499969482422,2192
24.469999313354492,24.469999313354492,24.469999313354492,24.469999313354492,1200
24.510000228881836,24.559999465942383,24.5,24.559999465942383,631
24.579999923706055,24.639999389648438,24.575000762939453,24.639999389648438,1685
24.600000381469727,24.65999984741211,24.540000915527344,24.540000915527344,1763
24.53499984741211,24.53499984741211,24.524999618530273,24.524999618530273,672
24.524999618530273,24.524999618530273,24.489999771118164,24.489999771118164,1440
24.440000534057617,24.440000534057617,24.440000534057617,24.440000534057617,303
24.43000030517578,24.43000030517578,24.395000457763672,24.395000457763672,515
24.40999984741211,24.440000534057617,24.40999984741211,24.440000534057617,1283
24.399999618530273,24.43000030517578,24.3799991607666,24.3799991607666,2082
24.3700008392334,24.3700008392334,24.3700008392334,24.3700008392334,245
24.344999313354492,24.344999313354492,24.309999465942383,24.309999465942383,550
24.290000915527344,24.34000015258789,24.290000915527344,24.299999237060547,1748
24.309999465942383,24.309999465942383,24.260000228881836,24.260000228881836,2037
24.2544002532959,24.290000915527344,24.2544002532959,24.280000686645508,1655
24.389999389648438,24.450000762939453,24.389999389648438,24.44499969482422,8594
24.44499969482422,24.46500015258789,24.42099952697754,24.434999465942383,3970
24.434999465942383,24.450000762939453,24.415000915527344,24.415000915527344,4604
24.420000076293945,24.434999465942383,24.40999984741211,24.40999984741211,2030
24.34000015258789,24.360000610351562,24.329999923706055,24.350000381469727,3510
24.31999969482422,24.329999923706055,24.290000915527344,24.309999465942383,5125
24.309999465942383,24.360000610351562,24.290000915527344,24.290000915527344,13594
24.31,24.31,24.31,24.31,11250
24.475000381469727,24.475000381469727,24.475000381469727,24.475000381469727,107
24.489999771118164,24.489999771118164,24.440000534057617,24.440000534057617,5439
24.479000091552734,24.489999771118164,24.469999313354492,24.479999542236328,2710
24.489999771118164,24.5,24.469999313354492,24.469999313354492,3104
24.450000762939453,24.450000762939453,24.420000076293945,24.420000076293945,2162
24.46500015258789,24.46500015258789,24.450000762939453,24.450000762939453,1271
24.440000534057617,24.459999084472656,24.424999237060547,24.450000762939453,2656
24.440000534057617,24.440000534057617,24.40999984741211,24.410999298095703,2456
24.420000076293945,24.450000762939453,24.3799991607666,24.420000076293945,8421
24.415000915527344,24.469999313354492,24.415000915527344,24.459999084472656,7150
24.469999313354492,24.510000228881836,24.389999389648438,24.400999069213867,17940
24.395000457763672,24.479999542236328,24.3700008392334,24.469999313354492,40146
24.46,24.46,24.46,24.46,19529
24.92,24.92,24.92,24.92,0
24.8700008392334,25.170000076293945,24.815000534057617,24.901599884033203,13163
25.110000610351562,25.15999984741211,24.940000534057617,24.940000534057617,1519
25.235000610351562,25.280000686645508,25.219999313354492,25.260000228881836,3231
25.201900482177734,25.260000228881836,25.15999984741211,25.200000762939453,3179
25.170000076293945,25.170000076293945,25.0,25.104999542236328,24008
25.104999542236328,25.104999542236328,25.040000915527344,25.040000915527344,2094
24.985000610351562,25.0,24.950000762939453,25.0,564
24.969999313354492,25.1299991607666,24.969999313354492,25.094999313354492,2322
25.094999313354492,25.104999542236328,25.059999465942383,25.059999465942383,1422
25.059999465942383,25.110000610351562,25.049999237060547,25.110000610351562,4382
25.110000610351562,25.110000610351562,25.110000610351562,25.110000610351562,484
25.079999923706055,25.079999923706055,24.989999771118164,25.0,3137
24.985000610351562,25.010000228881836,24.959999084472656,24.989999771118164,2019
25.020000457763672,25.020000457763672,24.960100173950195,24.969999313354492,1013
24.985000610351562,24.985000610351562,24.920000076293945,24.96500015258789,3812
24.989999771118164,25.079999923706055,24.989999771118164,25.040000915527344,895
25.06999969482422,25.06999969482422,25.010000228881836,25.06999969482422,3061
25.03499984741211,25.03499984741211,25.0,25.0049991607666,1042
25.010000228881836,25.065000534057617,25.010000228881836,25.065000534057617,1553
25.059999465942383,25.079999923706055,25.049999237060547,25.079999923706055,913
25.100000381469727,25.100000381469727,25.06999969482422,25.06999969482422,600
25.079999923706055,25.110000610351562,25.06999969482422,25.110000610351562,1035
25.09000015258789,25.100000381469727,25.059999465942383,25.100000381469727,2082
25.079999923706055,25.09000015258789,25.059999465942383,25.079999923706055,1394
25.06999969482422,25.1299991607666,25.06999969482422,25.125,3588
25.110000610351562,25.15999984741211,25.104999542236328,25.110000610351562,3410
25.1299991607666,25.1299991607666,25.09000015258789,25.09000015258789,2130
25.049999237060547,25.075000762939453,25.049999237060547,25.075000762939453,341
25.049999237060547,25.09000015258789,25.049999237060547,25.06999969482422,856
25.059999465942383,25.06999969482422,25.010000228881836,25.06999969482422,2697
25.075000762939453,25.075000762939453,25.065000534057617,25.065000534057617,374
25.049999237060547,25.049999237060547,25.010000228881836,25.010000228881836,1258
24.9950008392334,25.049999237060547,24.9950008392334,25.030000686645508,1118
25.010000228881836,25.014999389648438,24.989999771118164,24.989999771118164,838
25.020000457763672,25.020000457763672,25.0,25.0,616
25.014999389648438,25.014999389648438,25.0,25.0,1038
25.0049991607666,25.065000534057617,25.0049991607666,25.065000534057617,1936
25.040000915527344,25.065000534057617,25.040000915527344,25.065000534057617,392
25.049999237060547,25.09000015258789,25.040000915527344,25.075000762939453,3286
25.049999237060547,25.06999969482422,25.049999237060547,25.049999237060547,883
25.040000915527344,25.040000915527344,25.020000457763672,25.020000457763672,921
25.059999465942383,25.1299991607666,25.049999237060547,25.100000381469727,3981
25.059999465942383,25.059999465942383,25.030000686645508,25.040000915527344,570
25.059999465942383,25.059999465942383,25.020000457763672,25.059999465942383,756
25.040000915527344,25.075000762939453,25.040000915527344,25.075000762939453,1212
25.075000762939453,25.075000762939453,25.030000686645508,25.059999465942383,2356
25.059999465942383,25.059999465942383,25.040000915527344,25.049999237060547,800
25.049999237060547,25.06999969482422,25.030000686645508,25.059999465942383,1153
25.059999465942383,25.06999969482422,25.040000915527344,25.040000915527344,1200
25.040000915527344,25.05500030517578,25.0,25.010000228881836,5101
25.010000228881836,25.040000915527344,24.989999771118164,25.040000915527344,2418
25.049999237060547,25.065000534057617,25.049999237060547,25.065000534057617,5629
25.049999237060547,25.049999237060547,25.03499984741211,25.03499984741211,971
25.030000686645508,25.030000686645508,25.010000228881836,25.010000228881836,768
25.049999237060547,25.059999465942383,25.049999237060547,25.049999237060547,1071
25.049999237060547,25.059999465942383,25.049999237060547,25.049999237060547,514
25.040000915527344,25.059999465942383,25.040000915527344,25.059999465942383,650
25.059999465942383,25.09000015258789,25.040000915527344,25.09000015258789,3920
25.06999969482422,25.06999969482422,25.024999618530273,25.024999618530273,2873
25.010000228881836,25.014999389648438,24.969999313354492,24.969999313354492,1054
24.989999771118164,25.0,24.979999542236328,24.989999771118164,737
25.010000228881836,25.024999618530273,24.969999313354492,24.989999771118164,5469
24.979999542236328,25.0,24.979999542236328,24.979999542236328,646
24.980100631713867,25.0,24.969999313354492,25.0,1958
25.010000228881836,25.06999969482422,25.010000228881836,25.049999237060547,3113
25.065000534057617,25.06999969482422,25.030000686645508,25.040000915527344,1012
25.030000686645508,25.06999969482422,25.010000228881836,25.06999969482422,2430
25.059999465942383,25.100000381469727,25.059999465942383,25.09000015258789,1628
25.110000610351562,25.25,25.110000610351562,25.25,7262
25.209999084472656,25.21500015258789,25.190000534057617,25.21500015258789,2108
25.239999771118164,25.239999771118164,25.170000076293945,25.170000076293945,1443
25.170000076293945,25.209999084472656,25.1200008392334,25.209999084472656,3756
25.200000762939453,25.219999313354492,25.18000030517578,25.209999084472656,2921
25.209999084472656,25.239999771118164,25.170000076293945,25.18000030517578,4215
25.180099487304688,25.229999542236328,25.180099487304688,25.190000534057617,4229
25.209999084472656,25.264999389648438,25.209999084472656,25.260000228881836,4693
25.25,25.264999389648438,25.209999084472656,25.25,10730
25.25,25.270000457763672,25.18000030517578,25.229999542236328,17251
25.21,25.21,25.21,25.21,10921
25.3700008392334,25.3700008392334,25.3700008392334,25.3700008392334,0
25.239999771118164,25.43000030517578,25.239999771118164,25.299999237060547,4226
25.420000076293945,25.43000030517578,25.31999969482422,25.424999237060547,720
25.34000015258789,25.530000686645508,25.31999969482422,25.485000610351562,13574
25.510000228881836,25.575000762939453,25.489999771118164,25.489999771118164,5485
25.59000015258789,25.670000076293945,25.59000015258789,25.639999389648438,2693
25.65999984741211,25.68000030517578,25.559999465942383,25.6200008392334,1462
25.56999969482422,25.56999969482422,25.559999465942383,25.559999465942383,877
25.520000457763672,25.530000686645508,25.489999771118164,25.489999771118164,1214
25.3700008392334,25.420000076293945,25.360000610351562,25.3799991607666,1810
25.3799991607666,25.489999771118164,25.3799991607666,25.489999771118164,2784
25.485000610351562,25.485000610351562,25.479999542236328,25.479999542236328,306
25.520000457763672,25.530000686645508,25.5,25.510000228881836,1309
25.520000457763672,25.520000457763672,25.520000457763672,25.520000457763672,100
25.559999465942383,25.559999465942383,25.450000762939453,25.450000762939453,1442
25.479999542236328,25.540000915527344,25.479999542236328,25.510000228881836,1721
25.5,25.510000228881836,25.475000381469727,25.510000228881836,754
25.510000228881836,25.540000915527344,25.510000228881836,25.540000915527344,1053
25.600000381469727,25.600000381469727,25.600000381469727,25.600000381469727,401
25.600000381469727,25.600000381469727,25.600000381469727,25.600000381469727,1129
25.559999465942383,25.559999465942383,25.549999237060547,25.549999237060547,632
25.59000015258789,25.59000015258789,25.579999923706055,25.579999923706055,1650
25.520000457763672,25.520000457763672,25.520000457763672,25.520000457763672,100
25.540000915527344,25.559999465942383,25.520000457763672,25.559999465942383,2370
25.565000534057617,25.565000534057617,25.549999237060547,25.549999237060547,1147
25.549999237060547,25.549999237060547,25.540000915527344,25.549999237060547,736
25.53499984741211,25.53499984741211,25.53499984741211,25.53499984741211,472
25.559999465942383,25.56999969482422,25.559999465942383,25.56999969482422,721
25.579999923706055,25.579999923706055,25.549999237060547,25.549999237060547,652
25.530000686645508,25.549999237060547,25.530000686645508,25.549999237060547,897
25.549999237060547,25.549999237060547,25.475000381469727,25.5,58350
25.5,25.540000915527344,25.489999771118164,25.524999618530273,2600
25.524999618530273,25.549999237060547,25.524999618530273,25.549999237060547,4505
25.56999969482422,25.56999969482422,25.56999969482422,25.56999969482422,500
25.56999969482422,25.600000381469727,25.56999969482422,25.56999969482422,507
25.579999923706055,25.6200008392334,25.56999969482422,25.604999542236328,3709
25.6200008392334,25.645000457763672,25.540000915527344,25.565000534057617,8520
25.56999969482422,25.610000610351562,25.56999969482422,25.59000015258789,687
25.59000015258789,25.59000015258789,25.59000015258789,25.59000015258789,345
25.600000381469727,25.614999771118164,25.594999313354492,25.614999771118164,448
25.6200008392334,25.674999237060547,25.6200008392334,25.674999237060547,440
25.68000030517578,25.719999313354492,25.68000030517578,25.690000534057617,1187
25.684999465942383,25.684999465942383,25.65999984741211,25.65999984741211,493
25.68000030517578,25.68000030517578,25.639999389648438,25.639999389648438,1099
25.65999984741211,25.65999984741211,25.6200008392334,25.6200008392334,1206
25.625,25.625,25.600000381469727,25.600000381469727,239
25.614999771118164,25.614999771118164,25.604999542236328,25.604999542236328,599
25.604999542236328,25.6200008392334,25.604999542236328,25.604999542236328,739
25.584999084472656,25.59000015258789,25.584999084472656,25.59000015258789,539
25.565000534057617,25.579999923706055,25.559999465942383,25.579999923706055,746
25.549999237060547,25.549999237060547,25.530000686645508,25.530000686645508,1408
25.55500030517578,25.6200008392334,25.540000915527344,25.6200008392334,2332
25.645000457763672,25.645000457763672,25.6200008392334,25.639999389648438,778
25.645000457763672,25.709999084472656,25.645000457763672,25.670000076293945,2386
25.684999465942383,25.684999465942383,25.6299991607666,25.670000076293945,3348
25.684999465942383,25.709999084472656,25.684999465942383,25.690000534057617,709
25.709999084472656,25.729999542236328,25.709999084472656,25.729999542236328,598
25.739999771118164,25.75,25.729999542236328,25.729999542236328,400
25.729999542236328,25.75,25.729999542236328,25.75,1412
25.7450008392334,25.7450008392334,25.719999313354492,25.719999313354492,1869
25.760000228881836,25.760000228881836,25.7450008392334,25.760000228881836,819
25.799999237060547,25.81999969482422,25.774999618530273,25.80500030517578,1008
25.809999465942383,25.809999465942383,25.799999237060547,25.799999237060547,1388
25.809999465942383,25.809999465942383,25.770000457763672,25.770000457763672,902
25.780000686645508,25.790000915527344,25.770000457763672,25.790000915527344,958
25.75,25.774999618530273,25.725000381469727,25.774999618530273,1672
25.760000228881836,25.760000228881836,25.71500015258789,25.71500015258789,1379
25.700000762939453,25.729999542236328,25.690000534057617,25.690000534057617,3008
25.69499969482422,25.709999084472656,25.69499969482422,25.709999084472656,894
25.735000610351562,25.75,25.735000610351562,25.739999771118164,839
25.735000610351562,25.75,25.735000610351562,25.75,2509
25.770000457763672,25.81999969482422,25.770000457763672,25.815000534057617,2105
25.815000534057617,25.829999923706055,25.770000457763672,25.770000457763672,2526
25.75,25.780000686645508,25.735000610351562,25.774999618530273,2429
25.774999618530273,25.790000915527344,25.760000228881836,25.780000686645508,2186
25.780000686645508,25.829999923706055,25.7450008392334,25.81999969482422,10939
25.799999237060547,25.8799991607666,25.799999237060547,25.8799991607666,13335
25.88,25.88,25.88,25.88,8207
25.42,25.42,25.01,25.01,0
25.350000381469727,25.420000076293945,25.31999969482422,25.420000076293945,5005
25.479999542236328,25.4950008392334,25.450000762939453,25.4950008392334,1208
25.4950008392334,25.565000534057617,25.4950008392334,25.565000534057617,822
25.530000686645508,25.530000686645508,25.510000228881836,25.510000228881836,1472
25.6200008392334,25.725000381469727,25.565000534057617,25.725000381469727,3820
25.719999313354492,25.780000686645508,25.719999313354492,25.780000686645508,874
25.729999542236328,25.739999771118164,25.690000534057617,25.700000762939453,4537
25.690000534057617,25.729999542236328,25.684999465942383,25.729999542236328,1300
25.704999923706055,25.780000686645508,25.704999923706055,25.747499465942383,4079
25.690000534057617,25.690000534057617,25.690000534057617,25.690000534057617,746
25.68000030517578,25.739999771118164,25.645000457763672,25.700000762939453,4973
25.680999755859375,25.704999923706055,25.680999755859375,25.704999923706055,630
25.729999542236328,25.78499984741211,25.690000534057617,25.78499984741211,5209
25.809999465942383,25.809999465942383,25.760000228881836,25.760000228881836,2218
25.770200729370117,25.790000915527344,25.760000228881836,25.760000228881836,2408
25.722999572753906,25.739999771118164,25.722999572753906,25.739999771118164,200
25.719999313354492,25.729999542236328,25.65999984741211,25.65999984741211,3564
25.690000534057617,25.709999084472656,25.520000457763672,25.520000457763672,11145
25.520000457763672,25.579999923706055,25.4950008392334,25.579999923706055,3802
25.68000030517578,25.68000030517578,25.649999618530273,25.649999618530273,1786
25.6200008392334,25.65999984741211,25.56999969482422,25.600000381469727,3869
25.600000381469727,25.600000381469727,25.530000686645508,25.559999465942383,5712
25.565000534057617,25.565000534057617,25.549999237060547,25.55500030517578,300
25.530000686645508,25.530000686645508,25.440000534057617,25.440000534057617,2492
25.450000762939453,25.459999084472656,25.43000030517578,25.450000762939453,2512
25.450000762939453,25.5,25.420000076293945,25.4950008392334,5693
25.524999618530273,25.524999618530273,25.5,25.510000228881836,1776
25.510000228881836,25.510000228881836,25.46500015258789,25.485000610351562,5432
25.5,25.5,25.469999313354492,25.469999313354492,4039
25.46500015258789,25.489999771118164,25.46500015258789,25.489999771118164,310
25.489999771118164,25.489999771118164,25.475000381469727,25.485000610351562,2008
25.479999542236328,25.510000228881836,25.430999755859375,25.489999771118164,16537
25.489999771118164,25.489999771118164,25.469999313354492,25.469999313354492,1445
25.5,25.5,25.475000381469727,25.479999542236328,1408
25.489999771118164,25.489999771118164,25.399999618530273,25.399999618530273,2990
25.395000457763672,25.420000076293945,25.389999389648438,25.40999984741211,3946
25.405000686645508,25.405000686645508,25.389999389648438,25.389999389648438,2989
25.3700008392334,25.3700008392334,25.190000534057617,25.209999084472656,14054
25.18000030517578,25.25,25.18000030517578,25.239999771118164,1156
25.274999618530273,25.31999969482422,25.25,25.30500030517578,7230
25.315000534057617,25.389999389648438,25.315000534057617,25.344999313354492,7815
25.329999923706055,25.329999923706055,25.31999969482422,25.325000762939453,784
25.325000762939453,25.325000762939453,25.239999771118164,25.239999771118164,1643
25.229999542236328,25.260000228881836,25.184999465942383,25.21500015258789,6028
25.209999084472656,25.209999084472656,25.18000030517578,25.18000030517578,1938
25.174999237060547,25.18000030517578,25.174999237060547,25.18000030517578,318
25.15999984741211,25.15999984741211,25.09000015258789,25.1299991607666,2891
25.139999389648438,25.139999389648438,25.1299991607666,25.1299991607666,2727
25.1299991607666,25.209999084472656,25.1299991607666,25.200000762939453,2876
25.190000534057617,25.190000534057617,25.170000076293945,25.18000030517578,362
25.184999465942383,25.190000534057617,25.184999465942383,25.190000534057617,323
25.21500015258789,25.21500015258789,25.18000030517578,25.18000030517578,1441
25.15999984741211,25.15999984741211,25.110000610351562,25.1299991607666,3777
25.145000457763672,25.145000457763672,25.1200008392334,25.1299991607666,1637
25.110000610351562,25.110000610351562,25.110000610351562,25.110000610351562,1015
25.06999969482422,25.110000610351562,25.06999969482422,25.079999923706055,1661
25.079999923706055,25.09000015258789,25.079999923706055,25.09000015258789,1854
25.09000015258789,25.1200008392334,25.059999465942383,25.059999465942383,4951
25.059999465942383,25.110000610351562,25.059999465942383,25.06999969482422,3588
25.100000381469727,25.100000381469727,25.0,25.0,5601
25.030000686645508,25.030000686645508,24.989999771118164,25.0,2551
24.969999313354492,24.969999313354492,24.93000030517578,24.940000534057617,2525
24.924999237060547,24.924999237060547,24.90999984741211,24.90999984741211,545
24.924999237060547,24.950000762939453,24.899999618530273,24.950000762939453,3417
24.969999313354492,25.0,24.969999313354492,25.0,1732
25.010000228881836,25.010000228881836,24.969999313354492,24.975000381469727,4699
24.9950008392334,25.020000457763672,24.959999084472656,24.959999084472656,3501
24.90999984741211,24.920000076293945,24.899999618530273,24.920000076293945,1568
24.920000076293945,24.920000076293945,24.90999984741211,24.920000076293945,1395
24.90999984741211,24.90999984741211,24.829999923706055,24.829999923706055,3185
24.809999465942383,24.84000015258789,24.791000366210938,24.84000015258789,3861
24.829999923706055,24.864999771118164,24.81999969482422,24.84000015258789,2833
24.81999969482422,24.829999923706055,24.809999465942383,24.829999923706055,3475
24.81999969482422,24.93000030517578,24.81999969482422,24.93000030517578,7704
24.93000030517578,25.010000228881836,24.860000610351562,24.860000610351562,22772
24.85,24.9018,24.85,24.9018,0
24.760000228881836,24.924999237060547,24.760000228881836,24.924999237060547,2787
24.895000457763672,24.895000457763672,24.895000457763672,24.895000457763672,746
24.81999969482422,24.860000610351562,24.75,24.860000610351562,790
24.979999542236328,25.059999465942383,24.979999542236328,24.989999771118164,947
24.8799991607666,24.899999618530273,24.809999465942383,24.8700008392334,2134
24.829999923706055,24.8799991607666,24.80500030517578,24.80500030517578,759
24.81999969482422,24.84000015258789,24.780000686645508,24.84000015258789,961
24.8799991607666,24.979999542236328,24.84000015258789,24.84000015258789,1379
24.84000015258789,24.860000610351562,24.81999969482422,24.81999969482422,1146
24.799999237060547,24.799999237060547,24.75,24.75,601
24.760000228881836,24.760000228881836,24.760000228881836,24.760000228881836,322
24.790000915527344,24.790000915527344,24.75,24.75,365
24.829999923706055,24.860000610351562,24.78499984741211,24.78499984741211,2358
24.729999542236328,24.790000915527344,24.729999542236328,24.790000915527344,1124
24.790000915527344,24.790000915527344,24.790000915527344,24.790000915527344,927
24.75,24.75,24.75,24.75,750
24.68000030517578,24.709999084472656,24.670000076293945,24.709999084472656,1262
24.709999084472656,24.709999084472656,24.700000762939453,24.704999923706055,420
24.709999084472656,24.719999313354492,24.579999923706055,24.579999923706055,2856
24.530000686645508,24.540000915527344,24.530000686645508,24.540000915527344,1235
24.520000457763672,24.520000457763672,24.520000457763672,24.520000457763672,284
24.530000686645508,24.530000686645508,24.530000686645508,24.530000686645508,258
24.520000457763672,24.520000457763672,24.479999542236328,24.479999542236328,1071
24.530000686645508,24.530000686645508,24.530000686645508,24.530000686645508,400
24.5,24.5,24.415000915527344,24.415000915527344,524
24.440000534057617,24.440000534057617,24.41189956665039,24.43000030517578,517
24.459999084472656,24.459999084472656,24.459999084472656,24.459999084472656,332
24.469999313354492,24.469999313354492,24.469999313354492,24.469999313354492,356
24.475799560546875,24.475799560546875,24.475799560546875,24.475799560546875,353
24.55900001525879,24.55900001525879,24.55900001525879,24.55900001525879,321
24.610000610351562,24.65999984741211,24.610000610351562,24.65999984741211,435
24.6299991607666,24.6299991607666,24.6200008392334,24.6200008392334,718
24.600000381469727,24.600000381469727,24.540000915527344,24.579999923706055,2791
24.55900001525879,24.559999465942383,24.530000686645508,24.530000686645508,2512
24.540000915527344,24.540000915527344,24.479999542236328,24.479999542236328,1608
24.469999313354492,24.520000457763672,24.469999313354492,24.520000457763672,2621
24.489999771118164,24.489999771118164,24.479999542236328,24.489999771118164,874
24.459999084472656,24.459999084472656,24.439800262451172,24.439800262451172,371
24.420000076293945,24.420000076293945,24.399999618530273,24.399999618530273,832
24.370800018310547,24.370800018310547,24.370800018310547,24.370800018310547,497
24.424999237060547,24.424999237060547,24.424999237060547,24.424999237060547,908
24.43320083618164,24.448999404907227,24.329999923706055,24.329999923706055,2274
24.280000686645508,24.299999237060547,24.280000686645508,24.280000686645508,2365
24.219999313354492,24.219999313354492,24.219999313354492,24.219999313354492,172
24.197200775146484,24.219999313354492,24.174999237060547,24.200000762939453,1693
24.139999389648438,24.139999389648438,24.100000381469727,24.100000381469727,890
24.18000030517578,24.18000030517578,24.15999984741211,24.170000076293945,1194
24.1200008392334,24.15999984741211,24.06999969482422,24.06999969482422,3481
24.06999969482422,24.190000534057617,24.06999969482422,24.1299991607666,2244
24.1200008392334,24.139999389648438,24.100000381469727,24.135000228881836,1532
24.270000457763672,24.28059959411621,24.239999771118164,24.28059959411621,780
24.280000686645508,24.280000686645508,24.219999313354492,24.219999313354492,1059
24.149999618530273,24.15999984741211,24.059999465942383,24.079999923706055,1477
24.1200008392334,24.190000534057617,24.1200008392334,24.190000534057617,1054
24.170000076293945,24.209999084472656,24.139999389648438,24.184999465942383,1495
24.190000534057617,24.200000762939453,24.16160011291504,24.18000030517578,1602
24.15999984741211,24.15999984741211,24.155000686645508,24.155000686645508,309
24.1299991607666,24.139999389648438,24.100000381469727,24.1200008392334,2605
24.15999984741211,24.190000534057617,24.15999984741211,24.190000534057617,1020
24.260000228881836,24.31999969482422,24.239999771118164,24.31999969482422,1890
24.309999465942383,24.3799991607666,24.290000915527344,24.350000381469727,3362
24.31999969482422,24.31999969482422,24.280000686645508,24.299999237060547,1387
24.31999969482422,24.340299606323242,24.290000915527344,24.31999969482422,3096
24.329999923706055,24.34000015258789,24.299999237060547,24.299999237060547,2170
24.31999969482422,24.40999984741211,24.31999969482422,24.399999618530273,4029
24.40999984741211,24.40999984741211,24.3700008392334,24.395000457763672,1989
24.399999618530273,24.43000030517578,24.3799991607666,24.43000030517578,5180
24.40999984741211,24.440000534057617,24.360000610351562,24.420000076293945,5004
24.44499969482422,24.5,24.420000076293945,24.489999771118164,4093
24.479999542236328,24.479999542236328,24.3799991607666,24.3799991607666,7221
24.389999389648438,24.459999084472656,24.270000457763672,24.280000686645508,38930
24.29,24.4064,24.29,24.4064,0
24.170000076293945,24.299999237060547,24.139999389648438,24.139999389648438,2384
24.170000076293945,24.40999984741211,24.15999984741211,24.350000381469727,9298
24.5,24.5,24.399999618530273,24.434999465942383,1007
24.399999618530273,24.43000030517578,24.3700008392334,24.3700008392334,3023
24.450000762939453,24.450000762939453,24.389999389648438,24.389999389648438,2877
24.309999465942383,24.309999465942383,24.299999237060547,24.309999465942383,1315
24.270000457763672,24.270000457763672,24.200000762939453,24.200000762939453,647
24.25,24.309999465942383,24.25,24.290000915527344,1392
24.329999923706055,24.43000030517578,24.31999969482422,24.43000030517578,706
24.399999618530273,24.440000534057617,24.3700008392334,24.399999618530273,1431
24.395000457763672,24.530000686645508,24.395000457763672,24.530000686645508,852
24.5,24.579999923706055,24.5,24.579999923706055,684
24.59000015258789,24.59000015258789,24.510000228881836,24.510000228881836,1301
24.454999923706055,24.4950008392334,24.450000762939453,24.469999313354492,2141
24.610000610351562,24.610000610351562,24.579999923706055,24.600000381469727,1451
24.59000015258789,24.709999084472656,24.59000015258789,24.65999984741211,1403
24.690000534057617,24.690000534057617,24.639999389648438,24.68000030517578,2451
24.690000534057617,24.700000762939453,24.639999389648438,24.700000762939453,1679
24.729999542236328,24.770000457763672,24.719999313354492,24.770000457763672,749
24.75,24.760000228881836,24.68000030517578,24.719999313354492,2408
24.729999542236328,24.739999771118164,24.700000762939453,24.739999771118164,1288
24.739999771118164,24.799999237060547,24.700000762939453,24.790000915527344,3215
24.739999771118164,24.739999771118164,24.739999771118164,24.739999771118164,556
24.81999969482422,24.81999969482422,24.770000457763672,24.780000686645508,2285
24.829999923706055,24.84000015258789,24.670000076293945,24.770000457763672,5545
24.75,24.760000228881836,24.719999313354492,24.760000228881836,2223
24.809999465942383,24.809999465942383,24.790000915527344,24.795000076293945,962
24.829999923706055,24.850000381469727,24.829999923706055,24.850000381469727,1338
24.81999969482422,24.81999969482422,24.75,24.75,945
24.75,24.780000686645508,24.75,24.75,1365
24.739999771118164,24.739999771118164,24.700000762939453,24.700000762939453,1456
24.700000762939453,24.709999084472656,24.700000762939453,24.700000762939453,1107
24.670000076293945,24.670000076293945,24.6200008392334,24.6200008392334,3704
24.639999389648438,24.690000534057617,24.6299991607666,24.670000076293945,2300
24.655000686645508,24.690000534057617,24.655000686645508,24.690000534057617,663
24.690000534057617,24.690000534057617,24.639999389648438,24.670000076293945,1347
24.719999313354492,24.729999542236328,24.71500015258789,24.725000381469727,859
24.719999313354492,24.729999542236328,24.700000762939453,24.729999542236328,1003
24.700000762939453,24.700000762939453,24.670000076293945,24.690000534057617,746
24.700000762939453,24.739999771118164,24.700000762939453,24.739999771118164,1310
24.719999313354492,24.75,24.719999313354492,24.75,1822
24.739999771118164,24.739999771118164,24.719999313354492,24.719999313354492,663
24.709999084472656,24.709999084472656,24.709999084472656,24.709999084472656,1428
24.760000228881836,24.790000915527344,24.709999084472656,24.719200134277344,1912
24.729999542236328,24.729999542236328,24.700000762939453,24.729999542236328,532
24.729999542236328,24.760000228881836,24.729999542236328,24.760000228881836,605
24.729999542236328,24.760000228881836,24.690000534057617,24.690000534057617,2409
24.610000610351562,24.610000610351562,24.610000610351562,24.610000610351562,273
24.579999923706055,24.59000015258789,24.559999465942383,24.559999465942383,1491
24.559999465942383,24.59000015258789,24.549999237060547,24.59000015258789,1793
24.600000381469727,24.6200008392334,24.600000381469727,24.6200008392334,2038
24.6200008392334,24.6200008392334,24.600000381469727,24.600000381469727,954
24.56999969482422,24.56999969482422,24.5,24.520000457763672,1093
24.489999771118164,24.5,24.450000762939453,24.479999542236328,966
24.450000762939453,24.479999542236328,24.440000534057617,24.440000534057617,1076
24.420000076293945,24.440000534057617,24.420000076293945,24.440000534057617,912
24.43000030517578,24.5,24.43000030517578,24.469999313354492,1623
24.469999313354492,24.530000686645508,24.469999313354492,24.524999618530273,1431
24.549999237060547,24.579999923706055,24.520000457763672,24.549999237060547,2682
24.540000915527344,24.68000030517578,24.489999771118164,24.68000030517578,4545
24.649999618530273,24.649999618530273,24.600000381469727,24.6200008392334,957
24.655000686645508,24.670000076293945,24.639999389648438,24.670000076293945,1700
24.690000534057617,24.690000534057617,24.649999618530273,24.649999618530273,1654
24.670000076293945,24.670000076293945,24.6200008392334,24.6200008392334,2815
24.639999389648438,24.700000762939453,24.639999389648438,24.700000762939453,2375
24.700000762939453,24.700000762939453,24.690000534057617,24.700000762939453,2023
24.670000076293945,24.725000381469727,24.65999984741211,24.709999084472656,3439
24.725000381469727,24.729999542236328,24.6299991607666,24.639999389648438,3094
24.670000076293945,24.75,24.65999984741211,24.75,4062
24.75,24.770000457763672,24.690000534057617,24.700000762939453,3508
24.65999984741211,24.719999313354492,24.65999984741211,24.700000762939453,3065
24.719999313354492,24.719999313354492,24.700000762939453,24.709999084472656,2349
24.75,24.7549991607666,24.700000762939453,24.700000762939453,3875
24.709999084472656,24.709999084472656,24.649999618530273,24.65999984741211,5613
24.670000076293945,24.670000076293945,24.6200008392334,24.649999618530273,3741
24.639999389648438,24.655000686645508,24.56999969482422,24.621000289916992,6042
24.56999969482422,24.56999969482422,24.489999771118164,24.500499725341797,9364
24.510000228881836,24.549999237060547,24.5,24.510000228881836,15894
24.52,24.52,24.52,24.52,13607
25.67,25.67,25.67,25.67,0
25.19,25.19,25.19,25.19,0
25.6200008392334,25.6200008392334,25.6200008392334,25.6200008392334,2913
25.479999542236328,25.610000610351562,25.479999542236328,25.610000610351562,735
25.6200008392334,25.6200008392334,25.6200008392334,25.6200008392334,366
25.56999969482422,25.670000076293945,25.520000457763672,25.670000076293945,1065
25.639999389648438,25.649999618530273,25.639999389648438,25.649999618530273,827
25.6200008392334,25.700000762939453,25.610000610351562,25.68000030517578,795
25.719999313354492,25.739999771118164,25.719999313354492,25.739999771118164,697
25.780000686645508,25.809999465942383,25.760000228881836,25.780000686645508,1421
25.774999618530273,25.774999618530273,25.729999542236328,25.770000457763672,1180
25.780000686645508,25.790000915527344,25.780000686645508,25.790000915527344,612
25.80500030517578,25.8700008392334,25.790000915527344,25.8700008392334,1410
25.850000381469727,25.8700008392334,25.850000381469727,25.8700008392334,1070
25.860000610351562,25.875,25.850000381469727,25.8700008392334,1616
25.84000015258789,25.889999389648438,25.84000015258789,25.8799991607666,1009
25.940000534057617,25.940000534057617,25.940000534057617,25.940000534057617,258
25.93000030517578,25.950000762939453,25.924400329589844,25.937700271606445,1786
25.920000076293945,25.920000076293945,25.8799991607666,25.8799991607666,1628
25.834999084472656,25.920000076293945,25.834999084472656,25.899999618530273,4103
25.899999618530273,25.899999618530273,25.899999618530273,25.899999618530273,451
25.885000228881836,25.899900436401367,25.885000228881836,25.899900436401367,462
25.8700008392334,25.899999618530273,25.84000015258789,25.850000381469727,3788
25.860000610351562,25.864999771118164,25.850000381469727,25.864999771118164,1857
25.84000015258789,25.84000015258789,25.84000015258789,25.84000015258789,124
25.84000015258789,25.84000015258789,25.809999465942383,25.825000762939453,3094
25.850000381469727,25.8700008392334,25.850000381469727,25.8700008392334,471
25.8700008392334,25.889999389648438,25.860000610351562,25.8799991607666,1565
25.8799991607666,25.93000030517578,25.8799991607666,25.90999984741211,949
25.920000076293945,25.934999465942383,25.920000076293945,25.934999465942383,653
25.940000534057617,25.950000762939453,25.93000030517578,25.940000534057617,2476
25.969999313354492,25.969999313354492,25.969999313354492,25.969999313354492,670
25.989999771118164,25.989999771118164,25.959999084472656,25.959999084472656,1719
25.979999542236328,26.030000686645508,25.979999542236328,26.0049991607666,8591
26.030000686645508,26.031600952148438,26.020000457763672,26.031600952148438,779
26.059999465942383,26.059999465942383,26.049999237060547,26.049999237060547,2332
26.049999237060547,26.059999465942383,26.0,26.0,3713
25.979999542236328,25.979999542236328,25.93000030517578,25.93000030517578,1010
25.899999618530273,25.920000076293945,25.899999618530273,25.899999618530273,1070
25.90999984741211,25.90999984741211,25.889999389648438,25.889999389648438,523
25.905000686645508,25.940000534057617,25.905000686645508,25.920000076293945,3069
25.93000030517578,25.950000762939453,25.93000030517578,25.950000762939453,957
25.94499969482422,25.94499969482422,25.920000076293945,25.934999465942383,1345
25.90999984741211,25.940000534057617,25.90999984741211,25.93000030517578,1789
25.940000534057617,25.940000534057617,25.940000534057617,25.940000534057617,138
25.940000534057617,25.950000762939453,25.940000534057617,25.94499969482422,798
25.959999084472656,25.979999542236328,25.959999084472656,25.979999542236328,1312
25.979999542236328,25.979999542236328,25.979999542236328,25.979999542236328,615
25.979999542236328,25.989999771118164,25.969999313354492,25.989999771118164,1773
25.9950008392334,25.9950008392334,25.9950008392334,25.9950008392334,106
25.976600646972656,26.010000228881836,25.976600646972656,26.010000228881836,3629
26.030000686645508,26.030000686645508,26.020000457763672,26.020000457763672,2750
26.030000686645508,26.06999969482422,26.030000686645508,26.059999465942383,2835
26.069000244140625,26.069000244140625,26.030000686645508,26.030000686645508,1979
26.059999465942383,26.110000610351562,26.020000457763672,26.079999923706055,2687
26.09000015258789,26.149999618530273,26.09000015258789,26.139999389648438,2178
26.139999389648438,26.170000076293945,26.100000381469727,26.1299991607666,2689
26.149999618530273,26.149999618530273,26.1299991607666,26.149999618530273,2001
26.145000457763672,26.219999313354492,26.145000457763672,26.219999313354492,2284
26.239999771118164,26.280000686645508,26.229999542236328,26.280000686645508,1908
26.31999969482422,26.31999969482422,26.290000915527344,26.290000915527344,1660
26.280000686645508,26.299999237060547,26.260000228881836,26.260000228881836,2300
26.229999542236328,26.229999542236328,26.170000076293945,26.170000076293945,3948
26.170000076293945,26.170000076293945,26.14900016784668,26.14900016784668,1579
26.1200008392334,26.1200008392334,26.09000015258789,26.094999313354492,487
26.09000015258789,26.1299991607666,26.09000015258789,26.1200008392334,1883
26.149999618530273,26.239999771118164,26.135000228881836,26.239999771118164,2817
26.229999542236328,26.229999542236328,26.209999084472656,26.209999084472656,1014
26.190000534057617,26.200000762939453,26.18000030517578,26.190000534057617,2195
26.200000762939453,26.219999313354492,26.190000534057617,26.200000762939453,1895
26.204999923706055,26.209999084472656,26.18000030517578,26.209999084472656,2348
26.21500015258789,26.229999542236328,26.190000534057617,26.219999313354492,3610
26.229999542236328,26.229999542236328,26.149999618530273,26.170000076293945,6432
26.184999465942383,26.229999542236328,26.184999465942383,26.219999313354492,2331
26.219999313354492,26.260000228881836,26.219999313354492,26.260000228881836,4120
26.264999389648438,26.34000015258789,26.264999389648438,26.34000015258789,5672
26.350000381469727,26.3700008392334,26.334999084472656,26.334999084472656,10033
26.34000015258789,26.3700008392334,26.280000686645508,26.360000610351562,30815
26.36,26.36,26.36,26.36,0
