Open,High,Low,Close,Volume
108.7,108.7,108.06,108.06,0
107.06,107.28,107.06,107.28,0
107.16,107.16,107.16,107.16,0
107.54,108.54,107.01,108.0,0
108.0,108.0,108.0,108.0,0
107.5,108.0,107.0,107.5,0
107.01,107.86,107.0,107.03,0
107.05,107.1,107.0,107.09,0
107.09,107.96,107.09,107.96,0
107.13,107.92,107.1,107.11,0
107.11,107.88,106.49,107.05,0
107.01000213623047,107.48999786376953,106.8499984741211,107.16500091552734,202892
107.25,107.77999877929688,107.18000030517578,107.7699966430664,200912
107.7699966430664,108.2300033569336,107.66000366210938,107.98999786376953,138205
107.91999816894531,107.9800033569336,107.44999694824219,107.86499786376953,99767
107.87999725341797,107.87999725341797,107.22000122070312,107.44999694824219,69314
107.47000122070312,107.6449966430664,107.13999938964844,107.16000366210938,120580
107.12000274658203,107.23999786376953,107.01000213623047,107.18000030517578,89204
107.17500305175781,107.30000305175781,107.0416030883789,107.11499786376953,107286
107.0999984741211,107.2699966430664,106.87999725341797,107.12000274658203,169888
107.16000366210938,107.19999694824219,106.98580169677734,107.18000030517578,164079
107.18000030517578,107.19999694824219,106.69000244140625,106.86000061035156,112814
106.86499786376953,107.05000305175781,106.7322006225586,106.73999786376953,106350
106.73999786376953,107.02999877929688,106.625,106.70999908447266,125228
106.7300033569336,106.80999755859375,106.36000061035156,106.43000030517578,117265
106.44000244140625,106.61000061035156,106.4000015258789,106.61000061035156,113939
106.59500122070312,106.7699966430664,106.27999877929688,106.44999694824219,100080
106.44000244140625,106.6500015258789,106.43219757080078,106.61000061035156,94674
106.5999984741211,106.69999694824219,106.37000274658203,106.58219909667969,158579
106.56999969482422,106.94999694824219,106.55999755859375,106.81999969482422,232224
106.8561019897461,107.25,106.83000183105469,107.2249984741211,94879
107.20999908447266,107.5,107.19000244140625,107.2300033569336,70037
107.20999908447266,107.77999877929688,107.19000244140625,107.75,99156
107.72000122070312,107.72000122070312,107.16000366210938,107.18000030517578,87765
107.16000366210938,107.22000122070312,106.9800033569336,107.16999816894531,98789
107.16500091552734,107.2699966430664,106.91999816894531,106.91999816894531,104797
106.91000366210938,107.2699966430664,106.7699966430664,106.91000366210938,578787
106.91,107.955,106.585,106.91,0
106.91,107.95,106.29,107.95,0
107.44,108.99,106.91,106.91,0
106.91,107.905,106.91,107.905,0
107.16,107.16,107.16,107.16,0
107.2,107.765,107.2,107.765,0
107.03,107.765,107.03,107.765,0
107.44,107.44,107.44,107.44,0
107.51,107.51,107.51,107.51,0
108.17,108.17,108.17,108.17,0
107.41,108.0,107.41,108.0,0
108.5,108.5,106.51,106.91,0
107.57,107.57,107.57,107.57,0
106.79,106.79,106.79,106.79,0
106.93,107.07,106.93,107.07,0
107.77,107.77,107.77,107.77,0
107.65,107.65,107.65,107.65,0
108.5,108.5,107.25,107.88,0
107.5,107.5,106.91,107.5,0
107.44,107.9758,106.91,107.38,0
107.35,107.88,107.25,107.88,0
107.49,107.49,106.8616,107.455,0
107.33,107.33,106.6,107.23,0
106.7699966430664,107.2750015258789,106.5,106.97000122070312,160748
106.5999984741211,106.83999633789062,106.2300033569336,106.44000244140625,262187
106.47000122070312,106.54000091552734,105.7300033569336,106.4000015258789,123882
106.4000015258789,106.58999633789062,105.72000122070312,105.72000122070312,129351
105.7300033569336,105.87000274658203,105.45999908447266,105.45999908447266,84310
105.46499633789062,105.79000091552734,105.29000091552734,105.41999816894531,175030
105.41000366210938,105.65499877929688,105.22000122070312,105.4000015258789,186421
105.41999816894531,105.66500091552734,105.23500061035156,105.5,141897
105.48999786376953,105.66500091552734,105.16999816894531,105.53500366210938,136200
105.53980255126953,106.44999694824219,105.43499755859375,106.3499984741211,109692
106.37000274658203,106.6500015258789,106.19000244140625,106.48999786376953,87617
106.4800033569336,106.61000061035156,106.19999694824219,106.3499984741211,71507
106.37999725341797,106.42500305175781,105.9000015258789,106.01000213623047,85649
106.02999877929688,106.38999938964844,105.99500274658203,106.38999938964844,69492
106.37999725341797,106.37999725341797,105.87999725341797,105.98999786376953,95139
106.01129913330078,106.16000366210938,105.88999938964844,105.88999938964844,74044
105.87000274658203,105.87999725341797,105.54000091552734,105.66999816894531,156910
105.66000366210938,105.94000244140625,105.61000061035156,105.93000030517578,87719
105.9000015258789,106.00499725341797,105.44999694824219,105.4800033569336,64814
105.46499633789062,105.56800079345703,105.4000015258789,105.45999908447266,57931
105.48999786376953,105.86000061035156,105.47000122070312,105.83000183105469,79040
105.83999633789062,105.83999633789062,105.48500061035156,105.69000244140625,89552
105.63999938964844,105.66000366210938,105.2699966430664,105.51499938964844,161328
105.52999877929688,105.58000183105469,105.36499786376953,105.40499877929688,120362
105.38999938964844,105.62999725341797,105.18000030517578,105.58499908447266,192748
105.58499908447266,105.72000122070312,105.29000091552734,105.37000274658203,512944
105.38,105.8,105.33,105.8,0
105.745,105.745,105.27,105.36,0
105.48,105.72,105.14,105.72,0
105.38,105.555,105.38,105.39,0
105.38,105.72,105.38,105.54,0
105.54,105.72,105.38,105.43,0
105.38,105.71,105.27,105.71,0
105.71,105.72,105.49,105.605,0
105.72,105.72,105.72,105.72,0
105.61,105.71,105.61,105.71,0
105.72,105.72,105.55,105.72,0
106.45,106.45,106.45,106.45,0
106.02,106.02,105.6,105.6,0
106.91,107.0,106.91,107.0,0
106.0,106.0,106.0,106.0,0
106.21,106.3,105.77,105.77,0
105.79,105.79,105.79,105.79,0
106.73,106.95,105.42,106.43,0
105.81,106.38,105.75,106.05,0
106.0,106.14,105.73,106.0,0
106.0,106.75,105.25,105.38,0
105.37999725341797,106.93000030517578,105.30000305175781,106.70500183105469,201634
106.66999816894531,107.2300033569336,106.51799774169922,106.70500183105469,149098
106.70999908447266,106.86000061035156,106.52999877929688,106.52999877929688,30048
107.0999984741211,107.16000366210938,106.9800033569336,107.05000305175781,1448521
107.05999755859375,107.05999755859375,106.80000305175781,106.88999938964844,85858
106.91000366210938,106.91999816894531,106.24500274658203,106.45999908447266,122986
106.45999908447266,106.5999984741211,106.3998031616211,106.41999816894531,116230
106.33999633789062,106.37999725341797,106.1500015258789,106.19999694824219,78551
106.19000244140625,106.55999755859375,106.05000305175781,106.05000305175781,95075
106.05000305175781,106.19000244140625,105.99500274658203,106.05000305175781,101615
106.04499816894531,106.04499816894531,105.72000122070312,105.7249984741211,142627
105.73500061035156,105.88999938964844,105.53500366210938,105.72000122070312,217912
105.68000030517578,105.80999755859375,105.08499908447266,105.13999938964844,147293
105.16000366210938,105.2300033569336,104.68000030517578,104.69499969482422,165720
104.69999694824219,104.76000213623047,104.27999877929688,104.33000183105469,515022
104.31999969482422,104.36000061035156,103.91000366210938,104.08999633789062,609765
104.06,104.6,104.01,104.22,0
104.0,104.22,103.92,104.08,0
103.93,104.06,103.77,103.96,0
103.89,107.69,103.52,107.69,0
104.08,107.69,103.66,107.04,0
104.04,105.56,104.02,104.16,0
104.16,106.93,104.16,104.59,0
106.93,106.93,104.16,105.32,0
106.48,106.48,104.16,104.16,0
104.16,104.5,104.16,104.17,0
104.17,104.17,104.17,104.17,0
104.08,104.94,104.08,104.42,0
104.3,104.3,104.3,104.3,0
104.33,104.85,104.33,104.85,0
104.81,105.67,103.9,104.0,0
104.0,104.3,103.9,104.3,0
104.2,104.2,104.2,104.2,0
104.06,104.06,104.05,104.05,0
104.38,104.4,103.9,104.0,0
104.0,104.77,104.0,104.77,0
104.76,104.77,104.06,104.72,0
104.0,104.77,104.0,104.77,0
104.385,104.77,104.11,104.335,0
103.99,104.71,103.9,103.96,0
103.9000015258789,105.19999694824219,103.80999755859375,104.5,522258
104.62000274658203,105.19000244140625,104.44000244140625,104.66999816894531,235071
104.68499755859375,104.91000366210938,103.8499984741211,104.05999755859375,182138
103.97000122070312,104.61000061035156,103.61000061035156,104.41000366210938,219934
104.38500213623047,104.96499633789062,104.18000030517578,104.6449966430664,161653
104.5999984741211,104.94000244140625,104.42500305175781,104.68000030517578,180422
104.69999694824219,104.86000061035156,104.37000274658203,104.5999984741211,106469
104.5999984741211,104.94000244140625,104.36000061035156,104.44000244140625,103433
104.44000244140625,104.48500061035156,103.94000244140625,104.01000213623047,175599
104.04000091552734,104.08499908447266,103.51000213623047,103.76599884033203,150027
103.76000213623047,103.88999938964844,103.51000213623047,103.55999755859375,128497
103.55000305175781,103.93000030517578,103.4800033569336,103.66000366210938,94104
103.66000366210938,103.80000305175781,103.4800033569336,103.57219696044922,110279
103.52999877929688,103.6449966430664,103.19999694824219,103.27960205078125,141453
103.2699966430664,103.3499984741211,102.87000274658203,103.2406997680664,131389
103.22000122070312,103.25,102.62000274658203,102.7300033569336,140541
102.72000122070312,102.87000274658203,102.49970245361328,102.66400146484375,120863
102.66000366210938,102.9000015258789,102.26000213623047,102.30500030517578,133787
102.31999969482422,102.68000030517578,102.26000213623047,102.32499694824219,110718
102.33999633789062,102.55999755859375,102.05000305175781,102.20999908447266,125006
102.18499755859375,102.4800033569336,102.0999984741211,102.26200103759766,104272
102.25,102.36000061035156,101.9000015258789,101.93409729003906,131234
101.92500305175781,102.16999816894531,101.68550109863281,101.93000030517578,154836
101.92500305175781,102.23999786376953,101.51000213623047,101.72000122070312,182994
101.70999908447266,102.27999877929688,101.69999694824219,102.0198974609375,323981
102.0,102.24469757080078,101.55999755859375,101.58999633789062,803922
101.62,102.5,101.5,101.7,0
101.52,101.82,101.52,101.65,0
101.608,101.7,101.608,101.69,0
101.632,101.69,101.62,101.62,0
101.65,101.69,101.62,101.69,0
101.65,101.69,101.6,101.62,0
101.62,101.62,101.6,101.62,0
101.6,101.67,101.53,101.53,0
101.66,101.69,101.65,101.65,0
101.64,101.65,101.64,101.65,0
101.65,101.65,101.62,101.62,0
101.62,101.9045,101.52,101.69,0
106.44499969482422,106.44999694824219,105.69999694824219,105.79000091552734,4136755
105.81999969482422,106.20500183105469,105.52999877929688,105.7249984741211,136844
105.70130157470703,106.16999816894531,105.61000061035156,105.79000091552734,263945
105.80000305175781,105.95999908447266,105.80000305175781,105.90499877929688,23422
105.67,105.67,105.67,105.67,1674904
105.5,105.5,105.5,105.5,0
104.83,105.0,104.83,105.0,0
105.0,105.0,105.0,105.0,0
106.5,106.5,106.5,106.5,0
104.01,104.01,104.01,104.01,0
105.43,105.43,105.43,105.43,0
106.08,106.08,106.08,106.08,0
105.93,105.93,105.5,105.5,0
105.31999969482422,105.33999633789062,104.66000366210938,104.77999877929688,239125
104.80500030517578,105.80999755859375,104.77999877929688,105.375,401494
105.91000366210938,105.93000030517578,105.30999755859375,105.30999755859375,252938
106.2699966430664,106.2699966430664,105.76000213623047,105.83999633789062,267948
105.69999694824219,105.77999877929688,105.56999969482422,105.66000366210938,153874
105.87000274658203,105.87000274658203,105.66999816894531,105.69000244140625,105045
105.79499816894531,105.8499984741211,105.76000213623047,105.8499984741211,161811
106.27999877929688,106.37000274658203,106.27999877929688,106.27999877929688,128945
106.30000305175781,106.30000305175781,105.7699966430664,105.8499984741211,48461
105.45999908447266,105.45999908447266,105.45999908447266,105.45999908447266,136243
105.75499725341797,105.93000030517578,105.69999694824219,105.91000366210938,124498
105.9000015258789,105.91999816894531,105.55999755859375,105.63999938964844,150314
105.80000305175781,105.83000183105469,105.51000213623047,105.6050033569336,843809
105.68000030517578,106.01000213623047,105.62000274658203,105.9000015258789,373866
105.73999786376953,105.77999877929688,105.72000122070312,105.73999786376953,97768
105.9000015258789,105.9000015258789,105.44999694824219,105.52999877929688,102409
105.65039825439453,105.70999908447266,105.55999755859375,105.68000030517578,95875
105.7300033569336,105.7699966430664,105.56999969482422,105.5999984741211,104415
105.38999938964844,105.44999694824219,105.33000183105469,105.44499969482422,361970
104.62999725341797,105.20999908447266,104.5999984741211,105.20999908447266,267350
104.9000015258789,105.01000213623047,104.75980377197266,104.8499984741211,318572
105.05000305175781,105.16000366210938,104.7699966430664,104.83999633789062,622468
104.23999786376953,104.51000213623047,104.23999786376953,104.38999938964844,537812
104.26000213623047,104.36000061035156,104.25,104.36000061035156,514414
104.58999633789062,104.63999938964844,104.30000305175781,104.33999633789062,949453
103.91500091552734,104.0999984741211,103.87000274658203,104.06999969482422,867829
104.22,104.22,104.22,104.22,0
104.22,104.22,104.18,104.22,0
104.0,104.22,103.34,103.95,0
103.95,105.0,103.95,104.0,0
104.02,104.5,104.01,104.02,0
104.02,105.305,104.02,105.305,0
104.31,104.59,104.31,104.59,0
104.22,104.22,104.0,104.0,0
104.1,104.1,104.1,104.1,0
104.22,104.22,104.22,104.22,0
104.77,104.77,104.77,104.77,0
104.31,104.36,104.31,104.36,0
104.52,104.52,104.22,104.25,0
104.22,104.22,104.18,104.22,0
104.9,104.9,104.9,104.9,0
104.23,104.55,104.22,104.22,0
104.33,104.33,103.99,103.99,0
103.96,104.33,103.96,104.33,0
104.22,104.9899,104.22,104.9899,0
104.51,104.51,104.51,104.51,0
104.51,104.51,104.51,104.51,0
104.28,105.5,104.28,105.005,0
105.005,105.5,103.1,104.03,0
103.91999816894531,107.1500015258789,103.7699966430664,107.04000091552734,295642
107.16999816894531,107.3499984741211,106.51000213623047,106.92500305175781,186599
106.94499969482422,107.01000213623047,106.3499984741211,107.0,109288
107.01000213623047,107.01000213623047,106.41000366210938,106.55000305175781,126391
106.55000305175781,107.26000213623047,106.4000015258789,107.2300033569336,137771
107.19999694824219,107.5,107.05999755859375,107.16000366210938,106986
107.16000366210938,107.76000213623047,107.16000366210938,107.62000274658203,82163
107.61000061035156,107.69999694824219,107.05999755859375,107.13970184326172,100755
107.08999633789062,107.56999969482422,107.02999877929688,107.125,156857
107.1500015258789,107.69000244140625,107.1500015258789,107.69000244140625,84105
107.69000244140625,107.69000244140625,106.66999816894531,106.76000213623047,80004
106.75,106.75,106.06999969482422,106.26000213623047,162030
106.22599792480469,106.29000091552734,105.62000274658203,105.81999969482422,127293
105.79000091552734,106.16000366210938,105.41999816894531,106.00499725341797,200400
105.9800033569336,106.1500015258789,105.45999908447266,105.80000305175781,211805
105.80000305175781,105.9800033569336,105.41999816894531,105.52999877929688,268079
105.5,105.80999755859375,105.30999755859375,105.44999694824219,87758
105.4800033569336,106.29000091552734,105.3499984741211,106.18000030517578,149664
106.1500015258789,106.61000061035156,106.12999725341797,106.41999816894531,84393
106.41999816894531,106.41999816894531,105.75,105.80000305175781,104096
105.80500030517578,106.41000366210938,105.54000091552734,106.33999633789062,191666
106.30000305175781,106.43000030517578,105.7699966430664,106.0199966430664,104887
106.04000091552734,106.3550033569336,105.75499725341797,105.93000030517578,173382
105.95999908447266,106.30000305175781,105.79000091552734,106.08999633789062,137452
106.08999633789062,106.38999938964844,105.81999969482422,106.3499984741211,149835
106.37000274658203,106.63999938964844,106.01000213623047,106.0199966430664,368182
106.03,107.0,105.05,106.33,0
106.38,106.38,106.05,106.265,0
106.49,107.9,106.03,106.965,0
107.9,107.9,106.265,106.965,0
106.03,106.965,106.03,106.06,0
106.06,107.9,106.04,106.965,0
106.06,106.72,106.03,106.04,0
106.03,107.89,106.03,106.03,0
106.55,106.58,106.55,106.55,0
106.5,106.5,106.1,106.12,0
106.12,106.12,106.11,106.11,0
106.25,108.52,106.03,108.52,0
106.03,106.03,105.98,105.98,0
105.97,105.97,105.97,105.97,0
105.41,105.41,105.41,105.41,0
105.0,105.0,104.18,104.18,0
104.17,105.0,104.17,105.0,0
105.98,105.98,105.43,105.43,0
104.25,105.0,104.25,105.0,0
105.0,105.98,104.75,105.01,0
105.04,105.96,105.01,105.96,0
106.03,106.03,104.24,105.5,0
105.135,106.03,104.44,105.5,0
105.70999908447266,105.77999877929688,104.80000305175781,105.22000122070312,159075
105.16999816894531,106.0199966430664,105.0999984741211,105.68000030517578,128720
105.61499786376953,106.0999984741211,105.11000061035156,105.37000274658203,157850
105.375,105.61000061035156,105.11000061035156,105.26000213623047,102335
105.25,105.52999877929688,105.05269622802734,105.27999877929688,222055
105.27999877929688,105.94000244140625,105.16000366210938,105.93000030517578,115984
105.93000030517578,106.1500015258789,105.69999694824219,106.08000183105469,104680
106.0,106.41999816894531,105.87000274658203,106.36000061035156,120543
106.38999938964844,106.625,106.22000122070312,106.4000015258789,100541
106.4000015258789,106.61000061035156,105.98999786376953,106.56999969482422,80429
106.56999969482422,106.83999633789062,106.45999908447266,106.55999755859375,97691
106.56999969482422,106.80999755859375,106.33999633789062,106.3499984741211,94123
106.30999755859375,106.7699966430664,106.22000122070312,106.72000122070312,102336
106.72000122070312,106.74500274658203,106.33000183105469,106.58999633789062,71683
106.62999725341797,106.97000122070312,106.58000183105469,106.63999938964844,97777
106.6500015258789,106.84500122070312,106.45999908447266,106.62000274658203,75459
106.63999938964844,106.93000030517578,106.61499786376953,106.70999908447266,50570
106.6947021484375,106.77999877929688,106.52999877929688,106.5999984741211,130827
106.5999984741211,106.80000305175781,106.37999725341797,106.51000213623047,104635
106.52999877929688,106.73500061035156,106.48999786376953,106.63999938964844,133689
106.63999938964844,107.30999755859375,106.43000030517578,107.30000305175781,145408
107.27999877929688,107.94000244140625,107.13500213623047,107.88999938964844,112989
107.91999816894531,108.16000366210938,107.77999877929688,107.9000015258789,216972
107.91999816894531,107.94999694824219,107.31999969482422,107.69999694824219,238293
107.66000366210938,108.08499908447266,107.375,108.06999969482422,164613
108.08000183105469,108.7300033569336,108.05000305175781,108.62000274658203,675867
108.65,108.78,106.47,108.65,0
108.34,108.65,104.24,104.24,0
108.71,108.71,106.47,107.93,0
104.24,108.6907,104.24,107.59,0
108.145,108.6,108.145,108.54,0
108.6,108.71,108.275,108.275,0
108.545,108.545,108.545,108.545,0
107.59,108.96,107.59,108.96,0
108.96,108.96,108.96,108.96,0
109.5,109.5,107.59,107.59,0
108.15,108.15,108.15,108.15,0
108.96,108.96,108.96,108.96,0
108.24,108.24,108.24,108.24,0
108.5,108.5,108.5,108.5,0
108.59,108.6,108.59,108.6,0
108.6,108.6,108.6,108.6,0
108.65,108.88,108.2,108.3,0
108.08,108.21,107.81,108.21,0
108.29,108.29,108.27,108.27,0
108.02,108.05,108.02,108.04,0
108.14,108.4,108.0,108.2,0
107.9,107.9,107.82,107.82,0
108.52,108.52,108.26,108.4,0
108.2,108.63,108.2,108.34,0
108.27,108.64,107.76,107.7933,0
107.76,108.7,107.76,108.165,0
108.19999694824219,108.23999786376953,107.0199966430664,107.3949966430664,222593
107.41000366210938,108.0999984741211,106.88999938964844,108.06999969482422,179752
108.03500366210938,108.38939666748047,107.62000274658203,108.375,110770
108.3949966430664,108.43000030517578,107.97010040283203,108.12999725341797,85788
108.0999984741211,108.38999938964844,107.97000122070312,108.1500015258789,132410
108.16000366210938,108.16000366210938,107.68000030517578,107.83999633789062,87864
107.82499694824219,107.91000366210938,107.2300033569336,107.45500183105469,120342
107.43000030517578,107.73999786376953,107.29499816894531,107.58999633789062,101993
107.58499908447266,107.5999984741211,107.36000061035156,107.47000122070312,78976
107.4572982788086,107.76000213623047,107.30000305175781,107.72000122070312,85137
107.73999786376953,107.75,107.30000305175781,107.33000183105469,94625
107.33499908447266,107.5999984741211,107.30000305175781,107.5199966430664,124666
107.52999877929688,107.55000305175781,107.13999938964844,107.2300033569336,131006
107.20500183105469,107.63999938964844,107.12999725341797,107.57949829101562,101744
107.58499908447266,107.58499908447266,107.30000305175781,107.4800033569336,136365
107.47000122070312,107.86000061035156,107.37000274658203,107.83999633789062,69924
107.83999633789062,108.22000122070312,107.77999877929688,108.0199966430664,70829
108.05989837646484,108.05989837646484,107.80999755859375,107.86499786376953,39613
107.83999633789062,108.05999755859375,107.79000091552734,107.95999908447266,44645
107.98999786376953,108.01000213623047,107.76000213623047,107.88999938964844,59196
107.9000015258789,107.95999908447266,107.80999755859375,107.86000061035156,64645
107.87000274658203,107.9000015258789,107.68000030517578,107.7699966430664,94690
107.75,107.81999969482422,107.44000244140625,107.55000305175781,132739
107.54000091552734,107.69999694824219,107.30000305175781,107.5199966430664,115065
107.54499816894531,107.80500030517578,107.41999816894531,107.70500183105469,138640
107.70500183105469,108.27999877929688,107.69000244140625,108.11000061035156,712469
108.17,108.85,107.21,107.96,0
108.17,108.17,107.56,108.15,0
107.22,108.17,107.22,108.17,0
108.17,108.17,107.22,108.0,0
107.735,107.735,107.735,107.735,0
108.0,108.0,107.65,107.65,0
107.85,107.85,107.85,107.85,0
107.75,107.9,107.6,107.9,0
107.94,107.94,107.61,107.61,0
107.9,107.95,107.85,107.95,0
107.61,107.61,107.26,107.26,0
107.85,107.85,107.84,107.85,0
107.85,108.37,107.85,108.37,0
108.33,108.33,108.33,108.33,0
108.35,108.35,108.33,108.33,0
108.33,108.33,108.33,108.33,0
108.33,108.33,108.33,108.33,0
108.08,108.08,108.0,108.0,0
107.9,107.9,107.9,107.9,0
107.83,107.83,107.7,107.7,0
107.91,108.35,107.7,108.1,0
107.81,107.97,107.57,107.7,0
107.69,107.86,107.69,107.86,0
107.84,108.17,107.4,107.89,0
107.75,107.89,107.4,107.42,0
107.42,107.89,107.42,107.89,0
107.7,108.17,107.7,107.7,0
107.86,108.17,107.68,107.94,0
107.72,108.0,107.71,107.855,0
107.72000122070312,108.19999694824219,107.09500122070312,107.58999633789062,363843
107.58999633789062,107.69000244140625,107.08999633789062,107.4000015258789,125910
107.41000366210938,107.43000030517578,106.75,107.04000091552734,134451
107.06500244140625,107.19000244140625,106.94999694824219,106.94999694824219,250308
107.0199966430664,107.66000366210938,106.94999694824219,107.5199966430664,158180
107.54000091552734,107.7300033569336,107.33499908447266,107.5999984741211,159846
107.58999633789062,107.61000061035156,107.12000274658203,107.48999786376953,102188
107.5,107.77999877929688,107.41000366210938,107.7699966430664,92424
107.7300033569336,107.9749984741211,107.43000030517578,107.70999908447266,82740
107.71499633789062,107.87999725341797,107.5999984741211,107.72000122070312,61510
107.73999786376953,107.95999908447266,107.68000030517578,107.8499984741211,61899
107.83000183105469,108.06999969482422,107.81999969482422,108.0199966430664,51622
108.0199966430664,108.02999877929688,107.40979766845703,107.48999786376953,67543
107.45999908447266,107.94000244140625,107.31500244140625,107.94000244140625,67101
107.93000030517578,108.0199966430664,107.66000366210938,108.0,144617
108.0,108.19999694824219,107.9800033569336,108.05000305175781,102382
108.05000305175781,108.34500122070312,108.01000213623047,108.31999969482422,82488
108.31999969482422,108.4000015258789,108.23500061035156,108.38999938964844,119196
108.38999938964844,108.55000305175781,108.19000244140625,108.21499633789062,59583
108.2699966430664,108.33000183105469,108.1500015258789,108.29000091552734,82716
108.30000305175781,108.5,108.19999694824219,108.41000366210938,115586
108.41000366210938,108.69499969482422,108.41000366210938,108.58999633789062,81942
108.56999969482422,109.02999877929688,108.55000305175781,108.85800170898438,128790
108.87999725341797,109.12999725341797,108.7699966430664,109.06999969482422,89095
109.08999633789062,109.25,108.83499908447266,109.25,106155
109.2699966430664,109.75,109.2300033569336,109.55000305175781,549105
109.55,109.55,107.3,109.55,0
108.88,109.55,108.0,109.53,0
109.55,109.55,108.59,109.55,0
109.54,109.55,108.65,109.325,0
109.55,109.55,109.32,109.49,0
109.22,109.4,109.22,109.35,0
109.35,109.55,109.1,109.1,0
109.5399,109.54,108.66,109.0999,0
109.1,109.1,109.1,109.1,0
109.49,109.49,109.49,109.49,0
109.49,109.49,108.7,108.72,0
109.1,109.54,109.1,109.1,0
110.0,110.0,110.0,110.0,0
109.95,109.95,109.9,109.9,0
109.83,109.83,109.83,109.83,0
109.55,109.88,109.42,109.88,0
109.86,109.86,109.7,109.7,0
109.73,109.87,109.71,109.72,0
109.72,109.74,109.72,109.74,0
109.8788,109.88,108.55,109.0,0
109.88,109.88,109.0,109.55,0
109.88,109.88,109.7,109.8,0
109.7,109.88,109.7,109.88,0
109.04,109.88,109.01,109.35,0
109.615,109.88,108.68,109.55,0
109.61000061035156,109.7300033569336,107.93499755859375,108.4800033569336,343718
108.4800033569336,109.61000061035156,108.1500015258789,109.158203125,423839
109.13500213623047,109.5999984741211,108.86000061035156,109.19999694824219,218321
109.19999694824219,109.68499755859375,109.16000366210938,109.63500213623047,121764
109.63500213623047,109.81999969482422,109.2699966430664,109.42949676513672,130188
109.40499877929688,109.87000274658203,109.0,109.2699966430664,106210
109.23999786376953,109.41999816894531,108.9000015258789,109.20999908447266,106428
109.2300033569336,109.8499984741211,109.13999938964844,109.80000305175781,126538
109.79000091552734,110.12999725341797,109.56999969482422,110.02999877929688,196186
110.05000305175781,110.1500015258789,109.94999694824219,110.08999633789062,80487
110.04000091552734,110.5,109.9749984741211,110.36499786376953,83919
110.36000061035156,110.38999938964844,110.16000366210938,110.25,70040
110.25499725341797,110.33499908447266,110.13999938964844,110.26499938964844,57520
110.27999877929688,110.38999938964844,110.25,110.37999725341797,47976
110.37999725341797,110.47000122070312,110.12999725341797,110.18499755859375,77220
110.20500183105469,110.20999908447266,109.76000213623047,109.83000183105469,74529
109.80000305175781,110.04000091552734,109.79499816894531,109.91000366210938,91088
109.91000366210938,109.94000244140625,109.72000122070312,109.83799743652344,85484
109.83000183105469,109.94999694824219,109.58000183105469,109.58000183105469,145784
109.62999725341797,109.62999725341797,109.36000061035156,109.47000122070312,190568
109.47000122070312,109.7249984741211,109.37999725341797,109.48570251464844,95244
109.4800033569336,109.5999984741211,109.41000366210938,109.48999786376953,79842
109.51000213623047,109.88500213623047,109.41500091552734,109.58999633789062,136577
109.58000183105469,109.94999694824219,109.56500244140625,109.72000122070312,167598
109.7300033569336,109.8125,109.29000091552734,109.37000274658203,313342
109.37999725341797,109.75,109.11499786376953,109.58000183105469,922850
109.58,118.88,109.0,116.7,0
117.0,120.0,116.5,118.0,0
118.25,119.5,117.0,119.0,0
119.0,120.01,119.0,119.47,0
119.03,119.5,118.5,119.36,0
119.35,119.6,119.05,119.5,0
119.5,119.6,119.1,119.44,0
119.44,119.44,118.0,118.01,0
118.25,118.8,118.01,118.35,0
118.5,118.5,118.13,118.2,0
118.21,118.5,117.95,117.95,0
117.94,118.2,117.5,117.8,0
116.75,118.22,116.75,117.05,0
117.05,118.06,117.05,117.6,0
117.62,118.06,117.62,118.06,0
118.06,118.06,117.5,117.72,0
117.5,117.72,117.5,117.72,0
117.72,117.72,117.72,117.72,0
118.06,118.06,118.0,118.06,0
117.72,117.72,117.72,117.72,0
117.5,117.72,117.5,117.72,0
117.75,118.05,117.75,117.75,0
117.72,117.98,117.55,117.8,0
117.6,118.0,117.4,118.0,0
117.95,118.5,117.51,118.2,0
118.44,118.5,117.7,118.22,0
118.22,118.35,118.0,118.18,0
117.99,118.5,117.36,118.27,0
118.6,118.6,118.15,118.4,0
118.4,118.4,117.4,118.0,0
118.0,118.4,117.1,118.11,0
118.2,118.93,118.0,118.37,0
118.42,120.48,118.0,119.99,0
120.0,122.45999908447266,117.5,120.88999938964844,3189541
120.93000030517578,121.69000244140625,119.83000183105469,120.05999755859375,1214877
120.1050033569336,120.12000274658203,118.38999938964844,119.63999938964844,776931
119.6500015258789,120.06999969482422,118.88999938964844,119.76219940185547,560904
119.7699966430664,120.29000091552734,119.45999908447266,120.01000213623047,448346
120.03500366210938,120.75,119.2699966430664,119.34809875488281,451879
119.30999755859375,120.79000091552734,119.30999755859375,120.12000274658203,342834
120.0999984741211,121.48999786376953,120.08999633789062,120.68499755859375,522982
120.66999816894531,121.79989624023438,120.57340240478516,120.95999908447266,341075
120.89399719238281,121.58999633789062,120.89399719238281,120.98500061035156,279966
120.95999908447266,121.48999786376953,120.69000244140625,120.88999938964844,286052
120.91639709472656,121.1500015258789,120.60009765625,120.80000305175781,251848
120.79000091552734,120.91000366210938,120.06999969482422,120.08000183105469,361032
120.0999984741211,120.79000091552734,119.87000274658203,120.29000091552734,417564
120.30999755859375,121.18000030517578,120.25,120.8550033569336,183980
120.8550033569336,121.45999908447266,120.81999969482422,121.26000213623047,174002
121.33999633789062,121.47000122070312,120.9000015258789,121.05999755859375,177276
121.05999755859375,121.23500061035156,120.9000015258789,120.94499969482422,146497
120.94499969482422,121.47000122070312,120.9000015258789,121.0999984741211,225360
121.12000274658203,121.12000274658203,120.81999969482422,120.95999908447266,182666
120.94000244140625,121.25,120.7699966430664,120.9000015258789,254338
120.91999816894531,121.43939971923828,120.76000213623047,121.30000305175781,243119
121.29000091552734,121.37999725341797,121.14240264892578,121.37999725341797,110188
121.18499755859375,121.31999969482422,121.08999633789062,121.2249984741211,401310
121.2249984741211,121.98999786376953,121.12999725341797,121.72000122070312,533823
121.69999694824219,121.71499633789062,120.61000061035156,120.81999969482422,1747191
120.83,121.375,120.78,120.8,0
121.76000213623047,121.82499694824219,121.5250015258789,121.62999725341797,4870343
121.625,121.91999816894531,121.54000091552734,121.88999938964844,212285
121.90499877929688,122.5199966430664,121.8499984741211,122.0,306988
122.01000213623047,122.05999755859375,120.88999938964844,120.9000015258789,373179
120.93000030517578,121.13999938964844,120.70999908447266,120.94999694824219,680109
120.95,121.0,120.5,120.66,0
120.68,120.94,120.55,120.66,0
120.7,120.94,120.52,120.94,0
120.5,120.72,120.5,120.52,0
120.94,120.94,120.5,120.7,0
120.52,120.735,120.51,120.735,0
120.74,120.79,120.53,120.54,0
120.72,120.72,120.5,120.72,0
120.89,120.89,120.89,120.89,0
120.79,120.89,120.5,120.5,0
120.54,120.54,120.54,120.54,0
120.75,120.75,120.75,120.75,0
122.05,122.05,122.05,122.05,2703
121.16,121.16,121.16,121.16,0
121.99,122.05,121.99,122.05,0
122.3,122.3,122.05,122.05,0
122.18,122.18,122.05,122.05,0
122.05,122.05,122.05,122.05,0
122.12,122.12,122.07,122.07,0
122.05,122.08,122.05,122.08,0
122.43,122.49,122.43,122.49,0
122.05,122.2,122.05,122.05,0
122.05,122.17,121.97,122.05,0
122.05,122.05,122.05,122.05,0
122.05,122.05,122.05,122.05,0
122.4433,122.4433,122.05,122.05,0
122.05,122.5,122.05,122.3299,0
122.48,122.48,122.05,122.05,0
122.5,122.5,122.05,122.05,0
122.05,122.5,122.04,122.16,0
122.4800033569336,122.75,122.25,122.51000213623047,267090
122.5,122.88990020751953,122.43499755859375,122.6050033569336,150804
122.6500015258789,122.94499969482422,122.375,122.93000030517578,162355
122.94000244140625,123.19999694824219,122.4000015258789,122.44499969482422,107870
122.41999816894531,123.2699966430664,122.30000305175781,123.2699966430664,166086
123.26499938964844,123.86000061035156,123.25,123.69000244140625,273771
123.69000244140625,124.45500183105469,123.64859771728516,124.45500183105469,253090
124.4800033569336,124.56999969482422,123.9000015258789,124.30999755859375,169987
124.31500244140625,124.4000015258789,123.94000244140625,124.11000061035156,115902
124.13999938964844,124.55999755859375,124.13999938964844,124.55999755859375,145451
124.57499694824219,124.83000183105469,124.53099822998047,124.55999755859375,234885
124.55999755859375,124.75,124.41999816894531,124.52999877929688,82877
124.54000091552734,125.04000091552734,124.5199966430664,124.94000244140625,137983
124.97000122070312,125.58000183105469,124.97000122070312,125.56999969482422,186896
125.55999755859375,125.6050033569336,124.7699966430664,124.7699966430664,160878
124.75,125.08000183105469,124.6500015258789,124.98100280761719,193382
125.0,125.26000213623047,124.87000274658203,125.05999755859375,190214
125.08000183105469,125.70999908447266,125.04000091552734,125.66000366210938,171034
125.66000366210938,126.19000244140625,125.6500015258789,126.03500366210938,206199
126.05000305175781,126.16999816894531,125.22000122070312,125.25,175446
125.2300033569336,125.69999694824219,125.20999908447266,125.37999725341797,179121
125.36000061035156,125.4800033569336,125.19999694824219,125.26519775390625,104540
125.26499938964844,125.95999908447266,125.12999725341797,125.91000366210938,130538
125.92500305175781,126.12969970703125,125.7699966430664,125.94000244140625,196191
125.94000244140625,126.26000213623047,125.7300033569336,125.83999633789062,466541
125.8499984741211,125.86000061035156,125.3499984741211,125.44000244140625,600326
125.44,126.2,124.8188,125.82,0
125.86,126.39,125.44,125.86,0
125.75,125.88,125.44,125.44,0
125.5,125.85,125.44,125.7,0
125.7,125.7,125.5,125.5,0
125.5,125.5,125.3,125.3,0
125.7,125.7,125.3,125.35,0
125.4,125.5,125.35,125.465,0
125.44,125.44,125.44,125.44,0
125.55,125.75,125.55,125.75,0
126.58,126.58,126.58,126.58,0
126.5,126.5,126.5,126.5,0
126.12,126.12,126.0,126.0,0
126.0,126.99,125.8,126.15,0
126.81,126.81,126.0,126.0,0
126.0,126.25,126.0,126.25,0
126.25,127.0,126.1,126.1,0
126.1,126.738,126.1,126.1,0
126.1,126.3,126.1,126.3,0
126.35,127.0,126.1,126.25,0
126.1,127.0,126.1,126.48,0
126.48,127.0,126.4,127.0,0
126.62999725341797,127.62999725341797,125.95500183105469,126.58999633789062,402973
126.58999633789062,126.83000183105469,125.81999969482422,126.44499969482422,295437
126.41000366210938,127.98999786376953,126.2699966430664,127.9000015258789,566074
127.88500213623047,128.35000610351562,126.83000183105469,126.83000183105469,331754
126.8550033569336,127.12999725341797,126.76000213623047,127.01000213623047,154359
127.05000305175781,127.12999725341797,126.8499984741211,127.12000274658203,269079
127.12999725341797,127.2699966430664,126.69499969482422,126.79000091552734,232301
126.79000091552734,127.29000091552734,126.62999725341797,127.1500015258789,274810
127.12000274658203,127.28500366210938,126.73999786376953,127.06999969482422,330134
127.04000091552734,127.25499725341797,126.80500030517578,127.02999877929688,133398
127.01000213623047,127.3499984741211,126.9749984741211,127.33499908447266,157609
127.33499908447266,127.33999633789062,126.88500213623047,127.05500030517578,89997
127.05000305175781,127.28500366210938,126.94999694824219,127.05999755859375,86474
127.05999755859375,127.1500015258789,126.87000274658203,127.0,177668
127.0,127.22000122070312,126.95989990234375,126.97000122070312,67514
127.01000213623047,127.16999816894531,126.85569763183594,127.05999755859375,245827
127.02999877929688,127.239501953125,127.0,127.19000244140625,85329
127.16999816894531,127.39939880371094,127.08000183105469,127.30000305175781,60736
127.2699966430664,127.5999984741211,127.2300033569336,127.58999633789062,124657
127.61000061035156,127.86000061035156,127.44000244140625,127.62000274658203,113146
127.63999938964844,127.63999938964844,127.2249984741211,127.5199966430664,199866
127.53500366210938,127.66000366210938,127.43000030517578,127.49500274658203,189243
127.49500274658203,127.80000305175781,127.41000366210938,127.61000061035156,230218
127.5999984741211,127.94000244140625,127.47000122070312,127.94000244140625,159806
127.9000015258789,128.1300048828125,127.81999969482422,127.875,242621
127.88999938964844,128.38999938964844,127.88999938964844,128.11000061035156,405781
128.11,128.54,127.25,128.08,0
128.08,129.0,128.08,129.0,0
128.08,128.54,128.08,128.08,0
128.54,128.54,128.08,128.25,0
128.25,128.54,128.08,128.08,0
128.08,128.535,128.0,128.19,0
128.16,128.16,127.34,128.16,0
128.7,128.7,127.34,127.34,0
128.97,128.97,128.1,128.1,0
128.0,128.0,127.98,128.0,0
127.37,128.08,127.37,128.08,0
127.37,127.37,127.37,127.37,0
127.41,127.41,127.41,127.41,0
127.37,127.37,127.37,127.37,0
127.38,127.41,127.38,127.41,0
127.9,127.9,127.9,127.9,0
128.0,128.0,127.38,127.5,0
127.4,127.5,127.38,127.4,0
127.5,127.5,127.38,127.5,0
127.39,127.95,127.38,127.41,0
127.39,127.74,126.0,127.09,0
127.14,127.5,127.09,127.09,0
127.09,127.61,125.82,126.26,0
126.27,126.66,123.0,124.95,0
125.0,127.05999755859375,124.62000274658203,126.96499633789062,597561
127.0999984741211,127.66999816894531,126.80999755859375,127.30999755859375,252015
127.23999786376953,127.5999984741211,126.92500305175781,127.5999984741211,139848
127.56999969482422,127.83999633789062,126.8949966430664,127.0,365667
127.0,127.66000366210938,126.9800033569336,127.53500366210938,118637
127.5,127.62000274658203,127.02010345458984,127.30000305175781,259356
127.3499984741211,127.43000030517578,126.87999725341797,126.94499969482422,437088
126.97000122070312,126.97000122070312,126.0999984741211,126.19000244140625,278469
126.16999816894531,126.16999816894531,125.0999984741211,125.48999786376953,1051576
125.41999816894531,125.6968002319336,125.33000183105469,125.52999877929688,86202
125.5250015258789,125.70999908447266,125.30999755859375,125.69000244140625,76426
125.69999694824219,126.0199966430664,125.44999694824219,125.9800033569336,63197
125.97000122070312,126.2699966430664,125.80999755859375,126.2699966430664,71108
126.26000213623047,126.29000091552734,125.2300033569336,125.69999694824219,119121
125.70999908447266,125.7699966430664,125.27999877929688,125.51000213623047,43098
125.47000122070312,125.51000213623047,125.08000183105469,125.1500015258789,64970
125.0999984741211,125.33999633789062,124.87000274658203,125.22000122070312,88458
125.22000122070312,125.5,125.05999755859375,125.5,50750
125.5,125.5,125.2300033569336,125.27999877929688,53678
125.29000091552734,125.3949966430664,124.98999786376953,125.27999877929688,59256
125.30000305175781,125.5199966430664,125.2300033569336,125.33000183105469,53631
125.38999938964844,125.65499877929688,125.05000305175781,125.20999908447266,82293
125.20999908447266,125.43000030517578,125.08000183105469,125.30000305175781,60999
125.27999877929688,125.3499984741211,124.95999908447266,125.04910278320312,78070
125.0250015258789,125.11000061035156,124.75,124.875,120257
124.87999725341797,125.38999938964844,124.55999755859375,125.12999725341797,617972
125.13,125.745,124.5,124.76,0
124.96,125.13,124.51,125.11,0
125.745,125.745,124.51,125.13,0
125.13,125.75,124.51,125.75,0
125.13,125.19,124.85,124.85,0
124.51,125.19,124.51,124.855,0
124.855,125.19,124.52,125.0,0
124.805,124.95,124.61,124.62,0
125.13,125.13,125.0,125.0,0
125.0,125.0,124.6,124.6,0
124.6,124.6,124.6,124.6,0
125.13,125.13,124.33,124.33,0
124.58,125.13,124.58,125.13,0
124.35,124.35,124.35,124.35,0
124.0,124.0,124.0,124.0,0
124.12,124.76,124.12,124.76,0
124.07,124.9,124.0,124.9,0
124.8,125.05,124.8,125.05,0
125.02,125.02,125.02,125.02,0
124.9,124.95,124.9,124.95,0
124.505,124.56,124.505,124.56,0
124.06,125.0,124.06,124.1,0
124.69000244140625,126.31819915771484,124.26000213623047,125.94000244140625,166138
126.0,126.12999725341797,125.23999786376953,125.31099700927734,54143
125.37000274658203,126.7300033569336,125.3499984741211,126.6500015258789,83835
126.62000274658203,126.94000244140625,126.37999725341797,126.47000122070312,145818
126.5,126.62999725341797,126.37000274658203,126.45999908447266,100388
126.44999694824219,126.52999877929688,126.23999786376953,126.2699966430664,75808
126.23999786376953,126.51000213623047,126.0,126.23999786376953,57713
126.16999816894531,126.29000091552734,125.95999908447266,125.97000122070312,44543
126.0,126.01010131835938,125.62999725341797,125.79000091552734,46002
125.7699966430664,125.92500305175781,125.69000244140625,125.87000274658203,32707
125.8499984741211,126.25,125.81999969482422,126.20999908447266,43548
126.19000244140625,126.26000213623047,125.98999786376953,126.2300033569336,42335
126.20999908447266,126.33999633789062,126.16000366210938,126.30000305175781,46371
126.29850006103516,126.40499877929688,126.04000091552734,126.11000061035156,76354
126.12000274658203,126.31999969482422,125.98500061035156,126.19999694824219,57093
126.22000122070312,126.25,125.97000122070312,126.01000213623047,54146
125.98500061035156,125.98500061035156,125.16999816894531,125.19000244140625,105531
125.20999908447266,125.52999877929688,124.94499969482422,125.16999816894531,117346
125.12999725341797,125.30000305175781,124.58999633789062,124.75,125410
124.73500061035156,124.9000015258789,124.2300033569336,124.33000183105469,202801
124.37999725341797,124.83999633789062,124.3550033569336,124.43000030517578,122052
124.47000122070312,124.60050201416016,124.13999938964844,124.56999969482422,95468
124.55000305175781,124.80000305175781,124.44999694824219,124.48999786376953,148760
124.4800033569336,124.76000213623047,124.29000091552734,124.66999816894531,135769
124.62999725341797,124.66999816894531,124.17500305175781,124.47000122070312,234367
124.45999908447266,125.0199966430664,124.4000015258789,124.44999694824219,478130
124.45,124.94,124.02,124.94,0
124.94,124.94,124.48,124.48,0
124.48,125.4,123.7,123.705,0
123.705,124.99,123.705,123.94,0
122.0,125.4,122.0,123.775,0
125.4,125.4,123.705,125.37,0
125.4,125.4,124.3,124.3,0
124.4,125.35,124.3,125.35,0
125.0,125.0,125.0,125.0,0
124.35,124.4,124.35,124.4,0
124.4,124.74,124.4,124.74,0
122.0,123.01,121.35,122.12,0
122.12,122.12,122.12,122.12,0
122.39,122.39,122.05,122.05,0
122.7,122.79,122.7,122.79,0
122.44,122.79,122.44,122.79,0
122.22,122.22,122.22,122.22,0
122.1,122.51,122.1,122.51,0
122.1,122.1,122.1,122.1,0
123.12,123.42,122.93,123.42,0
122.1,123.5,122.1,123.5,0
123.5,123.5,123.5,123.5,0
123.46,123.46,123.0,123.0,0
122.96,123.32,122.6,123.32,0
123.3,124.01,122.42,124.01,0
124.44,124.85,124.14,124.34,0
122.01,124.72,122.01,124.38,0
124.38,124.44,124.38,124.44,0
125.0,125.0,124.38,124.42,0
122.4125,125.0,122.38,124.09,0
124.09,126.23,122.38,126.0,0
125.63999938964844,125.70999908447266,124.80000305175781,124.81999969482422,225515
124.80000305175781,124.83999633789062,124.30000305175781,124.75,120197
124.69000244140625,124.70999908447266,123.79060363769531,123.94100189208984,134105
123.9800033569336,124.31999969482422,123.3499984741211,124.2699966430664,128060
124.27999877929688,124.30000305175781,123.94999694824219,124.11000061035156,71079
124.08999633789062,124.52999877929688,124.05000305175781,124.38500213623047,103396
124.36000061035156,124.56999969482422,124.22000122070312,124.23500061035156,74116
124.25,124.79000091552734,124.23500061035156,124.63500213623047,68277
124.62999725341797,124.97000122070312,124.62000274658203,124.86000061035156,81712
124.87999725341797,125.27989959716797,124.8499984741211,125.08000183105469,78062
125.06500244140625,125.5,125.04000091552734,125.33000183105469,64367
125.3499984741211,125.4800033569336,125.16999816894531,125.4800033569336,45146
125.43000030517578,125.79000091552734,125.26000213623047,125.5,127508
125.48999786376953,125.66999816894531,125.4000015258789,125.48999786376953,41535
125.51000213623047,125.53800201416016,125.0,125.0,47530
124.98999786376953,125.07499694824219,124.75,124.87999725341797,50182
124.86000061035156,124.86000061035156,124.55999755859375,124.6500015258789,38486
124.6500015258789,124.66999816894531,124.12999725341797,124.2300033569336,80147
124.20999908447266,124.41999816894531,124.13999938964844,124.30000305175781,147497
124.27999877929688,125.33000183105469,124.1500015258789,125.0,151191
124.94999694824219,125.16000366210938,124.8499984741211,125.02999877929688,69148
124.94000244140625,125.41999816894531,124.88999938964844,125.12000274658203,64619
125.13999938964844,125.20500183105469,124.80999755859375,125.19000244140625,70925
125.15499877929688,125.29499816894531,124.8550033569336,125.18000030517578,78190
125.12999725341797,125.37000274658203,125.01000213623047,125.20999908447266,108577
125.19999694824219,125.69000244140625,124.91000366210938,125.47000122070312,634087
125.52,125.52,125.45,125.51,1352302
127.03,127.03,123.5,127.03,0
127.03,127.09,125.265,127.03,0
127.03,127.03,126.51,126.51,0
126.6,127.03,126.6,127.03,0
127.03,127.03,126.51,126.51,0
126.72,127.03,126.51,126.77,0
127.0299,127.03,126.51,126.77,0
126.51,126.77,126.51,126.52,0
123.5,126.0,123.5,126.0,0
125.89,125.89,125.89,125.89,0
127.0,127.0,127.0,127.0,0
127.03,127.03,124.0,124.0,0
127.76,127.76,126.14,126.85,0
127.5,127.5,126.08000183105469,126.36499786376953,212338
126.30500030517578,126.62999725341797,125.79000091552734,125.83999633789062,94016
125.79000091552734,125.88500213623047,125.30999755859375,125.7699966430664,153168
125.81999969482422,126.29000091552734,125.68499755859375,126.25499725341797,93325
126.27999877929688,127.302001953125,126.2300033569336,127.2249984741211,120987
127.23999786376953,127.23999786376953,126.66000366210938,126.79000091552734,81177
126.80000305175781,127.30000305175781,126.73999786376953,127.05999755859375,102260
127.0999984741211,127.30999755859375,126.9000015258789,127.2249984741211,176049
127.23999786376953,127.25,126.58499908447266,126.62999725341797,74768
126.66999816894531,126.74210357666016,126.30000305175781,126.4800033569336,32745
126.5199966430664,126.66999816894531,126.44999694824219,126.44999694824219,39665
126.4800033569336,126.51000213623047,126.25,126.26000213623047,37210
126.23999786376953,126.23999786376953,125.80000305175781,126.0999984741211,41628
126.11000061035156,126.30999755859375,126.08999633789062,126.18499755859375,20261
126.1500015258789,126.83000183105469,126.1500015258789,126.75,69536
126.75,127.1500015258789,126.69999694824219,127.0,54981
126.9800033569336,127.04000091552734,126.73999786376953,126.80500030517578,46490
126.80999755859375,126.94999694824219,126.72000122070312,126.86000061035156,58930
127.16000366210938,127.69999694824219,126.7166976928711,127.29000091552734,80652
127.25,127.80999755859375,127.25,127.63999938964844,69144
127.6500015258789,128.0,127.55000305175781,127.61000061035156,77256
127.5999984741211,127.81999969482422,127.58000183105469,127.77999877929688,44506
127.80999755859375,128.3699951171875,127.75,127.86000061035156,160479
127.8499984741211,127.9000015258789,127.70999908447266,127.80999755859375,69223
127.80000305175781,127.81999969482422,127.58499908447266,127.66999816894531,83782
127.67500305175781,127.83999633789062,127.30000305175781,127.5,249341
127.46,127.5,124.7,127.5,0
127.5,128.45,126.575,127.5,0
126.575,127.38,126.575,127.36,0
127.46,127.46,126.885,126.885,0
126.885,126.885,125.34,125.34,0
125.34,126.885,125.34,126.885,0
127.46,127.47,126.885,126.885,0
127.0,127.0,127.0,127.0,0
127.0,127.42,127.0,127.42,0
127.45,127.45,126.6,126.6,0
127.38,127.5,127.38,127.5,0
