Date,Open,High,Low,Close,Volume
2010-11-29,10.9297687266568,12.291733741760254,10.9297687266568,12.291733741760254,720000.0
2010-12-06,12.29173519874484,12.461980845812613,12.223637979014697,12.359833717346191,598000.0
2010-12-13,12.461978545393018,12.768421173095703,12.461978545393018,12.768421173095703,800000.0
2010-12-20,12.768418851651644,12.938664436340332,12.768418851651644,12.938664436340332,230000.0
2010-12-27,12.938664436340332,12.938664436340332,12.938664436340332,12.938664436340332,0.0
2011-01-03,12.938668698884443,12.938668698884443,12.257686135785262,12.870570182800293,1022500.0
2011-01-10,12.802466615942034,13.245106146425185,12.802466615942034,13.074860572814941,2100000.0
2011-01-17,13.211057336924064,13.415352821350098,13.211057336924064,13.415352821350098,582500.0
2011-01-24,13.415354208637885,13.619648415319318,13.34725570678711,13.34725570678711,1025000.0
2011-01-31,13.347256421904579,14.436828613281252,13.347256421904579,14.43682861328125,1122500.0
2011-02-07,14.947562005372827,16.76986974665034,14.879463515594939,16.752164840698242,3302500.0
2011-02-14,16.75217761171781,18.386536117986743,16.47978474381826,18.318437576293945,7561000.0
2011-02-21,18.11413232235235,18.250328024703354,17.43314991398475,17.518953323364258,3885500.0
2011-02-28,17.60340102417862,17.841745201459315,17.16076258001234,17.7327880859375,5881000.0
2011-03-07,17.841744941702345,18.59082477529119,16.888368246459716,18.54860496520996,5143000.0
2011-03-14,18.522723117023784,18.658918827388536,17.024561210914896,18.386526107788086,1876000.0
2011-03-21,18.250333876523918,18.727022234775816,18.216285264736477,18.522727966308594,4138500.0
2011-03-28,17.977933719340793,19.610929877485805,17.977933719340793,18.93130874633789,2353000.0
2011-04-04,18.931314155920372,20.266040614208137,18.931314155920372,20.15708351135254,3972000.0
2011-04-11,20.838060564649457,20.838060564649457,19.067506161323806,19.884685516357422,1718000.0
2011-04-18,19.89149653235424,20.020883560180664,19.067508399957,20.020883560180664,2726500.0
2011-04-25,20.020890121441763,21.14451126061329,18.795121842140343,21.0423641204834,6735000.0
2011-05-02,21.178556580121395,21.519047839290963,19.17646761252043,19.557817459106445,3706000.0
2011-05-09,19.222772990888863,19.884688013896973,17.77364216396934,18.386526107788086,1610000.0
2011-05-16,18.38653513349981,18.692977905273438,15.934996855925519,18.692977905273438,820500.0
2011-05-23,18.795115493152913,19.06750820777552,18.250328765036773,18.611249923706055,1048000.0
2011-05-30,18.65892371232965,19.00077754166407,18.250333876523918,18.522727966308594,556500.0
2011-06-06,18.522725899040612,18.590823115015365,17.56934928894043,17.56934928894043,2516000.0
2011-06-13,17.841741329793223,18.046035552346865,16.343579368163198,16.47977638244629,1914000.0
2011-06-20,16.343580322265627,18.386527862548828,15.662597808837893,17.02456283569336,3027500.0
2011-06-27,17.024562233372738,20.429474680047285,17.024562233372738,19.408000946044922,2240500.0
2011-07-04,19.40800169423498,21.587146263662422,19.40800169423498,21.416900634765625,6393500.0
2011-07-11,21.246653986345276,21.791439453124998,21.11045697021484,21.280702590942383,3798500.0
2011-07-18,21.246655392637198,22.336226398314107,21.110458367492036,22.200029373168945,3318500.0
2011-07-25,22.16598193655527,22.52009318153086,21.655245013603572,22.404327392578125,1323500.0
2011-08-01,22.40432695767382,22.40432695767382,16.956465253069695,17.56934928894043,3796000.0
2011-08-08,16.343578484684592,17.569346351487567,15.662596047822735,17.22885513305664,3998500.0
2011-08-15,17.70554542541504,20.36137697945308,17.331005560964304,17.70554542541504,3581500.0
2011-08-22,18.182234739186242,18.727020263671875,16.922416752583178,18.727020263671875,2454000.0
2011-08-29,19.06750855622468,19.33990127582513,17.43315093975104,18.386526107788086,563000.0
2011-09-05,17.70554365935149,18.386526107788086,17.569346650115794,18.386526107788086,1033000.0
2011-09-12,18.25032859002344,18.38652559546413,17.433150453992024,18.011985778808594,756000.0
2011-09-19,17.296954359591997,18.386526563893195,15.662596702575684,15.662596702575684,2377000.0
2011-09-26,15.254009103106538,15.594500383527985,10.466701882222974,10.62332820892334,17087500.0
2011-10-03,10.759523541854795,15.662597371851705,10.180688161816505,14.912155151367188,9709000.0
2011-10-10,15.662592900864006,16.888360521383362,14.709217940585546,16.752164840698242,5438500.0
2011-10-17,16.68407040056975,16.752168906876882,15.254006963603862,15.662596702575684,3907500.0
2011-10-24,15.505976023730819,17.433156967163086,15.505976023730819,17.433156967163086,1400500.0
2011-10-31,17.004137713664505,17.433157546126328,16.037142218482305,16.6840763092041,1738000.0
2011-11-07,16.61597426578639,17.569349593544327,16.30953289197375,17.429067611694336,1134500.0
2011-11-14,17.433155614725727,17.433155614725727,14.266586640104503,14.845420837402344,4294000.0
2011-11-21,14.98161360102029,15.288056216953164,13.892041442990086,14.709220886230469,420000.0
2011-11-28,15.185912152928738,15.39020772156735,14.300635252108625,14.845420837402344,2442500.0
2011-12-05,14.845415734178761,15.254005432128906,13.789893538439163,15.254005432128906,2802000.0
2011-12-12,15.254008276689637,15.662598050833422,14.981615526884143,15.356155395507812,2780000.0
2011-12-19,15.662596747858279,16.615971942301545,15.3902040207132,16.207382202148438,1004500.0
2011-12-26,15.390206787484203,16.650024838243553,15.390206787484203,16.343582153320312,487000.0
2012-01-02,16.3435824744625,17.433154899200915,16.071189692995706,17.04363250732422,1283000.0
2012-01-09,17.02456372859597,17.05861233650471,16.61597393933544,16.88836669921875,1359000.0
2012-01-16,16.908795756455802,17.02456283569336,16.343580322265627,17.02456283569336,1475500.0
2012-01-23,17.058605440702745,19.748485942007132,17.02455684655787,19.476093292236328,3228000.0
2012-01-30,19.734869519927056,20.39542327517632,19.40799828164933,20.19112777709961,5877500.0
2012-02-06,20.293273895003452,20.42947088713265,19.407997342776014,19.884685516357422,2092500.0
2012-02-13,20.020883560180664,20.497571789727964,19.339901117325056,20.020883560180664,2364000.0
2012-02-20,21.11046028137207,21.24665731886489,20.02088787804314,21.11046028137207,1437500.0
2012-02-27,20.42947679845769,23.20107560962906,20.42947679845769,23.017210006713867,7330000.0
2012-03-05,23.11935605886369,23.76628994401886,21.519046947325396,23.691381454467773,4061000.0
2012-03-12,23.153405286697556,23.698190773894957,21.791440269832993,23.085308074951172,3002500.0
2012-03-19,23.425798228171946,23.561992645263672,22.608618736911623,23.561992645263672,1043000.0
2012-03-26,23.698184450697074,23.970578420486117,22.47241678212922,23.73223304748535,737500.0
2012-04-02,23.289600982561943,25.196351378114073,23.289600982561943,24.345123291015625,1700500.0
2012-04-09,24.03867807257841,25.196348665968546,22.881007479188277,23.69818687438965,2924500.0
2012-04-16,23.480279381874425,25.060158782209328,23.35770230790513,24.51537322998047,7280000.0
2012-04-23,24.379170644098703,25.84328391788374,22.744814359370814,25.604938507080078,3585500.0
2012-04-30,25.741135513576193,25.877332520072308,25.29849848964111,25.604938507080078,3009500.0
2012-05-07,25.60494228540088,25.809239124162453,23.18745480489701,23.834388732910156,3095500.0
2012-05-14,23.834382274774924,23.834382274774924,20.838060191434515,21.587141036987305,5292500.0
2012-05-21,21.246658293942815,23.289606156865347,20.15708584060988,21.927640914916992,8299500.0
2012-05-28,23.834389596032413,23.834389596032413,20.42947679659921,20.565673828125,3881000.0
2012-06-04,20.70186998062398,23.15340750570853,19.986838797790277,21.38285255432129,2528500.0
2012-06-11,23.153398153356946,23.83438045198509,21.791433556100653,22.063827514648438,1647000.0
2012-06-18,21.11046356305693,21.11046356305693,17.97794290360323,18.645305633544922,3171500.0
2012-06-25,18.182235364385612,18.43011194228361,15.934992076150444,16.44164276123047,9204000.0
2012-07-02,16.47977935005261,18.32115531370158,16.343582311243757,17.414087295532227,2302000.0
2012-07-09,16.95646493387902,16.95646493387902,13.889319780616095,15.737506866455078,6122000.0
2012-07-11,,,,,
2012-07-16,16.46795538104635,17.05363607474239,15.470231572740353,16.215768814086914,3720500.0
2012-07-23,15.929127517776974,17.2947965327834,15.080235283744765,17.081195831298828,3042200.0
2012-07-26,,,,,
2012-07-30,17.329247865955242,17.6117524022803,15.668671907856703,16.750457763671875,4282000.0
2012-08-06,16.86759209807505,17.604860020250467,15.21390683018692,15.310371398925781,3682000.0
2012-08-13,15.386170606724411,17.715111220957475,15.145007794359381,17.6186466217041,7978200.0
2012-08-20,17.62553475222816,18.77622452817551,17.398153003171807,18.424816131591797,5031500.0
2012-08-27,18.438595399557187,18.665977126876214,17.32924750742703,17.770231246948242,7070400.0
2012-09-03,17.77711929693587,17.990721295314692,17.467054042056656,17.859804153442383,2886800.0
2012-09-10,17.804678717260032,18.087183187623477,17.156984932270927,17.8529109954834,5017700.0
2012-09-17,17.86669840092159,18.900252094942676,17.5015089559108,18.569515228271484,7030000.0
2012-09-24,18.569513346738688,18.603964607356065,15.56531715995975,15.606658935546875,9152800.0
2012-10-01,15.689343764326251,16.020080596713854,15.227689776281801,15.792698860168457,4577100.0
2012-10-08,15.772022697164626,16.619537389068572,15.758242985523434,16.088979721069336,2940800.0
2012-10-15,16.10965510272261,16.350817875763266,15.503304226781411,15.737576484680176,2641600.0
2012-10-22,15.703126810448667,15.730687559570644,13.663580120393258,14.221698760986328,7316500.0
2012-10-29,14.263041612077664,14.366396719422562,13.746264761121683,13.932303428649902,1661900.0
2012-11-05,13.966755164220901,14.166574851129079,11.968551723982056,12.078797340393066,9675700.0
2012-11-12,12.285507004043444,13.091678860103267,9.729184421391283,10.810970306396484,23940200.0
2012-11-19,10.893654318790395,11.059022066087087,10.335535132504287,10.652491569519043,6870900.0
2012-11-20,,,,,
2012-11-26,10.821273162121864,11.052407101409106,10.450058148714968,10.84228515625,13443800.0
2012-12-03,10.926335303774731,10.961355074011749,10.260948981922581,10.569128036499023,5351600.0
2012-12-10,10.583134023086481,11.654754975914576,10.394024757509378,11.045402526855469,6697400.0
2012-12-17,12.00495693013571,13.692935074830933,11.528680695199284,13.482813835144043,14966500.0
2012-12-24,13.426784100571293,13.517836299732581,12.859455571228429,12.873462677001953,3513500.0
2012-12-31,13.237669955094097,14.211234969812908,12.677345823968103,13.994108200073242,5018400.0
2013-01-07,14.162210044554115,15.14277959675476,13.657918162559517,13.70694637298584,9581000.0
2013-01-14,13.840020399842707,13.840020399842707,13.048561004427313,13.335728645324707,7187400.0
2013-01-21,13.517833911969902,13.889049535727365,13.202652045082964,13.342732429504395,4615200.0
2013-01-28,13.412777820304854,13.657920245745574,12.93650141337288,13.517838478088379,4858600.0
2013-02-04,13.489822351781205,14.386342687596814,12.71237111262924,14.33030891418457,7406800.0
2013-02-11,14.456377848336531,14.49840316565069,12.957509598006883,13.083582878112793,5497200.0
2013-02-18,13.461806283863666,13.973103809999595,12.838445211843258,13.819013595581055,5700100.0
2013-02-25,13.903057544805263,14.624474775255882,13.055565701214817,14.442370414733887,6586200.0
2013-03-04,14.281280549601705,15.338893965204466,14.155207232574815,15.233833312988281,4252700.0
2013-03-11,15.356985558653202,15.392435123144969,14.364382877427506,14.75433349609375,4704100.0
2013-03-18,14.711789348508661,14.881949641346287,13.981516908472614,14.215487480163574,3474200.0
2013-03-25,14.293483943886145,14.40692418532061,13.669562615996584,14.045332908630371,3041200.0
2013-04-01,14.08787010697095,14.626710428212164,13.400137312622658,13.577387809753418,5147400.0
2013-04-08,13.690831744824118,14.293483869505076,13.30797127005373,13.953163146972656,3849600.0
2013-04-15,13.75463685743672,14.038237352497655,13.130715768302665,14.02405834197998,3734900.0
2013-04-22,14.052417715329158,14.754329447722657,13.903527962539854,14.02405834197998,3113700.0
2013-04-29,14.07368796991667,15.030840804322139,13.761726755613402,14.96703052520752,2612400.0
2013-05-06,14.832319549553755,15.987992031858912,14.74723872798429,15.598041534423828,5191100.0
2013-05-13,15.605130297019194,15.796561113913418,15.385340110388968,15.527139663696289,1913100.0
2013-05-16,,,,,
2013-05-20,15.719389158668516,16.723364466563936,15.446882102680057,15.877156257629395,2759200.0
2013-05-27,16.192695302455636,16.85962230085177,15.69070685674865,16.551258087158203,2292900.0
2013-06-03,16.67316559929353,17.189495396409104,14.701070743463113,15.48273754119873,4708900.0
2013-06-10,15.525760488157312,16.006234432493255,14.679552523403759,15.73372745513916,1782100.0
2013-06-17,15.869985886199393,16.465199965471204,14.18474214326199,14.442906379699707,4759400.0
2013-06-24,14.335337098176844,14.665215505318267,13.833350120781741,14.450077056884766,4370100.0
2013-07-01,14.543304400837036,14.90903853900249,13.62538334615855,13.940918922424316,2130300.0
2013-07-08,14.048484466414287,15.238912332109756,13.804661759675897,14.916205406188965,2227200.0
2013-07-15,14.973576657281802,15.762414813268176,14.88035096392169,15.109830856323242,2708100.0
2013-07-22,15.217399602009225,15.31062666450741,14.407048549429378,15.016605377197266,2662700.0
2013-07-29,15.052459781761327,15.869982180571787,14.880349875054279,15.683530807495117,2314300.0
2013-08-05,15.662016924703124,17.00304049227327,15.504249848461926,16.443683624267578,4047300.0
2013-08-12,16.443688028735142,16.71619511847193,15.95604246707192,16.11380958557129,2886000.0
2013-08-15,,,,,
2013-08-19,16.23897183911121,16.282468698682315,15.347278612832216,15.89824390411377,1550600.0
2013-08-26,15.89824524891644,15.977990650492513,15.361779326360026,15.485021591186523,930400.0
2013-09-02,15.738754985323265,16.311469465839235,15.644511547926415,16.217226028442383,1670500.0
2013-09-09,16.296973053891136,18.98655434503053,16.064987888855637,18.674823760986328,5722100.0
2013-09-16,18.899554650306552,19.56651253000517,17.478645166410544,17.935365676879883,6976900.0
2013-09-23,17.913618876957578,18.413837697272,17.601889710556346,17.72513198852539,2355900.0
2013-09-30,17.529391141479568,18.1166036015164,17.40614888367033,18.10210418701172,2672800.0
2013-10-07,17.89911729904552,18.04410729088278,17.261156910192856,17.36989974975586,1622800.0
2013-10-14,17.21766330639795,17.464147860140358,16.499958770291695,17.246662139892578,3152800.0
2013-10-21,17.21041073986822,17.855619467827704,17.043671623186146,17.362651824951172,1896400.0
2013-10-28,17.311902313212713,17.442394265016098,16.30421661410457,16.347713470458984,3226200.0
2013-11-04,16.35495879134503,16.920423303282032,15.398019911713,16.681188583374023,4304100.0
2013-11-11,16.681193421113022,17.000173601078227,15.818497685242205,15.905492782592773,2043700.0
2013-11-14,,,,,
2013-11-18,16.07849937590544,16.225133276044506,15.294003744987013,15.433305740356445,2404000.0
2013-11-25,15.403979279425487,15.990517667668652,15.257343983155783,15.579940795898438,2106400.0
2013-12-02,15.579937773645586,16.27645319818735,15.36731677514129,15.660587310791016,2270300.0
2013-12-09,15.697247977111596,16.78967656467688,15.213353472510002,16.68703269958496,6006700.0
2013-12-16,16.840997476449566,17.090276618064348,15.983184288755803,16.75301742553711,6436600.0
2013-12-23,16.804337341752348,17.09760647368866,16.69436159207842,16.884986877441406,1083300.0
2013-12-30,16.833668549713614,17.11960726179514,16.30578395562286,16.79701042175293,1281800.0
2014-01-06,16.86299317695691,17.36888336382257,16.745685510208013,17.10494041442871,2582300.0
2014-01-13,17.0609503890023,17.38354577335291,16.88498888887896,17.10494041442871,1386600.0
2014-01-20,17.170925703247534,17.222247631307358,15.939193836141092,16.041837692260742,1806800.0
2014-01-27,16.034510035834664,16.672370395649843,15.807225173447272,16.100494384765625,1897800.0
2014-02-03,16.041840542501955,16.613716553386173,15.726577014345915,16.100494384765625,2618900.0
2014-02-10,16.078496880874173,16.65770328361632,16.078496880874173,16.320444107055664,1832700.0
2014-02-17,16.39376376136214,16.826336339925295,16.254460372057615,16.4230899810791,1458900.0
2014-02-24,16.39376229203581,18.512633567741027,15.880540208018493,17.36888313293457,5442600.0
2014-03-03,17.112273955310418,17.874773862116626,17.053620116325323,17.48619270324707,2199800.0
2014-03-06,,,,,
2014-03-10,17.620105992130142,18.168418608814655,17.094021367690488,17.642333984375,2979000.0
2014-03-17,17.57564454591841,18.168415884766954,17.190344800933087,17.83498191833496,1294600.0
2014-03-24,17.89426565385833,17.89426565385833,17.234808686499996,17.575651168823242,1673900.0
2014-03-31,17.64234143730481,19.36878642365246,17.442282356211045,19.079811096191406,6291700.0
2014-04-07,19.027940777230842,19.60589133807184,18.375892178749258,18.724145889282227,4093000.0
2014-04-14,18.7908330400822,19.102037737263473,18.375892501656786,18.51667594909668,1726200.0
2014-04-21,18.516675211578654,19.242819004987496,18.33884416502601,18.49444580078125,2136200.0
2014-04-28,18.51667416569208,18.620408583669622,17.894264831275922,18.375890731811523,2232800.0
2014-05-05,18.235107661798818,18.568540306084625,16.501253389031437,16.812458038330078,6659100.0
2014-05-12,16.908783860975053,18.338843389820482,16.90137405768914,17.775711059570312,5478800.0
2014-05-15,,,,,
2014-05-19,17.832915567431584,19.981550466685082,17.832915567431584,19.90668487548828,5428300.0
2014-05-26,20.05641293459625,20.22860276797495,19.62967955961028,19.891708374023438,3838600.0
2014-06-02,19.91416665183423,20.07886976937563,19.105621608367493,19.479948043823242,4042500.0
2014-06-09,19.45748914531715,20.05641233580063,19.25535251498115,20.004005432128906,1964300.0
2014-06-16,19.891705027302113,20.924846709635567,19.891705027302113,20.572978973388672,3819600.0
2014-06-23,20.5804623398547,20.84997776602248,19.92164859892886,20.22110939025879,9618300.0
2014-06-30,20.243578480134715,20.378334825154656,19.779412976369386,19.854278564453125,2328300.0
2014-07-07,19.839302398531043,19.944113350487463,18.177293428637796,18.663917541503906,3041200.0
2014-07-14,18.731297010194858,19.165515660796736,18.574079149352674,19.06070327758789,2093900.0
2014-07-21,18.9933239645152,19.756948807657068,18.76124054639976,19.5098934173584,1655300.0
2014-07-28,19.487433048820606,20.266031224314325,19.390107384420197,20.02646255493164,5550500.0
2014-08-04,20.10881238904903,23.110909948628095,19.382618341356032,21.523765563964844,7891900.0
2014-08-11,21.628587477870276,22.227510811196826,21.516289799103564,22.22002410888672,2956200.0
2014-08-14,,,,,
2014-08-18,22.546821908464185,22.74314403629182,22.071117903287035,22.214584350585938,1963000.0
2014-08-25,22.320299387209417,23.02252826463669,22.184383934777102,22.924367904663086,1702100.0
2014-09-01,23.014974032452542,23.445371944916644,22.08622049079745,22.116424560546875,1697500.0
2014-09-08,22.116423958686592,22.40335541245121,21.240524682510447,21.60296630859375,1674700.0
2014-09-15,21.557661669315568,21.927654337759208,20.825230230591735,20.870534896850586,1717300.0
2014-09-22,20.772379163909463,20.802581801392403,19.66995481169315,20.289125442504883,1988100.0
2014-09-29,20.123006601301313,20.213617397347114,18.507125833530736,18.877117156982422,3202400.0
2014-10-06,18.877111981294984,18.877111981294984,16.483494124458407,16.619409561157227,3864300.0
2014-10-13,16.619408744806233,17.2763314029698,14.905366715448729,16.80817985534668,4798200.0
2014-10-20,16.83083803297345,17.706736137422013,16.694922561557345,17.50286293029785,2125500.0
2014-10-27,17.359391302509824,18.386306613592346,16.747773302331222,18.25794219970703,2237200.0
2014-11-03,18.280594253298453,18.469365370033263,16.619409290157726,18.174882888793945,2673800.0
2014-11-10,18.17488423028259,18.20508830249,16.95164811007116,17.517961502075195,2423000.0
2014-11-13,,,,,
2014-11-17,17.58649396740462,19.067300078067483,17.510163410305108,18.57115364074707,1566800.0
2014-11-24,18.67801602439419,18.685649225887605,17.174310271415298,17.212474822998047,1192900.0
2014-12-01,17.25827670900186,17.586497144709465,16.258348996524134,17.456735610961914,2594700.0
2014-12-08,17.349871616193358,17.647560686554964,16.418642760723618,16.601835250854492,1830800.0
2014-12-15,17.136148223694665,18.166605825838268,16.71633081552085,18.082643508911133,2811800.0
2014-12-22,18.029213914186915,18.44902989832242,17.97578149187244,18.41849708557129,1010400.0
2014-12-29,18.44903197250244,18.655124114089062,17.853655159880464,18.14371109008789,929600.0
2015-01-05,17.975780768899355,18.05974454470335,16.502607554138855,17.05218505859375,1542700.0
2015-01-12,16.998754784452018,17.09035031097093,15.647708393278576,16.029359817504883,1490000.0
2015-01-19,16.006456379018886,16.517869223382153,15.372915224588358,16.349943161010742,2633800.0
2015-01-26,16.311777828518302,16.6476299371693,15.579006547340018,16.13621711730957,1898800.0
2015-02-02,16.197283872747462,18.044476590757366,15.433981120774519,16.662899017333984,8473800.0
2015-02-09,16.647631045316363,17.601759395440386,15.647704942033995,17.24300765991211,3727400.0
2015-02-16,17.212477141569476,17.57886358318509,16.533138131874175,17.16667938232422,2030500.0
2015-02-23,17.052182421281284,17.319338657251517,15.899595170466661,16.51786994934082,3276800.0
2015-03-02,16.45680708378727,16.525504448598898,14.815706442376731,14.968367576599121,5071100.0
2015-03-05,,,,,
2015-03-09,15.329785775159875,15.917015644526149,15.260245298935429,15.80884075164795,3316500.0
2015-03-16,15.816569948565084,15.886110434961644,15.368420966094215,15.669763565063477,3254900.0
2015-03-23,15.577043090314294,16.967849930118128,15.492048831367061,15.785664558410645,2744000.0
2015-03-30,15.808841232209017,16.12563756339061,15.360692301668697,15.685214042663574,1434700.0
2015-04-06,15.685212614124369,16.68195839702674,15.685212614124369,16.426977157592773,1292100.0
2015-04-13,16.4347072093713,17.470086132471252,16.341986070902312,16.836496353149414,1587300.0
2015-04-20,16.82876432288414,16.921483959248743,16.002005635079495,16.195173263549805,1841200.0
2015-04-27,16.264720916748047,16.96012586561359,16.14109369778366,16.264720916748047,1506100.0
2015-05-04,16.30335168762651,16.627873433069873,14.294407619346288,14.549388885498047,3659700.0
2015-05-11,14.45666780878474,15.128891953178153,13.908072329842106,14.441215515136719,3429300.0
2015-05-14,,,,,
2015-05-18,14.592807193024603,14.655470827736817,13.621520107975833,13.64501953125,2424700.0
2015-05-25,13.543190789277933,13.637185488119474,13.041880250720782,13.20637321472168,1978200.0
2015-06-01,13.214206988193176,13.974003731964645,12.861723115608081,13.488359451293945,2717900.0
2015-06-08,13.558856420734669,13.582355843917796,12.94005321710125,13.159375190734863,1885900.0
2015-06-15,13.018378597812685,13.441357609601837,12.791222068245302,13.410026550292969,2437800.0
2015-06-22,13.480522489391747,13.519688183032684,12.1019221946274,12.28208065032959,3402100.0
2015-06-29,12.21158611952955,12.266416606593069,11.224632870330039,11.318628311157227,3278100.0
2015-07-06,11.138466655400823,11.138466655400823,10.12801508783763,10.527495384216309,3987000.0
2015-07-13,10.574495250575499,11.443953480032832,9.971357014756025,10.034021377563477,3183700.0
2015-07-20,10.00269039153722,10.00269039153722,8.420432095102365,8.522260665893555,6300200.0
2015-07-27,8.4282633002953,9.007902034540034,8.201107539739436,8.600587844848633,3514500.0
2015-08-03,8.56926074498003,9.282060968175017,7.80946391157878,8.287274360656738,6361100.0
2015-08-10,8.302938794776642,8.945241345044758,7.018332947231051,7.22199010848999,4716800.0
2015-08-17,6.932170139424055,7.0496642446986435,5.95304973193348,6.2115373611450195,7005700.0
2015-08-24,6.006247636567458,6.489324158647111,5.668094224677494,6.215580463409424,5706600.0
2015-08-31,6.23168279698156,6.7389128992236325,5.410453272172026,5.563427448272705,6585800.0
2015-09-07,5.635888691168209,5.81301645253971,5.225273759389876,5.257479190826416,3384500.0
2015-09-14,5.217223385704366,5.563427884725014,4.82271092503944,5.015941619873047,4402300.0
2015-09-21,5.015940147463856,5.1367092482942605,4.1141981933817755,4.267172336578369,7630000.0
2015-09-28,4.186660478574206,4.275224560980917,3.1480468136560336,3.7840969562530518,12614100.0
2015-10-05,3.8565589629892405,6.924093698747636,3.808251380745385,5.965991973876953,14974200.0
2015-10-12,5.982093860275499,6.0867604692121535,5.185018262791352,5.724453449249268,5134200.0
2015-10-19,5.627837377529487,5.957939698726006,5.329940488571801,5.426555633544922,3942300.0
2015-10-26,5.4346073894862705,5.660043124194739,4.838813578473393,4.999838829040527,4613700.0
2015-11-02,4.959582201726866,5.7888631814149605,4.057840053033703,4.524813652038574,8272800.0
2015-11-09,4.516761503516864,4.790504357365439,3.590865596890144,4.460402488708496,7423100.0
2015-11-12,,,,,
2015-11-16,4.686590476688035,4.821943142088112,3.806797344822013,3.9083118438720703,5849300.0
2015-11-23,3.916770993655222,4.627372782713179,3.866013751821275,4.432803153991699,3312500.0
2015-11-30,4.466643011930838,5.27030017874443,4.407426010953371,4.745808124542236,4637600.0
2015-12-07,4.635832476113702,4.635832476113702,3.2907643714660826,3.3753597736358643,7412700.0
2015-12-14,3.34152212665974,3.375360292731615,2.52094579265125,3.0961952209472656,11577900.0
2015-12-21,3.0877362187854014,4.212856445664629,2.9693024151548126,4.035205841064453,6184500.0
2015-12-28,3.9759878382047065,4.085962071174543,3.2738453411219064,3.3076837062835693,3415500.0
2016-01-04,3.265386365350647,3.629147088990247,3.0623571477019635,3.4176583290100098,4801100.0
2016-01-11,3.400739242804047,3.493794410100317,2.470188779989737,2.8254897594451904,7091200.0
2016-01-18,2.850867767788078,3.485333909761356,2.360214015869977,3.2738451957702637,6451500.0
2016-01-25,3.265386527024198,3.383820327221158,2.791651729619174,3.020059585571289,3690100.0
2016-02-01,2.960842152871651,3.383819603281887,2.605541029985816,3.104654550552368,4939700.0
2016-02-08,3.0623566164553315,3.0623566164553315,2.6140005472793977,2.673217535018921,4043900.0
2016-02-15,2.7239749961225543,3.2484669746492463,2.563243505274163,2.8170299530029297,3921100.0
2016-02-22,2.8847072217038456,4.119801608787031,2.529405983373769,3.9844489097595215,10153000.0
2016-02-29,4.052124483205479,5.2110827551205965,3.9252311504785227,4.644292831420898,8994700.0
2016-03-02,,,,,
2016-03-07,4.817585793677833,6.1064231338292725,4.746477585095458,5.155350208282471,6810300.0
2016-03-14,5.208680300066592,5.635329888192154,4.479820463399263,5.599775791168213,7734600.0
2016-03-21,5.555333155303135,5.626441351876889,4.8886931766667585,5.137572288513184,2679700.0
2016-03-28,5.182014638122483,6.230861796686907,4.950913001992914,6.088644981384277,5698700.0
2016-04-04,6.0886458951921085,6.47085314037313,5.244235308382659,5.386451721191406,6178800.0
2016-04-11,5.430893930677384,6.061979824898996,5.350896995854328,5.937540054321289,3537100.0
2016-04-18,5.8486548566754335,7.2885971527769,5.750880871481888,6.861947536468506,6872500.0
2016-04-25,6.8352821016690335,7.244154240134669,6.266416093878554,6.470852375030518,5643000.0
2016-05-02,6.550849653545051,6.559738391255117,5.493114024832775,5.795324325561523,7903900.0
2016-05-09,5.573110866776045,5.653107809347799,4.470932841219295,4.595372200012207,5594800.0
2016-05-11,,,,,
2016-05-12,,,,,
2016-05-16,4.762653633690897,4.853026482057267,3.9402600671593304,4.048707485198975,5363800.0
2016-05-23,4.04870658304876,4.69035430987288,4.021594519114209,4.193303108215332,5473400.0
2016-05-30,4.292714624050284,4.78072846262567,3.9944839928021874,4.735541820526123,4756100.0
2016-06-06,4.726504324903167,5.060884067337372,4.166192254186654,4.247527599334717,7109900.0
2016-06-13,4.238490530287917,4.527684065624691,3.768551304697984,4.247527599334717,5467800.0
2016-06-20,4.319826721268981,4.491534928035479,3.849887450543347,4.121006011962891,8045900.0
2016-06-27,4.021595217743268,4.3288633180322975,3.470320438846957,4.265602111816406,5275600.0
2016-07-04,4.139080215128776,4.572870305806518,3.7685513319631885,4.563833236694336,3841100.0
2016-07-11,4.590945393831356,6.0640244548006725,4.500572537836992,6.054986953735352,7742800.0
2016-07-18,5.973650763740477,6.4255154114772095,5.5308231848739915,6.02787446975708,7126700.0
2016-07-25,6.00076140814525,6.3080294556509156,5.666381727584165,5.865201950073242,4556000.0
2016-08-01,5.865203399828986,6.5249258566461705,5.422376215725322,6.172471523284912,5093000.0
2016-08-08,6.163433982211965,7.2117598324969245,6.1092102759142985,6.958715438842773,5593600.0
2016-08-15,7.021977511697096,7.65458835844844,7.021977511697096,7.591326713562012,3760500.0
2016-08-22,7.526868078093715,8.299554182439296,7.426873762737847,7.863213539123535,3474700.0
2016-08-29,7.881395294838905,9.017697951338976,7.7904907355468485,8.381368637084961,4597200.0
2016-09-05,8.463182600992074,8.717714154328112,7.454145283139333,7.690496444702148,2383400.0
2016-09-12,7.454145165498028,8.081384709982553,6.954172262603133,7.98138952255249,3488200.0
2016-09-19,8.054112592779626,8.399548690474024,7.790490421766808,8.354096412658691,3491200.0
2016-09-26,8.28137289242496,8.817707848989608,7.9722993188309905,8.51772403717041,3325200.0
2016-10-03,8.41772697933597,8.981332771437133,8.272280435171771,8.435907363891602,2765600.0
2016-10-10,8.635898501770525,8.77225444713176,7.108708185925866,7.30869722366333,3666600.0
2016-10-17,7.281425103795304,8.372275102054605,7.154158938341953,8.072291374206543,3213200.0
2016-10-24,8.154105883235472,8.172286269980411,7.517776742424507,7.7177653312683105,2057200.0
2016-10-31,7.726856345216413,8.399547160148542,6.726910316646107,8.108654022216797,6037700.0
2016-11-07,8.454090986994128,9.081329601393259,8.308644402027955,8.881340980529785,8521100.0
2016-11-14,8.890429993432821,10.026732426481544,8.535904189156792,9.335861206054688,6754500.0
2016-11-21,10.246646368344656,10.328838856287385,9.415590538597451,10.073128700256348,5337100.0
2016-11-28,10.082261200310306,10.758064733495363,9.488650153501544,9.972671508789062,5801000.0
2016-12-05,10.0822629199807,10.958981472628658,9.990937725998823,10.748934745788574,5123400.0
2016-12-12,10.794593165741304,10.9863753176122,10.228379400918023,10.411028861999512,4626400.0
2016-12-19,10.41103107814632,10.621078656307862,9.653035000101111,9.872215270996094,3559700.0
2016-12-26,9.872214432862092,10.063996609274778,9.315132416598775,9.415590286254883,2188500.0
2017-01-02,9.58910652045073,11.013774158131909,9.506914039496245,10.685004234313965,5077900.0
2017-01-09,10.675872519546267,11.415604044867958,10.484090336754827,11.351676940917969,4055800.0
2017-01-16,11.351676162195925,11.351676162195925,10.082260765949247,10.758064270019531,3079600.0
2017-01-23,10.75806635127745,11.506930662364557,10.474959823343125,11.178160667419434,2700900.0
2017-01-30,11.06856989984376,12.173600438416706,10.712402729728987,11.954421043395996,6247300.0
2017-02-06,11.881362214804192,12.87680313711397,11.433870695710926,12.776345252990723,4403700.0
2017-02-13,12.885935187390698,13.369957488139276,12.739815576199272,13.169042587280273,4268900.0
2017-02-20,16.328881802388583,18.25583662266617,15.717005260615517,15.890522956848145,13196200.0
2017-02-27,16.16449208127417,16.995547713670135,15.634808252473634,16.365406036376953,7068800.0
2017-03-02,,,,,
2017-03-06,16.03998935647178,16.332956911548536,14.51106340046863,14.648391723632812,6339800.0
2017-03-13,14.648392623289835,15.63715905551292,14.135698497305306,15.435744285583496,5322400.0
2017-03-20,15.426589538089804,15.90266273927268,14.648393295045596,14.968827247619629,5999200.0
2017-03-27,14.56599653314182,17.257639399089683,14.199787035175188,16.891429901123047,5558800.0
2017-04-03,16.91889392589245,16.946360292106323,15.811110015301374,15.87519645690918,3443800.0
2017-04-10,16.02167896844649,16.250560096567153,14.529373908326294,14.584305763244629,3447000.0
2017-04-17,14.703325981663852,15.133623702061222,14.08992524474626,14.675861358642578,4913200.0
2017-04-24,15.16108524181371,15.911815052950438,15.060378734174856,15.115309715270996,5292900.0
2017-05-01,15.243482410054366,15.82941927111767,13.906816619659795,14.730789184570312,12474300.0
2017-05-08,14.465287158149462,17.06537598379957,14.465287158149462,16.99213409423828,7165600.0
2017-05-11,,,,,
2017-05-15,17.22719845209149,17.924730388547406,16.4378856752067,17.016103744506836,5659400.0
2017-05-22,17.28226747314823,17.39240483953361,14.87761768732961,15.189671516418457,6920800.0
2017-05-29,15.290632505719577,15.290632505719577,13.702830136111041,14.235157012939453,6274400.0
2017-06-05,14.060773744828161,14.262691110370861,12.500505261767831,13.032832145690918,8532100.0
2017-06-12,12.996117581678797,13.88638860289425,12.197627402963201,12.472969055175781,7679300.0
2017-06-19,12.74831304757444,13.106256473399576,11.82132969425169,12.66571044921875,4635400.0
2017-06-26,12.518861443785756,13.932281213625508,12.170095412878917,13.877212524414062,6040800.0
2017-07-03,13.941460190683157,14.345294956904317,13.611050643555389,14.271870613098145,3531200.0
2017-07-10,14.042417710081198,16.272683429272085,13.831322089372714,16.02487564086914,4178800.0
2017-07-17,15.969807860381266,17.54843370040702,15.905561785603334,17.511720657348633,5118500.0
2017-07-24,17.924733454566727,18.53966291487752,17.38322832904345,17.823774337768555,7579200.0
2017-07-31,17.952264637821884,18.374455832316297,17.401581308321106,18.264318466186523,5662600.0
2017-08-07,18.2918615985106,19.273913080119975,17.126248339717762,18.07158851623535,7120300.0
2017-08-14,18.20924941836037,18.585549288602206,16.685693419192475,17.016103744506836,4993400.0
2017-08-17,,,,,
2017-08-21,16.981969288564372,18.564255819165687,16.751985944431265,18.499860763549805,4001500.0
2017-08-28,18.628656419573236,19.456596353960766,18.085895425496417,19.373802185058594,3068800.0
2017-09-04,19.474987630326773,20.634103775024414,18.858632261828028,20.634103775024414,4251700.0
2017-09-11,20.670900752588594,21.517239464229927,20.588106614684172,21.121667861938477,6050400.0
2017-09-18,21.121674412869393,21.636838487305774,19.62218343117133,20.192543029785156,6696000.0
2017-09-25,20.164940041585965,20.83649099725866,18.71144535105904,19.410594940185547,5621200.0
2017-10-02,19.346201751525275,23.52269884597021,18.99662604588962,23.28351593017578,24468700.0
2017-10-09,23.1639232698779,24.663413938359025,22.906341286464006,24.24944496154785,10265300.0
2017-10-16,24.22184944152832,25.06818834767177,23.65148988873502,24.22184944152832,5824800.0
2017-10-23,24.838200820690343,25.28896795836165,24.019460688454057,24.81060218811035,6135200.0
2017-10-30,24.700210698958713,25.114179652011487,23.182321028497995,23.73427963256836,6429700.0
2017-11-06,23.8170739470244,26.126106873546174,23.301911760656154,24.525423049926758,9318200.0
2017-11-13,24.442629276762453,25.21537344529661,23.255916145920917,24.185049057006836,5765900.0
2017-11-17,,,,,
2017-11-20,24.144091845852852,25.793629983217528,24.107229794315185,25.176204681396484,2890000.0
2017-11-27,24.908963463784506,25.86735401646749,20.762077309896622,22.54984474182129,15680800.0
2017-12-04,24.63249661378735,24.9642479780713,17.048305093870585,18.28315544128418,25097800.0
2017-12-11,18.310804568373765,19.370563872813968,18.117282325897975,18.449033737182617,8029800.0
2017-12-18,18.67941741114734,19.048029136361432,17.14967743324935,18.48589515686035,11453500.0
2017-12-25,18.559620089989668,19.333705699722984,18.246299640446203,18.90058708190918,3135900.0
2018-01-01,18.946663246831548,19.803686741934467,18.725496176753314,19.379783630371094,5152200.0
2018-01-08,19.435077020071372,20.13544036178419,18.568837918784485,19.812904357910156,6147400.0
2018-01-15,19.647021618990568,20.126217696936482,18.531971032129427,19.683883666992188,5233000.0
2018-01-22,19.591728453577804,20.411889609651283,17.306334423784474,18.264724731445312,11442100.0
2018-01-29,18.301590226127885,18.605695120020673,16.504605643692727,16.63361930847168,6022500.0
2018-02-05,16.476961397605823,18.808433746958382,15.95168939486021,17.65652084350586,10373200.0
2018-02-12,17.7763184246113,19.978775042994297,17.149677606574453,19.324487686157227,6546000.0
2018-02-19,19.048030283143945,19.803684804746684,18.55040310588587,19.425857543945312,3303700.0
2018-02-26,19.499578820145736,19.665454536768422,16.827141601445113,18.237083435058594,7969900.0
2018-03-05,18.071208093569787,19.951128819733015,17.55514990721334,18.51354217529297,5945600.0
2018-03-09,,,,,
2018-03-12,18.685216731235098,19.248637090529115,17.419832275324346,17.946306228637695,4294500.0
2018-03-19,17.807760302001178,18.67597968127944,16.83793830871582,16.83793830871582,5119000.0
2018-03-26,17.161209277484566,17.382882383815005,15.757277842357215,17.03190040588379,4627400.0
2018-04-02,16.93953899085634,17.54914057516271,15.942008965473049,16.782520294189453,4909000.0
2018-04-09,16.782519885375034,18.0386694281109,16.64397439444423,18.01095962524414,2512100.0
2018-04-16,18.19568688378592,18.851469651730923,17.678447835650317,18.20492172241211,3015800.0
2018-04-23,18.158744814978387,18.639037576396973,16.228338928474525,16.23757553100586,4382900.0
2018-04-30,16.256044212327968,16.53313516435178,15.424769594555222,16.385353088378906,4537900.0
2018-05-07,16.52390189386627,17.696923899747095,15.507900357259356,15.7203369140625,10333800.0
2018-05-14,15.701868030338039,17.521436809052673,15.701868030338039,16.994962692260742,5727700.0
2018-05-18,,,,,
2018-05-21,17.07323298345159,17.573207420027117,16.57325678089956,16.906574249267578,5471300.0
2018-05-28,16.68436282677479,17.258407603078975,16.62880873927971,16.84176254272461,3496600.0
2018-06-04,16.96212478827592,17.656534930367844,16.860277402323348,17.508394241333008,3530000.0
2018-06-11,17.47135875151426,18.79536584803666,17.43432269881233,18.63796615600586,8387700.0
2018-06-18,18.462050606243977,18.61945030170755,17.212112055912804,18.517602920532227,8187500.0
2018-06-25,18.39723689806389,18.869434157378315,17.526909178941775,18.2213191986084,8142800.0
2018-07-02,18.036146952318322,18.860181580532192,17.78615885951266,18.258358001708984,4234300.0
2018-07-09,18.489827588226184,19.480520919400796,17.776901152077667,17.869487762451172,7878800.0
2018-07-16,17.906521796551534,18.397238899588118,16.591771945639046,17.360252380371094,7476400.0
2018-07-23,17.471359497062128,17.656534470545076,16.434372934847808,17.073230743408203,6822800.0
2018-07-30,17.19359731438713,17.73986684619819,15.277025328463424,15.693672180175781,9237200.0
2018-08-06,15.767742788854338,16.249199222379385,14.57335630539564,14.786309242248535,6769800.0
2018-08-13,14.851119214843704,14.851119214843704,12.499382665639862,14.175226211547852,10741200.0
2018-08-20,14.156707564062984,15.101104864972609,13.888202353874272,14.740012168884277,6488000.0
2018-08-24,,,,,
2018-08-27,14.753524509873538,15.552015745816291,14.660676300488175,15.032068252563477,5072000.0
2018-09-03,14.902081261094272,15.134200917939557,13.51864920427449,14.122159957885742,7589100.0
2018-09-10,14.196436530953395,14.270714741692938,11.884525229386364,12.116644859313965,10624000.0
2018-09-17,12.060937029186528,12.942991538745595,12.060937029186528,12.469468116760254,4524700.0
2018-09-24,12.385903267675385,12.404472377137067,10.946761423018355,11.095317840576172,7486200.0
2018-10-01,11.132456944965627,12.293055063968701,10.798205005460536,11.095317840576172,6096300.0
2018-10-08,11.039610769243518,11.587412394314887,9.981144856401487,11.048894882202148,10280100.0
2018-10-15,11.039610878059941,11.680260722761926,10.918908553746135,11.457426071166992,5967300.0
2018-10-22,11.4945646873328,11.559557903230429,10.111131844448511,10.501092910766602,9145300.0
2018-10-29,10.751782046110536,11.457425989959239,10.120416318933676,11.262445449829102,8905700.0
2018-11-05,11.281014743147239,12.71087176533303,10.91890865240033,11.643121719360352,10637900.0
2018-11-12,11.54098934988665,11.54098934988665,9.814018576932474,10.166840553283691,9083200.0
2018-11-19,9.94400732117361,10.714644603013857,9.256933267442887,10.064709663391113,6179100.0
2018-11-23,,,,,
2018-11-26,10.217624059646878,10.571884853302546,9.322649657010759,9.863363265991211,5513000.0
2018-12-03,10.096428704101294,10.385431211668296,6.0224312348215685,6.8055338859558105,19496300.0
2018-12-10,6.786889345533176,7.551346799928013,6.544500233942646,6.982664585113525,13764000.0
2018-12-17,6.898760002322518,7.346247149622858,6.441949993112046,6.740274906158447,9940300.0
2018-12-24,6.581790888267362,7.532701176497749,6.47924161314821,7.2623443603515625,3140600.0
2018-12-31,7.4115036326359895,8.278510023268849,6.982661867160007,8.166638374328613,4457800.0
2019-01-07,8.241221479125187,9.033646074224423,8.017478126796723,8.865839004516602,5429800.0
2019-01-14,8.64209762333606,8.856518162621391,8.287836790141935,8.390385627746582,7252400.0
2019-01-21,8.306479726651514,8.464964823334766,7.970864698480713,8.353093147277832,4251900.0
2019-01-28,8.194608614117236,8.567514226617465,7.998832945285339,8.558192253112793,5468300.0
2019-02-04,8.53954789665416,8.837872434469318,8.092061089931423,8.390385627746582,4202700.0
2019-02-11,8.399706854287272,10.282881465733642,8.259866587640545,10.236268043518066,9095500.0
2019-02-18,10.161686919292782,11.410922010939393,9.93794355964544,11.299050331115723,5292500.0
2019-02-25,11.392276738393468,11.54143897243511,10.599851258700939,10.842240333557129,7523800.0
2019-03-04,10.879532457311873,11.336342087055117,10.55323935659403,11.233793258666992,4703300.0
2019-03-08,,,,,
2019-03-11,11.369618736507558,11.753285644850987,10.808156600677327,11.107603073120117,5085300.0
2019-03-18,11.116960065444143,13.082078714549121,10.929806035875213,11.547414779663086,6685300.0
2019-03-25,12.052730741445659,12.352177179705919,11.407048243420995,12.305388450622559,5765200.0
2019-04-01,12.48318655055871,12.922999215103157,12.146308385196638,12.651625633239746,7856000.0
2019-04-08,12.660983281310415,14.064639992085167,12.099521132453056,13.737120628356934,12064200.0
2019-04-15,13.80262343880244,14.504451749250022,13.709045973774424,14.0646390914917,11049000.0
2019-04-22,14.055281707888296,14.495093462241266,13.53124952317688,13.942988395690918,5569000.0
2019-04-29,13.924273081179422,13.924273081179422,11.949796522388569,12.52061653137207,9332000.0
2019-05-06,12.183738474602919,12.286672960173734,10.068895865298702,10.499350547790527,12209700.0
2019-05-13,10.059540033393969,10.321555709967301,9.610370302125398,9.87238597869873,11496900.0
2019-05-17,,,,,
2019-05-20,9.687759719854455,10.533441552775866,9.49982962710117,10.223358154296875,7066200.0
2019-05-27,10.27973470853459,10.805937265310742,8.522595452057224,8.710525512695312,14500200.0
2019-06-03,8.97362697745474,10.439475460471195,8.917247776053951,10.289132118225098,10561800.0
2019-06-10,10.307925529840983,10.796541394310701,10.101202985276059,10.411286354064941,5586400.0
2019-06-17,10.3830977822129,11.04085039231914,10.148186071738026,10.683784484863281,7926000.0
2019-06-24,10.683784197598163,12.065065268963382,10.467665859908447,12.008686065673828,9081500.0
2019-07-01,12.196615668225263,12.309374078672947,11.895928963343612,12.168426513671875,4346500.0
2019-07-08,12.140235984295211,12.32816515356417,10.871712523525058,11.256967544555664,7061600.0
2019-07-15,11.294555512446427,11.350933821347878,10.48645865184442,11.116022109985352,6108400.0
2019-07-22,11.209986579581543,11.350933240742751,10.148185591000457,10.655594825744629,3838300.0
2019-07-29,10.646199893679777,10.956283316127369,8.992421043214508,9.123971939086914,6222400.0
2019-08-05,8.82328285311552,8.926643667718588,7.968203601680048,8.090357780456543,10283800.0
2019-08-12,8.033980888616368,8.07156672743551,6.840629385962212,7.131919860839844,9136800.0
2019-08-19,7.348038116181145,7.451398941281936,6.577527581094703,6.605717182159424,6760600.0
2019-08-26,6.737268016763114,7.207091443895175,6.305030427956936,6.981575965881348,8520200.0
2019-08-30,,,,,
2019-09-02,6.863975483605081,7.99851666975533,6.646521703663224,7.903971195220947,8443700.0
2019-09-09,7.894517143254257,9.549056588707938,7.856699134852842,9.123602867126465,11620100.0
2019-09-16,9.010148625642849,9.322147412878422,8.509059800939111,8.59415054321289,7542600.0
2019-09-23,8.46178618683044,8.858875675075204,7.629789206777232,7.743243217468262,5874000.0
2019-09-30,7.781061630176522,8.282151330808993,6.816702037768557,7.07197380065918,4309900.0
2019-10-07,7.005792608044412,7.866152977221453,6.684339535957796,7.71488094329834,4716700.0
2019-10-14,7.639244821034348,7.932335058959639,7.261064290613335,7.809426307678223,3495800.0
2019-10-21,7.989062786102296,8.253788880456286,7.582519366614665,7.989062786102295,4279900.0
2019-10-28,8.06469739084346,8.792695148999536,7.762153336364262,8.70760440826416,2887100.0
2019-11-04,8.868331110082213,10.778141795146796,8.773785642791362,10.201416969299316,8552000.0
2019-11-11,10.059599886977363,11.005050973667446,10.059599886977363,10.759233474731445,6083800.0
2019-11-18,10.721415788039588,10.844324541184157,9.936691434745557,10.513416290283203,5148200.0
2019-11-25,10.678550501502572,11.058231935018776,10.50769340380431,10.991787910461426,3162000.0
2019-12-02,10.982296296128615,11.229089695087728,9.985632248050338,10.488710403442383,10825300.0
2019-12-09,10.498201965201837,11.305025231453708,10.222932701736527,10.583629608154297,4902900.0
2019-12-16,10.782962669411543,11.295533057274389,10.688042763648463,10.991787910461426,6776200.0
2019-12-23,11.001280262590528,11.380961699212275,10.868391307156942,10.887375831604004,3046300.0
2019-12-30,10.868390840295486,11.001279790020709,10.128011618070756,10.232423782348633,3595700.0
2020-01-06,10.071059856696257,11.001280777834252,9.871726866826116,10.7449951171875,10105700.0
2020-01-13,10.69753616116187,11.770136550992019,10.27039337158203,10.270393371582031,9799900.0
2020-01-20,10.118519200811575,10.260900410165283,9.017442193589348,9.416108131408691,7929400.0
2020-01-27,9.007949945483341,9.3022037210719,7.982809219613367,8.030269622802734,6383000.0
2020-02-03,8.077730125980125,8.666236779210012,7.46074713996094,7.527191162109375,6442400.0
2020-02-10,7.527191201639363,9.064902770169912,7.51769939240372,8.846585273742676,6375600.0
2020-02-17,8.694713551804186,9.548998191774956,8.571316851411785,9.207283973693848,4924500.0
2020-02-24,8.438428912959186,8.599793761508552,6.3786544808431564,6.967161655426025,10981400.0
2020-03-02,7.033605153499238,7.422779303696171,6.502050691339693,6.634939193725586,9174100.0
2020-03-06,,,,,
2020-03-09,6.13214173513865,6.2758638962903674,4.503291336886111,5.135668754577637,8396300.0
2020-03-16,4.110451195617374,5.892605004623559,4.110451195617374,4.656595230102539,9194300.0
2020-03-23,4.627850930941103,6.093816356851235,4.302080734765475,5.106924533843994,8969300.0
2020-03-30,5.0494356215795095,5.624323838346325,3.8038443329580143,4.100870132446289,13846200.0
2020-04-06,4.340406806900245,5.691394147294815,4.340406806900245,5.499764442443848,6586900.0
2020-04-13,5.490182878965842,6.256700738603152,4.608687477446978,6.103396892547607,10451500.0
2020-04-20,5.883023424254863,6.21837483829633,5.375205686189826,6.007582664489746,11058400.0
2020-04-27,5.9692566498178214,7.176521798394827,5.883023261747979,6.189630508422852,6597800.0
2020-05-04,5.930931145787872,7.032800502851564,5.739301434148866,6.7741007804870605,9175800.0
2020-05-11,6.620796685273454,6.831589314921503,5.4422756680526065,5.499764442443848,9520300.0
2020-05-15,,,,,
2020-05-18,5.958497166525013,6.636699900735731,5.948808331641595,6.055383205413818,15376700.0
2020-05-25,6.365419458788824,7.237394334741748,6.229778532405343,6.433239459991455,11232700.0
2020-06-01,6.471994028670634,8.748818241395384,6.404174025893211,8.19656753540039,6441500.0
2020-06-08,8.458157808995855,8.729439609506493,6.520435876367393,6.91766881942749,5963900.0
2020-06-15,6.501059385393813,7.789644845517012,6.39448451261991,7.140507698059082,6470600.0
2020-06-22,7.053310449742579,7.624938301169101,6.2975984343458835,6.355730056762695,6233000.0
2020-06-29,6.4332393162785415,7.276149052586472,6.404173734123601,7.1017537117004395,4217600.0
2020-07-06,7.266459784821598,7.39241186530255,6.394484518245192,6.772340297698975,6516900.0
2020-07-13,6.937047246731133,7.314903512866272,6.530125398271199,7.130819797515869,4544100.0
2020-07-20,7.033933102531967,7.576495362965903,6.791717782945975,7.363345623016357,5025900.0
2020-07-27,7.3342805414379875,8.138434921164883,7.169574039016335,7.382723331451416,7830500.0
2020-08-03,7.450543543464655,8.710062971659214,7.334280296921602,8.690686225891113,8423700.0
2020-08-10,8.768193900767718,9.37857655761883,8.680996246363556,8.894145965576172,6153400.0
2020-08-17,8.961966522334244,9.175116255092815,8.089991770833498,8.245009422302246,3936200.0
2020-08-24,8.435283253072017,9.040592795172312,8.366941207409921,9.011302947998047,5355300.0
2020-08-31,9.050354957580566,9.304193750799936,8.357177821893993,9.050354957580566,5228400.0
2020-09-07,8.884384429886117,9.274906433606823,8.728174697319934,9.021066665649414,2965300.0
2020-09-14,9.138222281151585,9.655665044119479,8.757463601360561,9.128459930419922,5804200.0
2020-09-21,8.884384343122468,8.884384343122468,7.429688264082869,7.566370964050293,5196100.0
2020-09-28,7.781157618205311,8.113102230186499,7.488266135055296,8.054523468017578,5112900.0
2020-10-05,8.200970333242502,9.177276369632228,8.15215577628541,8.845333099365234,4331400.0
2020-10-12,8.835568813770333,9.392062893472504,8.493861367345348,9.14798641204834,2803500.0
2020-10-19,9.245617671514362,9.655666247852892,8.87462129620436,9.479930877685547,3141900.0
2020-10-26,9.274906321269338,9.665428320260048,8.093576110475075,9.538509368896484,4991400.0
2020-11-02,9.763058389566835,11.725433349328442,9.753295107718596,11.422778129577637,6958500.0
2020-11-09,12.369796110899715,13.053210070342343,10.690549663723466,10.9248628616333,7328200.0
2020-11-13,,,,,
2020-11-16,11.249581927308924,11.878379867540264,11.200456927184664,11.770304679870605,4325400.0
2020-11-23,11.888204933006918,12.782276365567167,11.721180496486715,12.349977493286133,3147000.0
2020-11-30,12.281202777035361,14.32479484417553,12.222252591433769,13.980920791625977,5739300.0
2020-12-07,13.951446153253192,14.55076944783652,13.027900117622867,13.12614917755127,5191100.0
2020-12-14,13.538797367961877,14.403394136036702,12.55630116837431,13.77459716796875,6272100.0
2020-12-21,13.371773518521675,14.393569572891673,13.293173894107168,14.295320510864258,2225600.0
2020-12-28,14.442693398543778,14.825867239157516,13.528972604743872,14.364093780517578,2562000.0
2021-01-04,14.61954376270974,15.719939408894593,13.607572925616944,14.432868957519531,4423300.0
2021-01-11,14.256021582106346,15.33676695327058,14.118471762366248,14.403395652770996,4654700.0
2021-01-18,15.287642396684417,16.928410308052797,15.238517395713535,16.741737365722656,5288000.0
2021-01-25,16.594361161111596,16.997184476080278,14.894643088296146,15.081317901611328,7569800.0
2021-02-01,15.435016231232613,18.068105562211198,15.228691979833036,18.028806686401367,5178600.0
2021-02-08,18.215480941069632,18.579003495500494,17.694757266333475,18.254779815673828,3949700.0
2021-02-15,18.45128115884451,19.630275592563713,17.783183376088807,19.59097671508789,4401100.0
2021-02-22,19.630275233883616,20.986121150340693,17.64563229759887,18.01898193359375,26624900.0
2021-03-01,18.687077473059635,19.227449613212702,16.879284382927697,18.195829391479492,14633900.0
2021-03-05,,,,,
2021-03-08,18.45567434144255,19.531433006017206,17.014749114496123,19.215612411499023,8815500.0
2021-03-15,19.087311405865496,19.205742479453118,17.271351963146174,17.7944278717041,7175100.0
2021-03-22,18.01155365159965,18.03129279231565,15.406046373572295,17.508216857910156,8687600.0
2021-03-29,17.271353123688204,19.06757354736328,16.985141225501597,19.06757354736328,5332900.0
2021-04-05,19.521563412137546,20.646668043192754,18.544498566890443,19.037965774536133,7841800.0
2021-04-12,19.01822770101747,20.17294110696351,18.791233224552993,19.718950271606445,3602300.0
2021-04-19,20.0742464748994,20.439411160169044,18.208941002894033,20.34071922302246,6224200.0
2021-04-26,20.291372431000017,22.186286712499157,20.291372431000017,20.923011779785156,8972100.0
2021-05-03,21.30791338168656,23.538385302912264,21.021701508365858,23.262042999267578,5611300.0
2021-05-10,23.11400602756835,23.548257733939412,21.58425830803661,22.9758358001709,5046300.0
2021-05-14,,,,,
2021-05-17,22.99713128779718,23.561661953906405,21.8383609968011,23.026844024658203,4282200.0
2021-05-24,23.145693837236234,23.997438208879956,22.432603241670062,23.254636764526367,7425400.0
2021-05-31,23.700319209995016,24.571872103798583,22.91790075469158,23.730030059814453,5082900.0
2021-06-07,23.878590607979277,24.12619108499593,22.69010756268266,23.155595779418945,4834500.0
2021-06-14,23.224926617362566,23.531950694705536,20.115063191838356,20.46170425415039,8552700.0
2021-06-21,20.847961128657655,22.5118367736873,20.323049283076028,21.521434783935547,7638200.0
2021-06-28,21.45210580106516,22.561356801516446,20.124967054561733,22.026538848876953,7244900.0
2021-07-05,21.98692454633599,22.02653964293643,19.659479533023557,20.035831451416016,7554100.0
2021-07-12,19.926888270128178,20.97671381899402,18.401668344701093,18.49080467224121,6313800.0
2021-07-19,17.748002286504295,18.85725325586657,16.955681514846763,18.629459381103516,7841000.0
2021-07-26,18.570037312830422,19.342551545099244,17.847044313487608,18.253108978271484,7316600.0
2021-08-02,18.40166743922264,18.96619622650379,16.846736740489156,18.045122146606445,9226500.0
2021-08-06,,,,,
2021-08-09,18.046847313062255,18.863536529610677,17.67834023016564,18.614545822143555,6546000.0
2021-08-16,18.17632134313749,19.12248677565329,17.76797674164709,18.365554809570312,9314100.0
2021-08-23,18.564746677624992,22.130293558835124,18.514949295624056,21.672151565551758,8433100.0
2021-08-30,21.721949035622167,21.801625986935722,19.859499586299652,20.237964630126953,5134000.0
2021-09-06,20.138369209140453,20.96501834241275,19.76986399893692,20.45707893371582,4832600.0
2021-09-13,20.84550234967623,25.377132469323957,20.50687483527966,24.421009063720703,38268700.0
2021-09-20,23.35532944155871,24.799474424945128,22.56851788330777,24.3712100982666,11264500.0
2021-09-27,24.411049497326015,25.466769578461207,24.152098930321465,24.789514541625977,7222200.0
2021-10-04,24.889112510403784,25.317376859065245,24.241737008783456,24.59032440185547,6398100.0
2021-10-11,24.590323087094642,26.084267349257043,23.873228625481737,25.20781898498535,6896300.0
2021-10-18,25.1978590990854,25.914953559857988,25.018587383540613,25.74563980102539,4304300.0
2021-10-25,26.014550039061003,26.223701322202054,22.837428069247593,23.225852966308594,8718200.0
2021-11-01,23.454925043225472,25.496650085193895,23.2059343234475,25.237699508666992,5746200.0
2021-11-08,25.397052822216352,25.616163966613033,23.35532972774067,24.620201110839844,6135900.0
2021-11-12,,,,,
2021-11-15,24.700000762939453,24.950000762939453,22.959999084472656,23.239999771118164,5794100.0
2021-11-22,23.40999984741211,24.31999969482422,22.6200008392334,23.56999969482422,4509300.0
2021-11-29,23.989999771118164,24.0,21.65999984741211,22.200000762939453,10168200.0
2021-12-06,22.450000762939453,23.700000762939453,21.950000762939453,23.09000015258789,4676600.0
2021-12-13,22.770000457763672,22.950000762939453,21.3799991607666,22.09000015258789,6505700.0
2021-12-20,21.690000534057617,23.56999969482422,21.0,23.309999465942383,3708000.0
2021-12-27,23.309999465942383,24.079999923706055,23.190000534057617,24.030000686645508,2923000.0
2022-01-03,24.040000915527344,25.200000762939453,23.829999923706055,24.200000762939453,4859000.0
2022-01-10,24.010000228881836,25.950000762939453,23.5,25.219999313354492,5937800.0
2022-01-17,24.860000610351562,24.920000076293945,22.600000381469727,22.610000610351562,3544300.0
2022-01-24,22.15999984741211,23.729999542236328,21.239999771118164,21.8799991607666,5649300.0
2022-01-31,21.780000686645508,23.799999237060547,21.510000228881836,22.260000228881836,4991400.0
2022-02-07,22.3799991607666,24.43000030517578,21.75,22.549999237060547,6675800.0
2022-02-14,22.56999969482422,24.040000915527344,21.06999969482422,21.219999313354492,7036500.0
2022-02-18,22.18000030517578,22.56999969482422,21.079999923706055,21.219999313354492,1566835.0
