Datetime,Open,High,Low,Close,Volume
2022-02-14 07:00:00-05:00,52.5,52.5,52.5,52.5,0
2022-02-14 08:00:00-05:00,52.55,52.55,52.55,52.55,0
2022-02-14 08:38:00-05:00,52.55,52.55,52.55,52.55,0
2022-02-14 08:41:00-05:00,52.55,52.55,52.55,52.55,0
2022-02-14 09:12:00-05:00,52.65,52.65,52.65,52.65,0
2022-02-14 09:30:00-05:00,52.38999938964844,52.5,52.22999954223633,52.22999954223633,37481
2022-02-14 09:31:00-05:00,52.130001068115234,52.15999984741211,52.08000183105469,52.11000061035156,5943
2022-02-14 09:32:00-05:00,52.119998931884766,52.15999984741211,52.029998779296875,52.029998779296875,14897
2022-02-14 09:33:00-05:00,52.040000915527344,52.04999923706055,51.970001220703125,52.029998779296875,6675
2022-02-14 09:34:00-05:00,52.040000915527344,52.11000061035156,52.040000915527344,52.11000061035156,5883
2022-02-14 09:35:00-05:00,52.130001068115234,52.189998626708984,52.06999969482422,52.06999969482422,23500
2022-02-14 09:36:00-05:00,52.08000183105469,52.099998474121094,51.95000076293945,51.959999084472656,5545
2022-02-14 09:37:00-05:00,51.97999954223633,52.0099983215332,51.900001525878906,51.900001525878906,5385
2022-02-14 09:38:00-05:00,51.91999816894531,51.93000030517578,51.86000061035156,51.86000061035156,3153
2022-02-14 09:39:00-05:00,51.869998931884766,51.869998931884766,51.779998779296875,51.78089904785156,9459
2022-02-14 09:40:00-05:00,51.810001373291016,51.86000061035156,51.810001373291016,51.84000015258789,4231
2022-02-14 09:41:00-05:00,51.900001525878906,51.90999984741211,51.869998931884766,51.869998931884766,1580
2022-02-14 09:42:00-05:00,51.869998931884766,51.869998931884766,51.7599983215332,51.7599983215332,16101
2022-02-14 09:43:00-05:00,51.7599983215332,51.808998107910156,51.7400016784668,51.779998779296875,6438
2022-02-14 09:44:00-05:00,51.77000045776367,51.77000045776367,51.630001068115234,51.63999938964844,6242
2022-02-14 09:45:00-05:00,51.630001068115234,51.630001068115234,51.630001068115234,51.630001068115234,11353
2022-02-14 09:46:00-05:00,51.66999816894531,51.689998626708984,51.65999984741211,51.68000030517578,7011
2022-02-14 09:47:00-05:00,51.68000030517578,51.709999084472656,51.66999816894531,51.70000076293945,22583
2022-02-14 09:48:00-05:00,51.69499969482422,51.76499938964844,51.68000030517578,51.76499938964844,6062
2022-02-14 09:49:00-05:00,51.779998779296875,51.900001525878906,51.779998779296875,51.849998474121094,3191
2022-02-14 09:50:00-05:00,51.849998474121094,51.88999938964844,51.84000015258789,51.869998931884766,16133
2022-02-14 09:51:00-05:00,51.869998931884766,51.91999816894531,51.869998931884766,51.900001525878906,4607
2022-02-14 09:52:00-05:00,51.900001525878906,52.0,51.900001525878906,51.9900016784668,7621
2022-02-14 09:53:00-05:00,52.0,52.08000183105469,52.0,52.040000915527344,16987
2022-02-14 09:54:00-05:00,52.060001373291016,52.11000061035156,52.060001373291016,52.11000061035156,2795
2022-02-14 09:55:00-05:00,52.11000061035156,52.130001068115234,52.11000061035156,52.130001068115234,9360
2022-02-14 09:56:00-05:00,52.15999984741211,52.189998626708984,52.13999938964844,52.189998626708984,20910
2022-02-14 09:57:00-05:00,52.16999816894531,52.16999816894531,52.13999938964844,52.13999938964844,1328
2022-02-14 09:58:00-05:00,52.130001068115234,52.130001068115234,52.09000015258789,52.11000061035156,1629
2022-02-14 09:59:00-05:00,52.099998474121094,52.13999938964844,52.099998474121094,52.13999938964844,832
2022-02-14 10:00:00-05:00,52.13999938964844,52.16999816894531,52.09000015258789,52.09000015258789,5105
2022-02-14 10:01:00-05:00,52.099998474121094,52.099998474121094,52.04999923706055,52.04999923706055,1177
2022-02-14 10:02:00-05:00,52.04999923706055,52.04999923706055,52.02000045776367,52.029998779296875,2290
2022-02-14 10:03:00-05:00,52.025001525878906,52.064998626708984,52.01499938964844,52.064998626708984,4538
2022-02-14 10:04:00-05:00,52.060001373291016,52.060001373291016,52.029998779296875,52.04999923706055,2266
2022-02-14 10:05:00-05:00,52.05500030517578,52.06999969482422,52.040000915527344,52.060001373291016,1495
2022-02-14 10:06:00-05:00,52.08000183105469,52.13999938964844,52.08000183105469,52.130001068115234,5758
2022-02-14 10:07:00-05:00,52.13999938964844,52.13999938964844,52.1161994934082,52.13999938964844,2315
2022-02-14 10:08:00-05:00,52.130001068115234,52.17499923706055,52.119998931884766,52.17499923706055,2880
2022-02-14 10:09:00-05:00,52.150001525878906,52.150001525878906,52.119998931884766,52.1349983215332,3018
2022-02-14 10:10:00-05:00,52.1349983215332,52.209999084472656,52.1349983215332,52.209999084472656,1388
2022-02-14 10:11:00-05:00,52.209999084472656,52.224998474121094,52.209999084472656,52.220001220703125,1732
2022-02-14 10:12:00-05:00,52.26499938964844,52.279998779296875,52.2599983215332,52.27000045776367,2781
2022-02-14 10:13:00-05:00,52.27000045776367,52.27000045776367,52.22999954223633,52.22999954223633,2175
2022-02-14 10:14:00-05:00,52.220001220703125,52.2400016784668,52.11000061035156,52.119998931884766,8448
2022-02-14 10:15:00-05:00,52.130001068115234,52.150001525878906,52.07389831542969,52.07500076293945,12348
2022-02-14 10:16:00-05:00,52.060001373291016,52.060001373291016,51.97999954223633,51.97999954223633,2255
2022-02-14 10:17:00-05:00,51.959999084472656,51.9901008605957,51.959999084472656,51.9901008605957,1887
2022-02-14 10:18:00-05:00,52.0,52.02000045776367,51.97999954223633,51.97999954223633,1398
2022-02-14 10:19:00-05:00,51.9900016784668,52.0,51.97999954223633,51.97999954223633,3536
2022-02-14 10:20:00-05:00,51.959999084472656,51.959999084472656,51.939998626708984,51.95000076293945,2203
2022-02-14 10:21:00-05:00,51.94499969482422,51.94499969482422,51.93000030517578,51.93000030517578,901
2022-02-14 10:22:00-05:00,51.939998626708984,51.939998626708984,51.900001525878906,51.90999984741211,7425
2022-02-14 10:23:00-05:00,51.93000030517578,52.060001373291016,51.93000030517578,52.040000915527344,8110
2022-02-14 10:24:00-05:00,52.06999969482422,52.06999969482422,52.029998779296875,52.060001373291016,2534
2022-02-14 10:25:00-05:00,52.09000015258789,52.119998931884766,52.09000015258789,52.11000061035156,684
2022-02-14 10:26:00-05:00,52.11000061035156,52.119998931884766,52.09000015258789,52.09000015258789,5606
2022-02-14 10:27:00-05:00,52.08000183105469,52.08000183105469,52.060001373291016,52.08000183105469,2370
2022-02-14 10:28:00-05:00,52.06999969482422,52.08000183105469,52.06999969482422,52.08000183105469,730
2022-02-14 10:29:00-05:00,52.130001068115234,52.150001525878906,52.08000183105469,52.08000183105469,5239
2022-02-14 10:30:00-05:00,52.09000015258789,52.11000061035156,52.040000915527344,52.040000915527344,2633
2022-02-14 10:31:00-05:00,52.02000045776367,52.029998779296875,52.0,52.02000045776367,2264
2022-02-14 10:32:00-05:00,52.0099983215332,52.0099983215332,51.939998626708984,51.939998626708984,2330
2022-02-14 10:33:00-05:00,51.93000030517578,51.959999084472656,51.91999816894531,51.959999084472656,1016
2022-02-14 10:34:00-05:00,51.97999954223633,52.0,51.939998626708984,51.939998626708984,2451
2022-02-14 10:35:00-05:00,51.91999816894531,51.93000030517578,51.900001525878906,51.91999816894531,804
2022-02-14 10:36:00-05:00,51.91999816894531,51.939998626708984,51.90999984741211,51.91999816894531,5423
2022-02-14 10:37:00-05:00,51.91999816894531,51.95000076293945,51.915000915527344,51.939998626708984,1396
2022-02-14 10:38:00-05:00,51.939998626708984,51.97999954223633,51.939998626708984,51.97999954223633,1868
2022-02-14 10:39:00-05:00,51.970001220703125,52.0,51.95500183105469,52.0,8167
2022-02-14 10:40:00-05:00,52.025001525878906,52.025001525878906,52.0099983215332,52.0099983215332,817
2022-02-14 10:41:00-05:00,52.005001068115234,52.0099983215332,52.0,52.0099983215332,5610
2022-02-14 10:42:00-05:00,51.9900016784668,52.0,51.97999954223633,51.9900016784668,2773
2022-02-14 10:43:00-05:00,51.9900016784668,52.0,51.97999954223633,51.9900016784668,815
2022-02-14 10:44:00-05:00,52.0,52.0099983215332,51.994998931884766,52.0,1401
2022-02-14 10:45:00-05:00,52.0099983215332,52.0099983215332,51.970001220703125,51.97999954223633,12823
2022-02-14 10:46:00-05:00,52.005001068115234,52.005001068115234,51.97999954223633,51.97999954223633,842
2022-02-14 10:47:00-05:00,51.9900016784668,51.9900016784668,51.900001525878906,51.900001525878906,1468
2022-02-14 10:48:00-05:00,51.88999938964844,51.88999938964844,51.869998931884766,51.869998931884766,3964
2022-02-14 10:49:00-05:00,51.869998931884766,51.869998931884766,51.810001373291016,51.83000183105469,2846
2022-02-14 10:50:00-05:00,51.869998931884766,51.869998931884766,51.86000061035156,51.86000061035156,318
2022-02-14 10:51:00-05:00,51.86000061035156,51.86000061035156,51.79999923706055,51.86000061035156,9688
2022-02-14 10:52:00-05:00,51.849998474121094,51.85499954223633,51.84000015258789,51.84000015258789,4950
2022-02-14 10:53:00-05:00,51.85499954223633,51.86000061035156,51.83000183105469,51.845001220703125,4828
2022-02-14 10:54:00-05:00,51.84000015258789,51.845001220703125,51.810001373291016,51.84000015258789,14731
2022-02-14 10:55:00-05:00,51.845001220703125,51.93000030517578,51.845001220703125,51.90999984741211,30649
2022-02-14 10:56:00-05:00,51.92499923706055,51.92499923706055,51.86000061035156,51.86000061035156,4739
2022-02-14 10:57:00-05:00,51.849998474121094,51.849998474121094,51.810001373291016,51.81999969482422,12579
2022-02-14 10:58:00-05:00,51.81999969482422,51.81999969482422,51.77000045776367,51.79999923706055,3353
2022-02-14 10:59:00-05:00,51.810001373291016,51.84000015258789,51.80500030517578,51.81999969482422,4499
2022-02-14 11:00:00-05:00,51.81999969482422,51.81999969482422,51.77000045776367,51.790000915527344,6424
2022-02-14 11:01:00-05:00,51.81999969482422,51.83000183105469,51.79999923706055,51.83000183105469,1642
2022-02-14 11:02:00-05:00,51.810001373291016,51.810001373291016,51.790000915527344,51.790000915527344,3338
2022-02-14 11:03:00-05:00,51.790000915527344,51.790000915527344,51.7599983215332,51.77000045776367,3868
2022-02-14 11:04:00-05:00,51.790000915527344,51.79999923706055,51.779998779296875,51.79999923706055,5232
2022-02-14 11:05:00-05:00,51.80500030517578,51.81999969482422,51.78499984741211,51.79999923706055,6412
2022-02-14 11:06:00-05:00,51.790000915527344,51.80500030517578,51.75,51.775001525878906,6684
2022-02-14 11:07:00-05:00,51.779998779296875,51.779998779296875,51.75,51.75,3985
2022-02-14 11:08:00-05:00,51.7400016784668,51.7400016784668,51.720001220703125,51.72999954223633,3110
2022-02-14 11:09:00-05:00,51.73500061035156,51.7400016784668,51.709999084472656,51.7400016784668,2553
2022-02-14 11:10:00-05:00,51.775001525878906,51.790000915527344,51.77000045776367,51.790000915527344,2673
2022-02-14 11:11:00-05:00,51.790000915527344,51.820899963378906,51.78499984741211,51.81999969482422,7730
2022-02-14 11:12:00-05:00,51.79999923706055,51.84000015258789,51.79999923706055,51.84000015258789,4647
2022-02-14 11:13:00-05:00,51.8489990234375,51.89500045776367,51.8489990234375,51.89500045776367,7130
2022-02-14 11:14:00-05:00,51.89500045776367,51.93000030517578,51.880001068115234,51.91999816894531,11316
2022-02-14 11:15:00-05:00,51.92499923706055,51.93000030517578,51.849998474121094,51.87990188598633,7092
2022-02-14 11:16:00-05:00,51.904998779296875,51.939998626708984,51.904998779296875,51.939998626708984,2692
2022-02-14 11:17:00-05:00,51.95500183105469,51.959999084472656,51.939998626708984,51.939998626708984,1960
2022-02-14 11:18:00-05:00,51.94499969482422,51.970001220703125,51.91999816894531,51.939998626708984,6846
2022-02-14 11:19:00-05:00,51.95000076293945,51.96500015258789,51.88999938964844,51.88999938964844,2548
2022-02-14 11:20:00-05:00,51.88999938964844,51.88999938964844,51.880001068115234,51.8849983215332,1067
2022-02-14 11:21:00-05:00,51.88999938964844,51.88999938964844,51.810001373291016,51.83000183105469,2228
2022-02-14 11:22:00-05:00,51.810001373291016,51.82500076293945,51.79999923706055,51.79999923706055,1940
2022-02-14 11:23:00-05:00,51.810001373291016,51.84000015258789,51.79999923706055,51.84000015258789,4947
2022-02-14 11:24:00-05:00,51.83000183105469,51.84000015258789,51.81999969482422,51.84000015258789,1176
2022-02-14 11:25:00-05:00,51.86000061035156,51.86000061035156,51.83000183105469,51.84000015258789,1631
2022-02-14 11:26:00-05:00,51.849998474121094,51.8849983215332,51.849998474121094,51.8849983215332,3123
2022-02-14 11:27:00-05:00,51.880001068115234,51.88999938964844,51.880001068115234,51.88999938964844,494
2022-02-14 11:28:00-05:00,51.904998779296875,51.92530059814453,51.904998779296875,51.92530059814453,1403
2022-02-14 11:29:00-05:00,51.93000030517578,51.93000030517578,51.900001525878906,51.900001525878906,1811
2022-02-14 11:30:00-05:00,51.90999984741211,51.95000076293945,51.90700149536133,51.93000030517578,6145
2022-02-14 11:31:00-05:00,51.91999816894531,51.91999816894531,51.869998931884766,51.880001068115234,2241
2022-02-14 11:32:00-05:00,51.880001068115234,51.8849983215332,51.869998931884766,51.869998931884766,2713
2022-02-14 11:33:00-05:00,51.849998474121094,51.869998931884766,51.81999969482422,51.85499954223633,5669
2022-02-14 11:34:00-05:00,51.880001068115234,51.970001220703125,51.880001068115234,51.970001220703125,3171
2022-02-14 11:35:00-05:00,51.98500061035156,51.9900016784668,51.959999084472656,51.97999954223633,3028
2022-02-14 11:36:00-05:00,52.0,52.0099983215332,52.0,52.0099983215332,2016
2022-02-14 11:37:00-05:00,52.0099983215332,52.0099983215332,51.994998931884766,52.0,2157
2022-02-14 11:38:00-05:00,52.0,52.03499984741211,52.0,52.025001525878906,1340
2022-02-14 11:39:00-05:00,52.02000045776367,52.04499816894531,52.02000045776367,52.029998779296875,1103
2022-02-14 11:40:00-05:00,52.040000915527344,52.04999923706055,52.029998779296875,52.04999923706055,1658
2022-02-14 11:41:00-05:00,52.04499816894531,52.04499816894531,52.029998779296875,52.036399841308594,4005
2022-02-14 11:42:00-05:00,52.029998779296875,52.05500030517578,52.029998779296875,52.04999923706055,2055
2022-02-14 11:43:00-05:00,52.060001373291016,52.060001373291016,52.04999923706055,52.05500030517578,647
2022-02-14 11:44:00-05:00,52.060001373291016,52.08000183105469,52.060001373291016,52.060001373291016,2072
2022-02-14 11:45:00-05:00,52.064998626708984,52.07500076293945,52.064998626708984,52.07500076293945,403
2022-02-14 11:46:00-05:00,52.06999969482422,52.06999969482422,52.064998626708984,52.064998626708984,1470
2022-02-14 11:47:00-05:00,52.06999969482422,52.084999084472656,52.06999969482422,52.08000183105469,1332
2022-02-14 11:48:00-05:00,52.084999084472656,52.09000015258789,52.06999969482422,52.06999969482422,2400
2022-02-14 11:50:00-05:00,52.11000061035156,52.15999984741211,52.11000061035156,52.15999984741211,3802
2022-02-14 11:51:00-05:00,52.150001525878906,52.224998474121094,52.140098571777344,52.220001220703125,21263
2022-02-14 11:52:00-05:00,52.209999084472656,52.209999084472656,52.189998626708984,52.20000076293945,3916
2022-02-14 11:53:00-05:00,52.19499969482422,52.20000076293945,52.09000015258789,52.09000015258789,3535
2022-02-14 11:54:00-05:00,52.09000015258789,52.09000015258789,52.06999969482422,52.06999969482422,4770
2022-02-14 11:55:00-05:00,52.08000183105469,52.15999984741211,52.08000183105469,52.15999984741211,9577
2022-02-14 11:56:00-05:00,52.15999984741211,52.16999816894531,52.150001525878906,52.150001525878906,8602
2022-02-14 11:57:00-05:00,52.13999938964844,52.13999938964844,52.130001068115234,52.13999938964844,1508
2022-02-14 11:58:00-05:00,52.13999938964844,52.15999984741211,52.13999938964844,52.15999984741211,2113
2022-02-14 11:59:00-05:00,52.150001525878906,52.20000076293945,52.150001525878906,52.20000076293945,4162
2022-02-14 12:00:00-05:00,52.209999084472656,52.209999084472656,52.18000030517578,52.20000076293945,4948
2022-02-14 12:01:00-05:00,52.209999084472656,52.220001220703125,52.209999084472656,52.220001220703125,6871
2022-02-14 12:02:00-05:00,52.220001220703125,52.22999954223633,52.20000076293945,52.20000076293945,4196
2022-02-14 12:03:00-05:00,52.20000076293945,52.20500183105469,52.189998626708984,52.189998626708984,2060
2022-02-14 12:04:00-05:00,52.20000076293945,52.20500183105469,52.189998626708984,52.20000076293945,7491
2022-02-14 12:05:00-05:00,52.20000076293945,52.20000076293945,52.15999984741211,52.15999984741211,5300
2022-02-14 12:06:00-05:00,52.130001068115234,52.130001068115234,52.099998474121094,52.099998474121094,1087
2022-02-14 12:07:00-05:00,52.10499954223633,52.11000061035156,52.08000183105469,52.08000183105469,1157
2022-02-14 12:08:00-05:00,52.08000183105469,52.095001220703125,52.060001373291016,52.060001373291016,1765
2022-02-14 12:09:00-05:00,52.060001373291016,52.060001373291016,52.040000915527344,52.040000915527344,872
2022-02-14 12:10:00-05:00,52.04999923706055,52.06999969482422,52.04999923706055,52.060001373291016,1293
2022-02-14 12:11:00-05:00,52.04999923706055,52.04999923706055,52.040000915527344,52.040000915527344,917
2022-02-14 12:12:00-05:00,52.029998779296875,52.040000915527344,52.02000045776367,52.02000045776367,3790
2022-02-14 12:13:00-05:00,52.0099983215332,52.0099983215332,51.9900016784668,52.0099983215332,1317
2022-02-14 12:14:00-05:00,52.005001068115234,52.02000045776367,52.005001068115234,52.02000045776367,4254
2022-02-14 12:15:00-05:00,52.029998779296875,52.029998779296875,52.0099983215332,52.02000045776367,2595
2022-02-14 12:16:00-05:00,52.0,52.02000045776367,51.970001220703125,51.97999954223633,1826
2022-02-14 12:17:00-05:00,51.97999954223633,51.994998931884766,51.970001220703125,51.9900016784668,3108
2022-02-14 12:18:00-05:00,52.00699996948242,52.0099983215332,51.9900016784668,51.9900016784668,1186
2022-02-14 12:19:00-05:00,52.0,52.005001068115234,51.9900016784668,52.0,847
2022-02-14 12:20:00-05:00,52.0099983215332,52.040000915527344,52.0099983215332,52.02000045776367,2796
2022-02-14 12:21:00-05:00,52.0099983215332,52.0099983215332,52.0099983215332,52.0099983215332,1781
2022-02-14 12:22:00-05:00,52.0099983215332,52.029998779296875,52.0099983215332,52.02000045776367,1205
2022-02-14 12:23:00-05:00,52.01499938964844,52.040000915527344,52.0099983215332,52.03499984741211,28035
2022-02-14 12:24:00-05:00,52.03499984741211,52.060001373291016,52.03499984741211,52.060001373291016,2864
2022-02-14 12:25:00-05:00,52.060001373291016,52.101200103759766,52.060001373291016,52.101200103759766,3113
2022-02-14 12:26:00-05:00,52.099998474121094,52.11000061035156,52.06999969482422,52.06999969482422,2362
2022-02-14 12:27:00-05:00,52.08000183105469,52.11000061035156,52.08000183105469,52.11000061035156,4401
2022-02-14 12:28:00-05:00,52.119998931884766,52.119998931884766,52.11000061035156,52.11000061035156,740
2022-02-14 12:29:00-05:00,52.11000061035156,52.119998931884766,52.11000061035156,52.119998931884766,1007
2022-02-14 12:30:00-05:00,52.11000061035156,52.130001068115234,52.11000061035156,52.125,3692
2022-02-14 12:31:00-05:00,52.11000061035156,52.130001068115234,52.10499954223633,52.130001068115234,3843
2022-02-14 12:32:00-05:00,52.130001068115234,52.13999938964844,52.119998931884766,52.119998931884766,2809
2022-02-14 12:33:00-05:00,52.11000061035156,52.119998931884766,52.11000061035156,52.11000061035156,1521
2022-02-14 12:34:00-05:00,52.099998474121094,52.099998474121094,52.06999969482422,52.08000183105469,6604
2022-02-14 12:35:00-05:00,52.095001220703125,52.099998474121094,52.09000015258789,52.099998474121094,3996
2022-02-14 12:36:00-05:00,52.099998474121094,52.099998474121094,52.09000015258789,52.095001220703125,911
2022-02-14 12:37:00-05:00,52.099998474121094,52.11000061035156,52.099998474121094,52.099998474121094,1260
2022-02-14 12:38:00-05:00,52.106998443603516,52.1150016784668,52.09000015258789,52.099998474121094,2568
2022-02-14 12:39:00-05:00,52.10499954223633,52.12699890136719,52.10499954223633,52.119998931884766,1124
2022-02-14 12:40:00-05:00,52.11000061035156,52.13999938964844,52.11000061035156,52.13999938964844,552
2022-02-14 12:41:00-05:00,52.150001525878906,52.150001525878906,52.119998931884766,52.119998931884766,1998
2022-02-14 12:42:00-05:00,52.119998931884766,52.16999816894531,52.119998931884766,52.16999816894531,3194
2022-02-14 12:43:00-05:00,52.18000030517578,52.18000030517578,52.17499923706055,52.18000030517578,529
2022-02-14 12:44:00-05:00,52.209999084472656,52.21839904785156,52.20000076293945,52.209999084472656,5098
2022-02-14 12:45:00-05:00,52.209999084472656,52.209999084472656,52.209999084472656,52.209999084472656,673
2022-02-14 12:46:00-05:00,52.20000076293945,52.20000076293945,52.20000076293945,52.20000076293945,3475
2022-02-14 12:47:00-05:00,52.209999084472656,52.21500015258789,52.209999084472656,52.209999084472656,880
2022-02-14 12:48:00-05:00,52.20000076293945,52.209999084472656,52.20000076293945,52.209999084472656,1635
2022-02-14 12:49:00-05:00,52.220001220703125,52.25,52.220001220703125,52.25,669
2022-02-14 12:50:00-05:00,52.25699996948242,52.26499938964844,52.25699996948242,52.26499938964844,2514
2022-02-14 12:51:00-05:00,52.2599983215332,52.2599983215332,52.2400016784668,52.2400016784668,1877
2022-02-14 12:52:00-05:00,52.25,52.25,52.2400016784668,52.2400016784668,3100
2022-02-14 12:53:00-05:00,52.23699951171875,52.2400016784668,52.23699951171875,52.2400016784668,1037
2022-02-14 12:54:00-05:00,52.2400016784668,52.31999969482422,52.2400016784668,52.31999969482422,8741
2022-02-14 12:55:00-05:00,52.310001373291016,52.34000015258789,52.29999923706055,52.34000015258789,2607
2022-02-14 12:56:00-05:00,52.33000183105469,52.33000183105469,52.33000183105469,52.33000183105469,1004
2022-02-14 12:57:00-05:00,52.33000183105469,52.33549880981445,52.31999969482422,52.31999969482422,1560
2022-02-14 12:58:00-05:00,52.290000915527344,52.290000915527344,52.2599983215332,52.279998779296875,1273
2022-02-14 12:59:00-05:00,52.279998779296875,52.290000915527344,52.27000045776367,52.28499984741211,2520
2022-02-14 13:00:00-05:00,52.29999923706055,52.31999969482422,52.29999923706055,52.31999969482422,1481
2022-02-14 13:01:00-05:00,52.31999969482422,52.31999969482422,52.310001373291016,52.310001373291016,6278
2022-02-14 13:02:00-05:00,52.310001373291016,52.31999969482422,52.310001373291016,52.31999969482422,1268
2022-02-14 13:03:00-05:00,52.31999969482422,52.34000015258789,52.314998626708984,52.34000015258789,3496
2022-02-14 13:04:00-05:00,52.345001220703125,52.349998474121094,52.32500076293945,52.32500076293945,1533
2022-02-14 13:05:00-05:00,52.34000015258789,52.34000015258789,52.34000015258789,52.34000015258789,685
2022-02-14 13:06:00-05:00,52.36000061035156,52.36000061035156,52.349998474121094,52.349998474121094,1217
2022-02-14 13:07:00-05:00,52.36000061035156,52.3849983215332,52.36000061035156,52.3849983215332,805
2022-02-14 13:08:00-05:00,52.38999938964844,52.41699981689453,52.38999938964844,52.41699981689453,1065
2022-02-14 13:09:00-05:00,52.40999984741211,52.41999816894531,52.39500045776367,52.400001525878906,4868
2022-02-14 13:10:00-05:00,52.40999984741211,52.40999984741211,52.380001068115234,52.380001068115234,2616
2022-02-14 13:11:00-05:00,52.380001068115234,52.380001068115234,52.36000061035156,52.36000061035156,2700
2022-02-14 13:12:00-05:00,52.349998474121094,52.3650016784668,52.34000015258789,52.3650016784668,3929
2022-02-14 13:13:00-05:00,52.380001068115234,52.380001068115234,52.380001068115234,52.380001068115234,511
2022-02-14 13:14:00-05:00,52.3849983215332,52.38999938964844,52.380001068115234,52.380001068115234,1084
2022-02-14 13:15:00-05:00,52.380001068115234,52.39500045776367,52.380001068115234,52.38999938964844,3108
2022-02-14 13:16:00-05:00,52.380001068115234,52.38999938964844,52.369998931884766,52.369998931884766,1488
2022-02-14 13:17:00-05:00,52.3650016784668,52.369998931884766,52.3650016784668,52.369998931884766,1054
2022-02-14 13:18:00-05:00,52.367000579833984,52.375,52.36000061035156,52.375,1273
2022-02-14 13:19:00-05:00,52.37699890136719,52.37699890136719,52.369998931884766,52.369998931884766,1491
2022-02-14 13:20:00-05:00,52.380001068115234,52.380001068115234,52.349998474121094,52.36000061035156,3414
2022-02-14 13:21:00-05:00,52.36000061035156,52.380001068115234,52.36000061035156,52.380001068115234,1162
2022-02-14 13:22:00-05:00,52.380001068115234,52.38999938964844,52.36000061035156,52.369998931884766,2146
2022-02-14 13:23:00-05:00,52.36000061035156,52.36000061035156,52.34000015258789,52.36000061035156,2560
2022-02-14 13:24:00-05:00,52.35499954223633,52.356998443603516,52.279998779296875,52.279998779296875,4450
2022-02-14 13:25:00-05:00,52.279998779296875,52.310001373291016,52.27000045776367,52.310001373291016,1303
2022-02-14 13:26:00-05:00,52.29999923706055,52.310001373291016,52.29999923706055,52.310001373291016,590
2022-02-14 13:27:00-05:00,52.314998626708984,52.31999969482422,52.29999923706055,52.29999923706055,6384
2022-02-14 13:28:00-05:00,52.290000915527344,52.314998626708984,52.290000915527344,52.314998626708984,1959
2022-02-14 13:29:00-05:00,52.31999969482422,52.33000183105469,52.310001373291016,52.33000183105469,2924
2022-02-14 13:30:00-05:00,52.33000183105469,52.33000183105469,52.29999923706055,52.29999923706055,2833
2022-02-14 13:31:00-05:00,52.29999923706055,52.29999923706055,52.279998779296875,52.279998779296875,2125
2022-02-14 13:32:00-05:00,52.27000045776367,52.29499816894531,52.25,52.29499816894531,5720
2022-02-14 13:33:00-05:00,52.29499816894531,52.31439971923828,52.29499816894531,52.31439971923828,951
2022-02-14 13:34:00-05:00,52.32699966430664,52.32699966430664,52.310001373291016,52.310001373291016,1318
2022-02-14 13:35:00-05:00,52.310001373291016,52.31999969482422,52.303001403808594,52.303001403808594,1287
2022-02-14 13:36:00-05:00,52.29999923706055,52.29999923706055,52.279998779296875,52.279998779296875,4375
2022-02-14 13:37:00-05:00,52.297298431396484,52.31999969482422,52.297298431396484,52.310001373291016,1806
2022-02-14 13:38:00-05:00,52.29999923706055,52.32500076293945,52.29999923706055,52.31999969482422,2030
2022-02-14 13:39:00-05:00,52.310001373291016,52.310001373291016,52.29999923706055,52.29999923706055,2292
2022-02-14 13:40:00-05:00,52.30500030517578,52.310001373291016,52.27000045776367,52.27000045776367,3540
2022-02-14 13:41:00-05:00,52.27000045776367,52.279998779296875,52.27000045776367,52.27000045776367,541
2022-02-14 13:42:00-05:00,52.27000045776367,52.27000045776367,52.2599983215332,52.26499938964844,1620
2022-02-14 13:43:00-05:00,52.27000045776367,52.27000045776367,52.220001220703125,52.220001220703125,1370
2022-02-14 13:44:00-05:00,52.22999954223633,52.2400016784668,52.22999954223633,52.2400016784668,450
2022-02-14 13:45:00-05:00,52.22999954223633,52.2400016784668,52.22999954223633,52.2400016784668,1114
2022-02-14 13:46:00-05:00,52.2599983215332,52.2599983215332,52.2599983215332,52.2599983215332,3529
2022-02-14 13:47:00-05:00,52.2599983215332,52.2599983215332,52.2599983215332,52.2599983215332,2367
2022-02-14 13:48:00-05:00,52.2599983215332,52.2599983215332,52.20000076293945,52.20000076293945,1167
2022-02-14 13:49:00-05:00,52.20000076293945,52.20000076293945,52.150001525878906,52.150001525878906,1214
2022-02-14 13:50:00-05:00,52.099998474121094,52.11000061035156,52.060001373291016,52.060001373291016,1807
2022-02-14 13:51:00-05:00,52.06999969482422,52.119998931884766,52.06999969482422,52.119998931884766,5745
2022-02-14 13:52:00-05:00,52.13999938964844,52.150001525878906,52.11000061035156,52.11000061035156,1213
2022-02-14 13:53:00-05:00,52.099998474121094,52.11000061035156,52.08000183105469,52.11000061035156,6754
2022-02-14 13:54:00-05:00,52.125,52.130001068115234,52.09000015258789,52.09000015258789,1670
2022-02-14 13:55:00-05:00,52.09000015258789,52.10499954223633,52.06999969482422,52.06999969482422,905
2022-02-14 13:56:00-05:00,52.060001373291016,52.09000015258789,52.060001373291016,52.060001373291016,5021
2022-02-14 13:57:00-05:00,52.040000915527344,52.08000183105469,52.029998779296875,52.08000183105469,1944
2022-02-14 13:58:00-05:00,52.06999969482422,52.08000183105469,52.060001373291016,52.060001373291016,1551
2022-02-14 13:59:00-05:00,52.06999969482422,52.09000015258789,52.06999969482422,52.06999969482422,3060
2022-02-14 14:00:00-05:00,52.04999923706055,52.150001525878906,52.04999923706055,52.13999938964844,7334
2022-02-14 14:01:00-05:00,52.15999984741211,52.15999984741211,52.1150016784668,52.1349983215332,3447
2022-02-14 14:02:00-05:00,52.130001068115234,52.150001525878906,52.119998931884766,52.13999938964844,1336
2022-02-14 14:03:00-05:00,52.1349983215332,52.150001525878906,52.1349983215332,52.150001525878906,1415
2022-02-14 14:04:00-05:00,52.150001525878906,52.16999816894531,52.14500045776367,52.150001525878906,2861
2022-02-14 14:05:00-05:00,52.150001525878906,52.15999984741211,52.13999938964844,52.13999938964844,2386
2022-02-14 14:06:00-05:00,52.13999938964844,52.13999938964844,52.099998474121094,52.099998474121094,2115
2022-02-14 14:07:00-05:00,52.11000061035156,52.130001068115234,52.099998474121094,52.130001068115234,2722
2022-02-14 14:08:00-05:00,52.125,52.18000030517578,52.125,52.16999816894531,8204
2022-02-14 14:09:00-05:00,52.15999984741211,52.16999816894531,52.130001068115234,52.130001068115234,3719
2022-02-14 14:10:00-05:00,52.14500045776367,52.150001525878906,52.119998931884766,52.119998931884766,3058
2022-02-14 14:11:00-05:00,52.1349983215332,52.150001525878906,52.130001068115234,52.13999938964844,2301
2022-02-14 14:12:00-05:00,52.13999938964844,52.15999984741211,52.13999938964844,52.154998779296875,3977
2022-02-14 14:13:00-05:00,52.15999984741211,52.15999984741211,52.1349983215332,52.150001525878906,8373
2022-02-14 14:14:00-05:00,52.14500045776367,52.150001525878906,52.119998931884766,52.119998931884766,2869
2022-02-14 14:15:00-05:00,52.11000061035156,52.119998931884766,52.04999923706055,52.099998474121094,3427
2022-02-14 14:16:00-05:00,52.099998474121094,52.1349983215332,52.09000015258789,52.130001068115234,4211
2022-02-14 14:17:00-05:00,52.14500045776367,52.14500045776367,52.099998474121094,52.099998474121094,5029
2022-02-14 14:18:00-05:00,52.09000015258789,52.09000015258789,52.040000915527344,52.040000915527344,2720
2022-02-14 14:19:00-05:00,52.040000915527344,52.040000915527344,52.02000045776367,52.02000045776367,1626
2022-02-14 14:20:00-05:00,52.02000045776367,52.040000915527344,52.02000045776367,52.040000915527344,1614
2022-02-14 14:21:00-05:00,52.040000915527344,52.040000915527344,52.0099983215332,52.02000045776367,2202
2022-02-14 14:22:00-05:00,52.01499938964844,52.01499938964844,52.0,52.0099983215332,3670
2022-02-14 14:23:00-05:00,52.0099983215332,52.0099983215332,51.9900016784668,52.0,2089
2022-02-14 14:24:00-05:00,52.0,52.029998779296875,51.9900016784668,52.0,19727
2022-02-14 14:25:00-05:00,51.9900016784668,52.01499938964844,51.9900016784668,52.0099983215332,2207
2022-02-14 14:26:00-05:00,52.02000045776367,52.02000045776367,52.0099983215332,52.0099983215332,1371
2022-02-14 14:27:00-05:00,52.0099983215332,52.029998779296875,52.0099983215332,52.0099983215332,3149
2022-02-14 14:28:00-05:00,52.0,52.04999923706055,52.0,52.04999923706055,5483
2022-02-14 14:29:00-05:00,52.09000015258789,52.16999816894531,52.09000015258789,52.119998931884766,12248
2022-02-14 14:30:00-05:00,52.119998931884766,52.13999938964844,52.099998474121094,52.119998931884766,9431
2022-02-14 14:31:00-05:00,52.119998931884766,52.1349983215332,52.11000061035156,52.130001068115234,3830
2022-02-14 14:32:00-05:00,52.1349983215332,52.16999816894531,52.125,52.130001068115234,5187
2022-02-14 14:33:00-05:00,52.13999938964844,52.14500045776367,52.09000015258789,52.119998931884766,3376
2022-02-14 14:34:00-05:00,52.1150016784668,52.15999984741211,52.11000061035156,52.1150016784668,2559
2022-02-14 14:35:00-05:00,52.11000061035156,52.119998931884766,52.060001373291016,52.060001373291016,2535
2022-02-14 14:36:00-05:00,52.04999923706055,52.060001373291016,52.04499816894531,52.04499816894531,3363
2022-02-14 14:37:00-05:00,52.040000915527344,52.040000915527344,52.0099983215332,52.02000045776367,6105
2022-02-14 14:38:00-05:00,52.02000045776367,52.029998779296875,52.0099983215332,52.0099983215332,2571
2022-02-14 14:39:00-05:00,52.025001525878906,52.029998779296875,52.0099983215332,52.01499938964844,1276
2022-02-14 14:40:00-05:00,52.01499938964844,52.06999969482422,52.01499938964844,52.06999969482422,959
2022-02-14 14:41:00-05:00,52.08000183105469,52.09000015258789,52.08000183105469,52.09000015258789,2684
2022-02-14 14:42:00-05:00,52.08000183105469,52.08000183105469,52.040000915527344,52.040000915527344,3157
2022-02-14 14:43:00-05:00,52.04999923706055,52.06999969482422,52.040000915527344,52.06999969482422,2670
2022-02-14 14:44:00-05:00,52.06999969482422,52.09000015258789,52.06999969482422,52.08000183105469,1741
2022-02-14 14:45:00-05:00,52.060001373291016,52.06999969482422,52.060001373291016,52.06999969482422,356
2022-02-14 14:46:00-05:00,52.06999969482422,52.084999084472656,52.06999969482422,52.084999084472656,693
2022-02-14 14:47:00-05:00,52.060001373291016,52.08000183105469,52.029998779296875,52.029998779296875,3131
2022-02-14 14:48:00-05:00,52.029998779296875,52.029998779296875,51.97999954223633,51.97999954223633,1975
2022-02-14 14:49:00-05:00,51.97999954223633,51.97999954223633,51.95000076293945,51.959999084472656,2650
2022-02-14 14:50:00-05:00,51.959999084472656,52.0099983215332,51.959999084472656,52.0099983215332,845
2022-02-14 14:51:00-05:00,52.0099983215332,52.04499816894531,52.0099983215332,52.02000045776367,2103
2022-02-14 14:52:00-05:00,52.03499984741211,52.03499984741211,52.02000045776367,52.02000045776367,2209
2022-02-14 14:53:00-05:00,52.02000045776367,52.040000915527344,52.02000045776367,52.029998779296875,3765
2022-02-14 14:54:00-05:00,52.02000045776367,52.040000915527344,52.0,52.0,1103
2022-02-14 14:55:00-05:00,52.01499938964844,52.02000045776367,51.97999954223633,51.98500061035156,1450
2022-02-14 14:56:00-05:00,51.97999954223633,51.97999954223633,51.970001220703125,51.970001220703125,1972
2022-02-14 14:57:00-05:00,51.970001220703125,51.970001220703125,51.95000076293945,51.96500015258789,3828
2022-02-14 14:58:00-05:00,51.98500061035156,52.0099983215332,51.98500061035156,51.994998931884766,2489
2022-02-14 14:59:00-05:00,51.994998931884766,52.025001525878906,51.994998931884766,52.025001525878906,1744
2022-02-14 15:00:00-05:00,52.02000045776367,52.02000045776367,51.98500061035156,52.0,3524
2022-02-14 15:01:00-05:00,52.005001068115234,52.005001068115234,51.959999084472656,51.96500015258789,4274
2022-02-14 15:02:00-05:00,51.970001220703125,51.9900016784668,51.970001220703125,51.9900016784668,3696
2022-02-14 15:03:00-05:00,51.96500015258789,51.98500061035156,51.96500015258789,51.974998474121094,1970
2022-02-14 15:04:00-05:00,51.97999954223633,52.005001068115234,51.97999954223633,51.97999954223633,2619
2022-02-14 15:05:00-05:00,51.974998474121094,51.974998474121094,51.95000076293945,51.970001220703125,10486
2022-02-14 15:06:00-05:00,51.959999084472656,51.959999084472656,51.94499969482422,51.95500183105469,7984
2022-02-14 15:07:00-05:00,51.95000076293945,51.96500015258789,51.939998626708984,51.96500015258789,3868
2022-02-14 15:08:00-05:00,51.970001220703125,52.059898376464844,51.970001220703125,52.04999923706055,9383
2022-02-14 15:09:00-05:00,52.060001373291016,52.13999938964844,52.060001373291016,52.119998931884766,9397
2022-02-14 15:10:00-05:00,52.11000061035156,52.119998931884766,52.06999969482422,52.06999969482422,4064
2022-02-14 15:11:00-05:00,52.06999969482422,52.06999969482422,52.060001373291016,52.060001373291016,2396
2022-02-14 15:12:00-05:00,52.060001373291016,52.09000015258789,52.060001373291016,52.08000183105469,2934
2022-02-14 15:13:00-05:00,52.06999969482422,52.11989974975586,52.06999969482422,52.1150016784668,2717
2022-02-14 15:14:00-05:00,52.099998474121094,52.150001525878906,52.099998474121094,52.149898529052734,1999
2022-02-14 15:15:00-05:00,52.150001525878906,52.20000076293945,52.14500045776367,52.19499969482422,4995
2022-02-14 15:16:00-05:00,52.189998626708984,52.189998626708984,52.15999984741211,52.15999984741211,5407
2022-02-14 15:17:00-05:00,52.165000915527344,52.165000915527344,52.13999938964844,52.15999984741211,1787
2022-02-14 15:18:00-05:00,52.15999984741211,52.18000030517578,52.154998779296875,52.15999984741211,2600
2022-02-14 15:19:00-05:00,52.15999984741211,52.17499923706055,52.130001068115234,52.13999938964844,3967
2022-02-14 15:20:00-05:00,52.13999938964844,52.13999938964844,52.099998474121094,52.119998931884766,5489
2022-02-14 15:21:00-05:00,52.119998931884766,52.1599006652832,52.119998931884766,52.13999938964844,3621
2022-02-14 15:22:00-05:00,52.14500045776367,52.15999984741211,52.14500045776367,52.154998779296875,8787
2022-02-14 15:23:00-05:00,52.154998779296875,52.189998626708984,52.13999938964844,52.189998626708984,9268
2022-02-14 15:24:00-05:00,52.21500015258789,52.22999954223633,52.185001373291016,52.20000076293945,3256
2022-02-14 15:25:00-05:00,52.18000030517578,52.20500183105469,52.17499923706055,52.19499969482422,7952
2022-02-14 15:26:00-05:00,52.20000076293945,52.279998779296875,52.189998626708984,52.25,29569
2022-02-14 15:27:00-05:00,52.2400016784668,52.2400016784668,52.20500183105469,52.20500183105469,9419
2022-02-14 15:28:00-05:00,52.20500183105469,52.255001068115234,52.20000076293945,52.2400016784668,8817
2022-02-14 15:29:00-05:00,52.23500061035156,52.244998931884766,52.209999084472656,52.23749923706055,14050
2022-02-14 15:30:00-05:00,52.209999084472656,52.22999954223633,52.20000076293945,52.224998474121094,11058
2022-02-14 15:31:00-05:00,52.23500061035156,52.2599983215332,52.21500015258789,52.244998931884766,24515
2022-02-14 15:32:00-05:00,52.25,52.27000045776367,52.23500061035156,52.27000045776367,18501
2022-02-14 15:33:00-05:00,52.275001525878906,52.290000915527344,52.244998931884766,52.255001068115234,10689
2022-02-14 15:34:00-05:00,52.26499938964844,52.279998779296875,52.255001068115234,52.2599983215332,10184
2022-02-14 15:35:00-05:00,52.26499938964844,52.26499938964844,52.25,52.2599983215332,4751
2022-02-14 15:36:00-05:00,52.27000045776367,52.27000045776367,52.26789855957031,52.27000045776367,2136
2022-02-14 15:37:00-05:00,52.27000045776367,52.29499816894531,52.27000045776367,52.279998779296875,3652
2022-02-14 15:38:00-05:00,52.279998779296875,52.31999969482422,52.27000045776367,52.31779861450195,7216
2022-02-14 15:39:00-05:00,52.329898834228516,52.33000183105469,52.290000915527344,52.29499816894531,4619
2022-02-14 15:40:00-05:00,52.29999923706055,52.34000015258789,52.29990005493164,52.31999969482422,4267
2022-02-14 15:41:00-05:00,52.31999969482422,52.349998474121094,52.29999923706055,52.334999084472656,9875
2022-02-14 15:42:00-05:00,52.33000183105469,52.349998474121094,52.329898834228516,52.349998474121094,4562
2022-02-14 15:43:00-05:00,52.349998474121094,52.35810089111328,52.334999084472656,52.35499954223633,14104
2022-02-14 15:44:00-05:00,52.359901428222656,52.3650016784668,52.34000015258789,52.3650016784668,5820
2022-02-14 15:45:00-05:00,52.35499954223633,52.400001525878906,52.35499954223633,52.380001068115234,11151
2022-02-14 15:46:00-05:00,52.3849983215332,52.39830017089844,52.380001068115234,52.39830017089844,19977
2022-02-14 15:47:00-05:00,52.400001525878906,52.459999084472656,52.400001525878906,52.44499969482422,20306
2022-02-14 15:48:00-05:00,52.45000076293945,52.499900817871094,52.45000076293945,52.47079849243164,9494
2022-02-14 15:49:00-05:00,52.474998474121094,52.5,52.474998474121094,52.48500061035156,35324
2022-02-14 15:50:00-05:00,52.47999954223633,52.4900016784668,52.43000030517578,52.45000076293945,57994
2022-02-14 15:51:00-05:00,52.45000076293945,52.46419906616211,52.41999816894531,52.435001373291016,18676
2022-02-14 15:52:00-05:00,52.437801361083984,52.45000076293945,52.41999816894531,52.41999816894531,9060
2022-02-14 15:53:00-05:00,52.41999816894531,52.41999816894531,52.34000015258789,52.345001220703125,18898
2022-02-14 15:54:00-05:00,52.34000015258789,52.359901428222656,52.31999969482422,52.349998474121094,25649
2022-02-14 15:55:00-05:00,52.349998474121094,52.380001068115234,52.345001220703125,52.369998931884766,16989
2022-02-14 15:56:00-05:00,52.375,52.38999938964844,52.369998931884766,52.3849983215332,14211
2022-02-14 15:57:00-05:00,52.3849983215332,52.3849983215332,52.36000061035156,52.36000061035156,18708
2022-02-14 15:58:00-05:00,52.3650016784668,52.369998931884766,52.34000015258789,52.35499954223633,33870
2022-02-14 15:59:00-05:00,52.35499954223633,52.380001068115234,52.31999969482422,52.34000015258789,49928
2022-02-14 16:00:00-05:00,52.32,52.32,52.32,52.32,39917
2022-02-15 16:00:00-05:00,52.72,52.72,52.72,52.72,0
2022-02-15 16:40:00-05:00,52.72,52.72,52.72,52.72,0
2022-02-16 07:01:00-05:00,52.37,52.37,52.37,52.37,0
2022-02-16 07:02:00-05:00,52.37,52.37,52.37,52.37,0
2022-02-16 07:55:00-05:00,52.37,52.37,52.37,52.37,0
2022-02-16 08:09:00-05:00,52.37,52.37,52.37,52.37,0
2022-02-16 08:10:00-05:00,52.35,52.35,52.35,52.35,0
2022-02-16 08:18:00-05:00,52.37,52.37,52.37,52.37,0
2022-02-16 08:42:00-05:00,52.4,52.41,52.4,52.41,0
2022-02-16 09:03:00-05:00,52.44,52.44,52.44,52.44,0
2022-02-16 09:04:00-05:00,52.43,52.43,52.3,52.3,0
2022-02-16 09:30:00-05:00,52.45000076293945,52.560001373291016,52.2400016784668,52.470001220703125,47660
2022-02-16 09:31:00-05:00,52.47129821777344,52.47129821777344,52.2599983215332,52.314998626708984,15568
2022-02-16 09:32:00-05:00,52.29999923706055,52.40999984741211,52.290000915527344,52.38999938964844,13419
2022-02-16 09:33:00-05:00,52.38999938964844,52.459999084472656,52.36000061035156,52.439998626708984,10187
2022-02-16 09:34:00-05:00,52.439998626708984,52.45000076293945,52.369998931884766,52.38999938964844,9115
2022-02-16 09:35:00-05:00,52.380001068115234,52.380001068115234,52.279998779296875,52.29999923706055,13159
2022-02-16 09:36:00-05:00,52.310001373291016,52.36000061035156,52.310001373291016,52.349998474121094,8453
2022-02-16 09:37:00-05:00,52.34000015258789,52.43000030517578,52.33000183105469,52.380001068115234,12390
2022-02-16 09:38:00-05:00,52.3650016784668,52.41999816894531,52.36000061035156,52.400001525878906,6949
2022-02-16 09:39:00-05:00,52.39500045776367,52.45000076293945,52.38999938964844,52.439998626708984,13678
2022-02-16 09:40:00-05:00,52.439998626708984,52.529998779296875,52.435001373291016,52.5099983215332,5130
2022-02-16 09:41:00-05:00,52.459999084472656,52.459999084472656,52.36000061035156,52.380001068115234,16891
2022-02-16 09:42:00-05:00,52.380001068115234,52.38999938964844,52.310001373291016,52.349998474121094,12892
2022-02-16 09:43:00-05:00,52.345001220703125,52.40999984741211,52.345001220703125,52.40999984741211,3226
2022-02-16 09:44:00-05:00,52.400001525878906,52.41999816894531,52.369998931884766,52.380001068115234,5705
2022-02-16 09:45:00-05:00,52.37139892578125,52.38999938964844,52.369998931884766,52.380001068115234,20448
2022-02-16 09:46:00-05:00,52.33000183105469,52.400001525878906,52.32500076293945,52.39500045776367,3706
2022-02-16 09:47:00-05:00,52.40999984741211,52.40999984741211,52.380001068115234,52.400001525878906,3705
2022-02-16 09:48:00-05:00,52.400001525878906,52.400001525878906,52.36000061035156,52.36000061035156,3588
2022-02-16 09:49:00-05:00,52.36000061035156,52.380001068115234,52.334999084472656,52.380001068115234,7110
2022-02-16 09:50:00-05:00,52.369998931884766,52.369998931884766,52.310001373291016,52.31999969482422,11784
2022-02-16 09:51:00-05:00,52.310001373291016,52.33000183105469,52.28499984741211,52.290000915527344,3199
2022-02-16 09:52:00-05:00,52.290000915527344,52.33000183105469,52.290000915527344,52.31999969482422,5282
2022-02-16 09:53:00-05:00,52.31999969482422,52.33000183105469,52.290000915527344,52.33000183105469,6084
2022-02-16 09:54:00-05:00,52.31999969482422,52.34000015258789,52.310001373291016,52.31999969482422,2943
2022-02-16 09:55:00-05:00,52.33000183105469,52.34000015258789,52.29499816894531,52.310001373291016,5715
2022-02-16 09:56:00-05:00,52.310001373291016,52.31999969482422,52.290000915527344,52.29999923706055,6660
2022-02-16 09:57:00-05:00,52.310001373291016,52.310001373291016,52.11000061035156,52.11000061035156,7991
2022-02-16 09:58:00-05:00,52.099998474121094,52.15999984741211,52.099998474121094,52.15999984741211,6751
2022-02-16 09:59:00-05:00,52.16999816894531,52.18000030517578,52.15999984741211,52.17499923706055,1137
2022-02-16 10:00:00-05:00,52.16999816894531,52.20000076293945,52.16999816894531,52.18000030517578,4079
2022-02-16 10:01:00-05:00,52.189998626708984,52.20000076293945,52.189998626708984,52.189998626708984,4948
2022-02-16 10:02:00-05:00,52.189998626708984,52.189998626708984,52.119998931884766,52.13999938964844,21516
2022-02-16 10:03:00-05:00,52.150001525878906,52.154998779296875,52.060001373291016,52.08000183105469,9591
2022-02-16 10:04:00-05:00,52.09000015258789,52.09000015258789,52.04999923706055,52.06999969482422,5361
2022-02-16 10:05:00-05:00,52.08000183105469,52.11000061035156,52.08000183105469,52.11000061035156,4941
2022-02-16 10:06:00-05:00,52.1150016784668,52.130001068115234,52.08000183105469,52.125,5833
2022-02-16 10:07:00-05:00,52.130001068115234,52.130001068115234,52.11000061035156,52.11000061035156,1236
2022-02-16 10:08:00-05:00,52.119998931884766,52.125,52.084999084472656,52.119998931884766,12491
2022-02-16 10:09:00-05:00,52.119998931884766,52.130001068115234,52.11000061035156,52.11000061035156,5469
2022-02-16 10:10:00-05:00,52.11000061035156,52.130001068115234,52.060001373291016,52.125,27317
2022-02-16 10:11:00-05:00,52.13999938964844,52.209999084472656,52.130001068115234,52.209999084472656,12506
2022-02-16 10:12:00-05:00,52.189998626708984,52.189998626708984,52.04999923706055,52.04999923706055,5229
2022-02-16 10:13:00-05:00,52.0099983215332,52.06999969482422,52.0099983215332,52.06999969482422,5272
2022-02-16 10:14:00-05:00,52.060001373291016,52.119998931884766,52.060001373291016,52.11000061035156,19867
2022-02-16 10:15:00-05:00,52.11000061035156,52.119998931884766,52.09000015258789,52.119998931884766,5328
2022-02-16 10:16:00-05:00,52.099998474121094,52.099998474121094,52.08000183105469,52.095001220703125,6193
2022-02-16 10:17:00-05:00,52.08000183105469,52.10499954223633,52.04999923706055,52.09000015258789,18320
2022-02-16 10:18:00-05:00,52.060001373291016,52.08000183105469,52.04999923706055,52.08000183105469,1418
2022-02-16 10:19:00-05:00,52.06999969482422,52.07500076293945,52.05500030517578,52.06999969482422,2354
2022-02-16 10:20:00-05:00,52.060001373291016,52.08000183105469,52.04999923706055,52.06999969482422,5299
2022-02-16 10:21:00-05:00,52.08000183105469,52.099998474121094,52.07500076293945,52.099998474121094,2681
2022-02-16 10:22:00-05:00,52.099998474121094,52.150001525878906,52.099998474121094,52.150001525878906,2611
2022-02-16 10:23:00-05:00,52.150001525878906,52.15999984741211,52.119998931884766,52.150001525878906,4304
2022-02-16 10:24:00-05:00,52.15999984741211,52.16999816894531,52.150001525878906,52.15999984741211,2071
2022-02-16 10:25:00-05:00,52.16999816894531,52.16999816894531,52.15999984741211,52.15999984741211,3644
2022-02-16 10:26:00-05:00,52.16999816894531,52.18000030517578,52.15999984741211,52.18000030517578,3837
2022-02-16 10:27:00-05:00,52.189998626708984,52.189998626708984,52.17499923706055,52.189998626708984,3014
2022-02-16 10:28:00-05:00,52.18000030517578,52.20000076293945,52.18000030517578,52.20000076293945,1362
2022-02-16 10:29:00-05:00,52.209999084472656,52.209999084472656,52.19499969482422,52.20000076293945,4107
2022-02-16 10:30:00-05:00,52.20000076293945,52.21500015258789,52.189998626708984,52.189998626708984,5383
2022-02-16 10:31:00-05:00,52.19499969482422,52.19499969482422,52.16999816894531,52.17499923706055,1276
2022-02-16 10:32:00-05:00,52.15999984741211,52.209999084472656,52.15999984741211,52.20000076293945,6276
2022-02-16 10:33:00-05:00,52.189998626708984,52.2400016784668,52.189998626708984,52.224998474121094,3364
2022-02-16 10:34:00-05:00,52.220001220703125,52.220001220703125,52.15999984741211,52.16999816894531,2691
2022-02-16 10:35:00-05:00,52.185001373291016,52.244998931884766,52.185001373291016,52.22999954223633,4054
2022-02-16 10:36:00-05:00,52.22999954223633,52.25,52.220001220703125,52.2400016784668,2313
2022-02-16 10:37:00-05:00,52.2400016784668,52.244998931884766,52.22999954223633,52.22999954223633,1454
2022-02-16 10:38:00-05:00,52.2400016784668,52.2599983215332,52.220001220703125,52.2599983215332,5996
2022-02-16 10:39:00-05:00,52.25,52.26499938964844,52.25,52.2599983215332,2680
2022-02-16 10:40:00-05:00,52.25,52.2599983215332,52.2400016784668,52.2400016784668,2389
2022-02-16 10:41:00-05:00,52.25,52.255001068115234,52.2400016784668,52.2400016784668,4963
2022-02-16 10:42:00-05:00,52.244998931884766,52.2599983215332,52.224998474121094,52.25,6420
2022-02-16 10:43:00-05:00,52.2599983215332,52.27000045776367,52.23500061035156,52.2400016784668,5477
2022-02-16 10:44:00-05:00,52.25,52.27000045776367,52.2400016784668,52.2599983215332,8951
2022-02-16 10:45:00-05:00,52.25,52.2599983215332,52.22999954223633,52.2400016784668,9861
2022-02-16 10:46:00-05:00,52.255001068115234,52.2599983215332,52.255001068115234,52.2599983215332,361
2022-02-16 10:47:00-05:00,52.244998931884766,52.25,52.22999954223633,52.244998931884766,3541
2022-02-16 10:48:00-05:00,52.2400016784668,52.2400016784668,52.20500183105469,52.2400016784668,4474
2022-02-16 10:49:00-05:00,52.2400016784668,52.25,52.224998474121094,52.22999954223633,4180
2022-02-16 10:50:00-05:00,52.22999954223633,52.26499938964844,52.22999954223633,52.26499938964844,1984
2022-02-16 10:51:00-05:00,52.26499938964844,52.27000045776367,52.2400016784668,52.26499938964844,3188
2022-02-16 10:52:00-05:00,52.2400016784668,52.2599983215332,52.2400016784668,52.25,3062
2022-02-16 10:53:00-05:00,52.2599983215332,52.277000427246094,52.22999954223633,52.27000045776367,49304
2022-02-16 10:54:00-05:00,52.26499938964844,52.279998779296875,52.244998931884766,52.25,23729
2022-02-16 10:55:00-05:00,52.2400016784668,52.2400016784668,52.189998626708984,52.220001220703125,40374
2022-02-16 10:56:00-05:00,52.22999954223633,52.244998931884766,52.189998626708984,52.20500183105469,5685
2022-02-16 10:57:00-05:00,52.209999084472656,52.209999084472656,52.19499969482422,52.20920181274414,5020
2022-02-16 10:58:00-05:00,52.20000076293945,52.209999084472656,52.0525016784668,52.05500030517578,9081
2022-02-16 10:59:00-05:00,52.029998779296875,52.029998779296875,51.970001220703125,52.0,6935
2022-02-16 11:00:00-05:00,52.000099182128906,52.060001373291016,51.994998931884766,52.060001373291016,5712
2022-02-16 11:01:00-05:00,52.060001373291016,52.130001068115234,52.060001373291016,52.11000061035156,6478
2022-02-16 11:02:00-05:00,52.10499954223633,52.119998931884766,52.099998474121094,52.119998931884766,1025
2022-02-16 11:03:00-05:00,52.154998779296875,52.15999984741211,52.099998474121094,52.099998474121094,4553
2022-02-16 11:04:00-05:00,52.11000061035156,52.11000061035156,52.099998474121094,52.099998474121094,1586
2022-02-16 11:05:00-05:00,52.09000015258789,52.09000015258789,51.9900016784668,51.9900016784668,4967
2022-02-16 11:06:00-05:00,51.970001220703125,51.97999954223633,51.959999084472656,51.96500015258789,5106
2022-02-16 11:07:00-05:00,51.959999084472656,51.994998931884766,51.95000076293945,51.95000076293945,6816
2022-02-16 11:08:00-05:00,51.95000076293945,52.0,51.95000076293945,51.9900016784668,4509
2022-02-16 11:09:00-05:00,51.97999954223633,52.029998779296875,51.97999954223633,52.02000045776367,3320
2022-02-16 11:10:00-05:00,51.98500061035156,52.0099983215332,51.96950149536133,52.0099983215332,5072
2022-02-16 11:11:00-05:00,51.9900016784668,51.9900016784668,51.93000030517578,51.939998626708984,4053
2022-02-16 11:12:00-05:00,51.95000076293945,51.959999084472656,51.91999816894531,51.93000030517578,2978
2022-02-16 11:13:00-05:00,51.900001525878906,51.959999084472656,51.900001525878906,51.959999084472656,3095
2022-02-16 11:14:00-05:00,51.970001220703125,51.9900016784668,51.959999084472656,51.9900016784668,7164
2022-02-16 11:15:00-05:00,52.0,52.029998779296875,52.0,52.029998779296875,4152
2022-02-16 11:16:00-05:00,52.040000915527344,52.07229995727539,52.0,52.07229995727539,9348
2022-02-16 11:17:00-05:00,52.06999969482422,52.130001068115234,52.06999969482422,52.10499954223633,6916
2022-02-16 11:18:00-05:00,52.06999969482422,52.06999969482422,52.04999923706055,52.04999923706055,636
2022-02-16 11:19:00-05:00,52.04999923706055,52.0629997253418,52.040000915527344,52.060001373291016,2397
2022-02-16 11:20:00-05:00,52.04890060424805,52.04890060424805,52.029998779296875,52.040000915527344,3151
2022-02-16 11:21:00-05:00,52.04499816894531,52.08000183105469,52.04499816894531,52.08000183105469,3411
2022-02-16 11:22:00-05:00,52.08000183105469,52.09000015258789,52.04999923706055,52.084999084472656,6133
2022-02-16 11:23:00-05:00,52.084999084472656,52.09000015258789,52.064998626708984,52.08000183105469,6211
2022-02-16 11:24:00-05:00,52.08000183105469,52.099998474121094,52.07500076293945,52.09590148925781,6665
2022-02-16 11:25:00-05:00,52.09000015258789,52.119998931884766,52.06999969482422,52.06999969482422,8319
2022-02-16 11:26:00-05:00,52.08000183105469,52.11000061035156,52.08000183105469,52.08000183105469,2951
2022-02-16 11:27:00-05:00,52.09000015258789,52.099998474121094,52.07809829711914,52.099998474121094,2961
2022-02-16 11:28:00-05:00,52.099998474121094,52.1150016784668,52.099998474121094,52.11000061035156,1658
2022-02-16 11:29:00-05:00,52.10300064086914,52.130001068115234,52.099998474121094,52.119998931884766,9027
2022-02-16 11:30:00-05:00,52.11000061035156,52.13570022583008,52.11000061035156,52.11000061035156,2260
2022-02-16 11:31:00-05:00,52.10499954223633,52.150001525878906,52.10499954223633,52.150001525878906,2059
2022-02-16 11:32:00-05:00,52.150001525878906,52.17430114746094,52.13999938964844,52.16999816894531,3283
2022-02-16 11:33:00-05:00,52.16999816894531,52.20000076293945,52.16999816894531,52.20000076293945,3470
2022-02-16 11:34:00-05:00,52.20000076293945,52.20000076293945,52.165000915527344,52.18000030517578,2623
2022-02-16 11:35:00-05:00,52.16999816894531,52.18000030517578,52.15999984741211,52.18000030517578,4708
2022-02-16 11:36:00-05:00,52.189998626708984,52.189998626708984,52.16999816894531,52.16999816894531,2929
2022-02-16 11:37:00-05:00,52.16999816894531,52.18000030517578,52.15999984741211,52.18000030517578,3247
2022-02-16 11:38:00-05:00,52.189998626708984,52.20000076293945,52.189998626708984,52.20000076293945,3655
2022-02-16 11:39:00-05:00,52.189998626708984,52.20000076293945,52.17499923706055,52.185001373291016,5834
2022-02-16 11:40:00-05:00,52.185001373291016,52.20000076293945,52.18000030517578,52.18299865722656,3485
2022-02-16 11:41:00-05:00,52.18000030517578,52.19300079345703,52.15999984741211,52.16999816894531,2816
2022-02-16 11:42:00-05:00,52.15999984741211,52.18299865722656,52.15999984741211,52.18000030517578,9028
2022-02-16 11:43:00-05:00,52.17300033569336,52.17300033569336,52.150001525878906,52.15999984741211,7381
2022-02-16 11:44:00-05:00,52.150001525878906,52.154998779296875,52.130001068115234,52.154998779296875,5893
2022-02-16 11:45:00-05:00,52.154998779296875,52.15999984741211,52.13999938964844,52.154998779296875,48135
2022-02-16 11:46:00-05:00,52.220001220703125,52.220001220703125,52.16999816894531,52.18000030517578,4877
2022-02-16 11:47:00-05:00,52.18000030517578,52.189998626708984,52.18000030517578,52.189998626708984,1966
2022-02-16 11:48:00-05:00,52.189998626708984,52.189998626708984,52.17499923706055,52.189998626708984,1952
2022-02-16 11:49:00-05:00,52.18000030517578,52.189998626708984,52.17300033569336,52.189998626708984,1110
2022-02-16 11:50:00-05:00,52.18000030517578,52.209999084472656,52.18000030517578,52.209999084472656,3206
2022-02-16 11:51:00-05:00,52.220001220703125,52.2599983215332,52.220001220703125,52.2400016784668,6393
2022-02-16 11:52:00-05:00,52.2400016784668,52.279998779296875,52.22999954223633,52.279998779296875,2272
2022-02-16 11:53:00-05:00,52.290000915527344,52.33000183105469,52.290000915527344,52.33000183105469,7749
2022-02-16 11:54:00-05:00,52.349998474121094,52.380001068115234,52.349998474121094,52.3650016784668,5766
2022-02-16 11:55:00-05:00,52.36000061035156,52.435001373291016,52.36000061035156,52.43000030517578,8661
2022-02-16 11:56:00-05:00,52.41999816894531,52.43000030517578,52.393001556396484,52.393001556396484,1215
2022-02-16 11:57:00-05:00,52.393001556396484,52.393001556396484,52.33000183105469,52.34299850463867,1804
2022-02-16 11:58:00-05:00,52.334999084472656,52.34000015258789,52.29999923706055,52.34000015258789,5679
2022-02-16 11:59:00-05:00,52.349998474121094,52.3650016784668,52.34000015258789,52.34000015258789,5960
2022-02-16 12:00:00-05:00,52.34000015258789,52.3650016784668,52.34000015258789,52.36000061035156,3720
2022-02-16 12:01:00-05:00,52.35499954223633,52.380001068115234,52.35499954223633,52.380001068115234,1975
2022-02-16 12:02:00-05:00,52.375,52.380001068115234,52.33000183105469,52.369998931884766,7278
2022-02-16 12:03:00-05:00,52.369998931884766,52.44499969482422,52.35499954223633,52.43000030517578,11419
2022-02-16 12:04:00-05:00,52.43000030517578,52.5,52.415000915527344,52.43000030517578,67854
2022-02-16 12:05:00-05:00,52.41999816894531,52.41999816894531,52.38999938964844,52.38999938964844,6499
2022-02-16 12:06:00-05:00,52.375,52.38999938964844,52.36000061035156,52.38999938964844,2401
2022-02-16 12:07:00-05:00,52.380001068115234,52.38999938964844,52.3650016784668,52.38999938964844,2200
2022-02-16 12:08:00-05:00,52.3849983215332,52.3849983215332,52.36000061035156,52.369998931884766,4051
2022-02-16 12:09:00-05:00,52.380001068115234,52.38999938964844,52.369998931884766,52.369998931884766,1034
2022-02-16 12:10:00-05:00,52.369998931884766,52.369998931884766,52.34000015258789,52.369998931884766,2889
2022-02-16 12:11:00-05:00,52.375,52.38999938964844,52.369998931884766,52.380001068115234,1330
2022-02-16 12:12:00-05:00,52.380001068115234,52.380001068115234,52.36000061035156,52.375,1595
2022-02-16 12:13:00-05:00,52.38999938964844,52.40999984741211,52.380001068115234,52.380001068115234,2443
2022-02-16 12:14:00-05:00,52.38119888305664,52.399898529052734,52.375,52.399898529052734,2157
2022-02-16 12:15:00-05:00,52.3849983215332,52.400001525878906,52.375,52.400001525878906,2343
2022-02-16 12:16:00-05:00,52.404998779296875,52.43000030517578,52.404998779296875,52.40999984741211,1836
2022-02-16 12:17:00-05:00,52.404998779296875,52.43000030517578,52.404998779296875,52.41559982299805,1916
2022-02-16 12:18:00-05:00,52.415000915527344,52.439998626708984,52.415000915527344,52.439998626708984,2755
2022-02-16 12:19:00-05:00,52.439998626708984,52.439998626708984,52.41999816894531,52.41999816894531,2134
2022-02-16 12:20:00-05:00,52.415000915527344,52.439998626708984,52.41299819946289,52.439998626708984,1110
2022-02-16 12:21:00-05:00,52.45000076293945,52.454898834228516,52.41999816894531,52.41999816894531,1438
2022-02-16 12:22:00-05:00,52.41999816894531,52.41999816894531,52.400001525878906,52.40999984741211,2618
2022-02-16 12:23:00-05:00,52.40999984741211,52.435001373291016,52.39500045776367,52.39500045776367,4076
2022-02-16 12:24:00-05:00,52.38999938964844,52.41999816894531,52.38999938964844,52.41999816894531,1450
2022-02-16 12:25:00-05:00,52.41999816894531,52.41999816894531,52.36000061035156,52.369998931884766,3033
2022-02-16 12:26:00-05:00,52.349998474121094,52.349998474121094,52.290000915527344,52.310001373291016,1468
2022-02-16 12:27:00-05:00,52.28499984741211,52.28499984741211,52.2599983215332,52.27000045776367,1383
2022-02-16 12:28:00-05:00,52.27000045776367,52.27000045776367,52.22999954223633,52.2400016784668,794
2022-02-16 12:29:00-05:00,52.2400016784668,52.2400016784668,52.22999954223633,52.22999954223633,498
2022-02-16 12:30:00-05:00,52.22999954223633,52.25,52.22999954223633,52.23500061035156,1818
2022-02-16 12:31:00-05:00,52.22999954223633,52.22999954223633,52.21500015258789,52.21500015258789,3870
2022-02-16 12:32:00-05:00,52.21500015258789,52.21500015258789,52.20000076293945,52.20000076293945,1032
2022-02-16 12:33:00-05:00,52.20500183105469,52.220001220703125,52.20500183105469,52.220001220703125,1822
2022-02-16 12:34:00-05:00,52.224998474121094,52.22999954223633,52.209999084472656,52.209999084472656,5180
2022-02-16 12:35:00-05:00,52.2400016784668,52.25,52.209999084472656,52.209999084472656,6093
2022-02-16 12:36:00-05:00,52.224998474121094,52.25,52.220001220703125,52.25,1242
2022-02-16 12:37:00-05:00,52.22999954223633,52.2400016784668,52.220001220703125,52.220001220703125,2338
2022-02-16 12:38:00-05:00,52.224998474121094,52.29499816894531,52.224998474121094,52.290000915527344,9769
2022-02-16 12:39:00-05:00,52.279998779296875,52.29999923706055,52.27000045776367,52.29999923706055,3716
2022-02-16 12:40:00-05:00,52.30500030517578,52.30500030517578,52.290000915527344,52.290000915527344,806
2022-02-16 12:41:00-05:00,52.290000915527344,52.290000915527344,52.290000915527344,52.290000915527344,902
2022-02-16 12:42:00-05:00,52.27000045776367,52.279998779296875,52.25,52.275001525878906,2560
2022-02-16 12:43:00-05:00,52.275001525878906,52.29999923706055,52.275001525878906,52.29999923706055,4300
2022-02-16 12:44:00-05:00,52.29499816894531,52.29999923706055,52.28499984741211,52.290000915527344,2600
2022-02-16 12:45:00-05:00,52.290000915527344,52.29999923706055,52.290000915527344,52.29499816894531,1266
2022-02-16 12:46:00-05:00,52.29999923706055,52.30500030517578,52.29999923706055,52.29999923706055,2905
2022-02-16 12:47:00-05:00,52.29499816894531,52.314998626708984,52.29499816894531,52.310001373291016,1765
2022-02-16 12:48:00-05:00,52.29999923706055,52.32500076293945,52.29999923706055,52.310001373291016,6581
2022-02-16 12:49:00-05:00,52.310001373291016,52.314998626708984,52.30440139770508,52.30440139770508,2087
2022-02-16 12:50:00-05:00,52.310001373291016,52.31999969482422,52.310001373291016,52.31999969482422,509
2022-02-16 12:51:00-05:00,52.29999923706055,52.29999923706055,52.290000915527344,52.290000915527344,2845
2022-02-16 12:52:00-05:00,52.290000915527344,52.29999923706055,52.290000915527344,52.29999923706055,1436
2022-02-16 12:53:00-05:00,52.279998779296875,52.279998779296875,52.2599983215332,52.27000045776367,2064
2022-02-16 12:54:00-05:00,52.279998779296875,52.29999923706055,52.279998779296875,52.290000915527344,3033
2022-02-16 12:55:00-05:00,52.290000915527344,52.30670166015625,52.290000915527344,52.30670166015625,1247
2022-02-16 12:56:00-05:00,52.29999923706055,52.310001373291016,52.29999923706055,52.310001373291016,1861
2022-02-16 12:57:00-05:00,52.290000915527344,52.29999923706055,52.279998779296875,52.29990005493164,3642
2022-02-16 12:58:00-05:00,52.29999923706055,52.30500030517578,52.29999923706055,52.30500030517578,686
2022-02-16 12:59:00-05:00,52.30939865112305,52.369998931884766,52.30500030517578,52.369998931884766,11267
2022-02-16 13:00:00-05:00,52.369998931884766,52.38999938964844,52.369998931884766,52.375,1851
2022-02-16 13:01:00-05:00,52.34000015258789,52.34000015258789,52.33000183105469,52.33000183105469,2532
2022-02-16 13:02:00-05:00,52.314998626708984,52.314998626708984,52.275001525878906,52.275001525878906,1821
2022-02-16 13:03:00-05:00,52.27000045776367,52.279998779296875,52.25,52.25,3116
2022-02-16 13:04:00-05:00,52.26499938964844,52.29999923706055,52.25,52.29999923706055,6130
2022-02-16 13:05:00-05:00,52.28499984741211,52.290000915527344,52.27000045776367,52.27000045776367,577
2022-02-16 13:06:00-05:00,52.27000045776367,52.30500030517578,52.27000045776367,52.29999923706055,3923
2022-02-16 13:07:00-05:00,52.290000915527344,52.29999923706055,52.290000915527344,52.29499816894531,936
2022-02-16 13:08:00-05:00,52.29499816894531,52.30500030517578,52.279998779296875,52.29999923706055,3989
2022-02-16 13:09:00-05:00,52.29970169067383,52.29999923706055,52.275001525878906,52.290000915527344,1980
2022-02-16 13:10:00-05:00,52.29999923706055,52.29999923706055,52.29999923706055,52.29999923706055,491
2022-02-16 13:11:00-05:00,52.29999923706055,52.310001373291016,52.290000915527344,52.290000915527344,2002
2022-02-16 13:12:00-05:00,52.290000915527344,52.30500030517578,52.290000915527344,52.30500030517578,3203
2022-02-16 13:13:00-05:00,52.310001373291016,52.334999084472656,52.29999923706055,52.29999923706055,2138
2022-02-16 13:14:00-05:00,52.30500030517578,52.33000183105469,52.290000915527344,52.31999969482422,13337
2022-02-16 13:15:00-05:00,52.34000015258789,52.349998474121094,52.34000015258789,52.34000015258789,3913
2022-02-16 13:16:00-05:00,52.310001373291016,52.33000183105469,52.309898376464844,52.33000183105469,2619
2022-02-16 13:17:00-05:00,52.33000183105469,52.36000061035156,52.33000183105469,52.36000061035156,3290
2022-02-16 13:18:00-05:00,52.36000061035156,52.369998931884766,52.31999969482422,52.31999969482422,9856
2022-02-16 13:19:00-05:00,52.314998626708984,52.36000061035156,52.314998626708984,52.36000061035156,4563
2022-02-16 13:20:00-05:00,52.369998931884766,52.369998931884766,52.369998931884766,52.369998931884766,1287
2022-02-16 13:21:00-05:00,52.3650016784668,52.3650016784668,52.349998474121094,52.36000061035156,1957
2022-02-16 13:22:00-05:00,52.36000061035156,52.3849983215332,52.36000061035156,52.369998931884766,2844
2022-02-16 13:23:00-05:00,52.369998931884766,52.369998931884766,52.345001220703125,52.36000061035156,12261
2022-02-16 13:24:00-05:00,52.349998474121094,52.349998474121094,52.33000183105469,52.33000183105469,773
2022-02-16 13:25:00-05:00,52.31999969482422,52.31999969482422,52.310001373291016,52.310001373291016,1615
2022-02-16 13:26:00-05:00,52.31999969482422,52.31999969482422,52.310001373291016,52.310001373291016,486
2022-02-16 13:27:00-05:00,52.31999969482422,52.349998474121094,52.31999969482422,52.349998474121094,1377
2022-02-16 13:28:00-05:00,52.34000015258789,52.34000015258789,52.34000015258789,52.34000015258789,200
2022-02-16 13:29:00-05:00,52.34000015258789,52.349998474121094,52.34000015258789,52.345001220703125,1311
2022-02-16 13:30:00-05:00,52.349998474121094,52.369998931884766,52.349998474121094,52.36000061035156,3822
2022-02-16 13:31:00-05:00,52.36000061035156,52.369998931884766,52.34000015258789,52.34000015258789,3629
2022-02-16 13:32:00-05:00,52.33000183105469,52.345001220703125,52.33000183105469,52.33000183105469,2271
2022-02-16 13:33:00-05:00,52.32500076293945,52.34000015258789,52.314998626708984,52.31999969482422,68764
2022-02-16 13:34:00-05:00,52.310001373291016,52.314998626708984,52.29999923706055,52.30500030517578,6675
2022-02-16 13:35:00-05:00,52.29999923706055,52.32500076293945,52.29999923706055,52.31999969482422,31163
2022-02-16 13:36:00-05:00,52.33000183105469,52.345001220703125,52.31999969482422,52.345001220703125,18782
2022-02-16 13:37:00-05:00,52.314998626708984,52.33000183105469,52.310001373291016,52.31999969482422,4674
2022-02-16 13:38:00-05:00,52.31999969482422,52.31999969482422,52.30500030517578,52.310001373291016,7854
2022-02-16 13:39:00-05:00,52.31999969482422,52.32500076293945,52.310001373291016,52.31999969482422,6914
2022-02-16 13:40:00-05:00,52.32500076293945,52.32500076293945,52.290000915527344,52.29499816894531,6826
2022-02-16 13:41:00-05:00,52.290000915527344,52.29999923706055,52.290000915527344,52.29999923706055,4003
2022-02-16 13:42:00-05:00,52.310001373291016,52.310001373291016,52.29999923706055,52.29999923706055,6445
2022-02-16 13:43:00-05:00,52.29999923706055,52.314998626708984,52.29499816894531,52.314998626708984,2675
2022-02-16 13:44:00-05:00,52.310001373291016,52.310001373291016,52.30500030517578,52.310001373291016,2531
2022-02-16 13:45:00-05:00,52.310001373291016,52.33000183105469,52.30500030517578,52.31999969482422,9293
2022-02-16 13:47:00-05:00,52.34000015258789,52.34000015258789,52.334999084472656,52.34000015258789,1366
2022-02-16 13:48:00-05:00,52.3400993347168,52.3400993347168,52.334999084472656,52.34000015258789,1131
2022-02-16 13:49:00-05:00,52.334999084472656,52.334999084472656,52.314998626708984,52.31999969482422,1340
2022-02-16 13:50:00-05:00,52.31999969482422,52.33000183105469,52.31999969482422,52.33000183105469,2852
2022-02-16 13:51:00-05:00,52.33000183105469,52.33000183105469,52.33000183105469,52.33000183105469,900
2022-02-16 13:52:00-05:00,52.33000183105469,52.34000015258789,52.33000183105469,52.34000015258789,2027
2022-02-16 13:53:00-05:00,52.345001220703125,52.349998474121094,52.345001220703125,52.349998474121094,3618
2022-02-16 13:54:00-05:00,52.34000015258789,52.345001220703125,52.34000015258789,52.345001220703125,2724
2022-02-16 13:55:00-05:00,52.34000015258789,52.369998931884766,52.33000183105469,52.36000061035156,8803
2022-02-16 13:56:00-05:00,52.349998474121094,52.349998474121094,52.314998626708984,52.33000183105469,7538
2022-02-16 13:57:00-05:00,52.33000183105469,52.34000015258789,52.314998626708984,52.31999969482422,2362
2022-02-16 13:58:00-05:00,52.32500076293945,52.34000015258789,52.32500076293945,52.34000015258789,1407
2022-02-16 13:59:00-05:00,52.334999084472656,52.34000015258789,52.29999923706055,52.31999969482422,4880
2022-02-16 14:00:00-05:00,52.34000015258789,52.400001525878906,52.34000015258789,52.400001525878906,5776
2022-02-16 14:01:00-05:00,52.38999938964844,52.38999938964844,52.34000015258789,52.349998474121094,1818
2022-02-16 14:02:00-05:00,52.369998931884766,52.38999938964844,52.27000045776367,52.334999084472656,10126
2022-02-16 14:03:00-05:00,52.33000183105469,52.400001525878906,52.31999969482422,52.369998931884766,4730
2022-02-16 14:04:00-05:00,52.380001068115234,52.43000030517578,52.380001068115234,52.43000030517578,6174
2022-02-16 14:05:00-05:00,52.439998626708984,52.45000076293945,52.40999984741211,52.439998626708984,4031
2022-02-16 14:06:00-05:00,52.41999816894531,52.45000076293945,52.40999984741211,52.43000030517578,1833
2022-02-16 14:07:00-05:00,52.43000030517578,52.470001220703125,52.43000030517578,52.470001220703125,2903
2022-02-16 14:08:00-05:00,52.470001220703125,52.540000915527344,52.470001220703125,52.529998779296875,6298
2022-02-16 14:09:00-05:00,52.540000915527344,52.540000915527344,52.529998779296875,52.529998779296875,822
2022-02-16 14:10:00-05:00,52.52000045776367,52.529998779296875,52.5099983215332,52.52000045776367,16134
2022-02-16 14:11:00-05:00,52.5099983215332,52.540000915527344,52.5099983215332,52.540000915527344,3141
2022-02-16 14:12:00-05:00,52.529998779296875,52.540000915527344,52.45000076293945,52.45000076293945,7475
2022-02-16 14:13:00-05:00,52.439998626708984,52.470001220703125,52.439998626708984,52.470001220703125,2976
2022-02-16 14:14:00-05:00,52.470001220703125,52.4900016784668,52.46500015258789,52.47999954223633,2671
2022-02-16 14:15:00-05:00,52.5,52.5,52.5,52.5,415
2022-02-16 14:16:00-05:00,52.4900016784668,52.51499938964844,52.470001220703125,52.5,21224
2022-02-16 14:17:00-05:00,52.4900016784668,52.55500030517578,52.48500061035156,52.54999923706055,3239
2022-02-16 14:18:00-05:00,52.54499816894531,52.560001373291016,52.54499816894531,52.54999923706055,1762
2022-02-16 14:19:00-05:00,52.54999923706055,52.54999923706055,52.540000915527344,52.540000915527344,3113
2022-02-16 14:20:00-05:00,52.540000915527344,52.54999923706055,52.52000045776367,52.529998779296875,8688
2022-02-16 14:21:00-05:00,52.54999923706055,52.58000183105469,52.54499816894531,52.58000183105469,4191
2022-02-16 14:22:00-05:00,52.58000183105469,52.65999984741211,52.54999923706055,52.6599006652832,21595
2022-02-16 14:23:00-05:00,52.650001525878906,52.650001525878906,52.63999938964844,52.63999938964844,4663
2022-02-16 14:24:00-05:00,52.63999938964844,52.650001525878906,52.63600158691406,52.63999938964844,4042
2022-02-16 14:25:00-05:00,52.63999938964844,52.650001525878906,52.630001068115234,52.650001525878906,6111
2022-02-16 14:26:00-05:00,52.63999938964844,52.65999984741211,52.63999938964844,52.65999984741211,2746
2022-02-16 14:27:00-05:00,52.66999816894531,52.66999816894531,52.65999984741211,52.65999984741211,2850
2022-02-16 14:28:00-05:00,52.65999984741211,52.689998626708984,52.650001525878906,52.689998626708984,12226
2022-02-16 14:29:00-05:00,52.689998626708984,52.720001220703125,52.66999816894531,52.709999084472656,9185
2022-02-16 14:30:00-05:00,52.70500183105469,52.720001220703125,52.70500183105469,52.709999084472656,3823
2022-02-16 14:31:00-05:00,52.70500183105469,52.708499908447266,52.689998626708984,52.689998626708984,8432
2022-02-16 14:32:00-05:00,52.689998626708984,52.689998626708984,52.68000030517578,52.689998626708984,2949
2022-02-16 14:33:00-05:00,52.68000030517578,52.68000030517578,52.65999984741211,52.65999984741211,4384
2022-02-16 14:34:00-05:00,52.66999816894531,52.68000030517578,52.65999984741211,52.665000915527344,3756
2022-02-16 14:35:00-05:00,52.65999984741211,52.65999984741211,52.6150016784668,52.619998931884766,2787
2022-02-16 14:36:00-05:00,52.619998931884766,52.619998931884766,52.56999969482422,52.56999969482422,6935
2022-02-16 14:37:00-05:00,52.56999969482422,52.56999969482422,52.529998779296875,52.54999923706055,3606
2022-02-16 14:38:00-05:00,52.52000045776367,52.540000915527344,52.52000045776367,52.529998779296875,1603
2022-02-16 14:39:00-05:00,52.529998779296875,52.540000915527344,52.525001525878906,52.529998779296875,2260
2022-02-16 14:40:00-05:00,52.52000045776367,52.540000915527344,52.5099983215332,52.53499984741211,4911
2022-02-16 14:41:00-05:00,52.529998779296875,52.529998779296875,52.5,52.5099983215332,10728
2022-02-16 14:42:00-05:00,52.5099983215332,52.560001373291016,52.5099983215332,52.540000915527344,6893
2022-02-16 14:43:00-05:00,52.560001373291016,52.56999969482422,52.529998779296875,52.540000915527344,19723
2022-02-16 14:44:00-05:00,52.5099983215332,52.540000915527344,52.505001068115234,52.505001068115234,10856
2022-02-16 14:45:00-05:00,52.5099983215332,52.5099983215332,52.4900016784668,52.5,7668
2022-02-16 14:46:00-05:00,52.5,52.5,52.5,52.5,3672
2022-02-16 14:47:00-05:00,52.5,52.5,52.459999084472656,52.459999084472656,2238
2022-02-16 14:48:00-05:00,52.459999084472656,52.459999084472656,52.43000030517578,52.45000076293945,4861
2022-02-16 14:49:00-05:00,52.439998626708984,52.439998626708984,52.369998931884766,52.369998931884766,1519
2022-02-16 14:50:00-05:00,52.38999938964844,52.40999984741211,52.3849983215332,52.3849983215332,3645
2022-02-16 14:51:00-05:00,52.38999938964844,52.41999816894531,52.38999938964844,52.41999816894531,4019
2022-02-16 14:52:00-05:00,52.41999816894531,52.45500183105469,52.41999816894531,52.44499969482422,5195
2022-02-16 14:53:00-05:00,52.45000076293945,52.459999084472656,52.43000030517578,52.45000076293945,11590
2022-02-16 14:54:00-05:00,52.43000030517578,52.439998626708984,52.40700149536133,52.439998626708984,5504
2022-02-16 14:55:00-05:00,52.45000076293945,52.45000076293945,52.41999816894531,52.44499969482422,3108
2022-02-16 14:56:00-05:00,52.459999084472656,52.459999084472656,52.439998626708984,52.45000076293945,1594
2022-02-16 14:57:00-05:00,52.43000030517578,52.47999954223633,52.42499923706055,52.45000076293945,6390
2022-02-16 14:58:00-05:00,52.459999084472656,52.4900016784668,52.459999084472656,52.47999954223633,2478
2022-02-16 14:59:00-05:00,52.470001220703125,52.494998931884766,52.46500015258789,52.470001220703125,6615
2022-02-16 15:00:00-05:00,52.47999954223633,52.48500061035156,52.459999084472656,52.470001220703125,6338
2022-02-16 15:01:00-05:00,52.470001220703125,52.470001220703125,52.439998626708984,52.45000076293945,6547
2022-02-16 15:02:00-05:00,52.45000076293945,52.45000076293945,52.39500045776367,52.41999816894531,8816
2022-02-16 15:03:00-05:00,52.40999984741211,52.41999816894531,52.404998779296875,52.41999816894531,4449
2022-02-16 15:04:00-05:00,52.439998626708984,52.46500015258789,52.43000030517578,52.46500015258789,3535
2022-02-16 15:05:00-05:00,52.470001220703125,52.474998474121094,52.45000076293945,52.459999084472656,1779
2022-02-16 15:06:00-05:00,52.459999084472656,52.5,52.459999084472656,52.5,8080
2022-02-16 15:07:00-05:00,52.5,52.5,52.470001220703125,52.47999954223633,5441
2022-02-16 15:08:00-05:00,52.47999954223633,52.4900016784668,52.474998474121094,52.4900016784668,3654
2022-02-16 15:09:00-05:00,52.5099983215332,52.5099983215332,52.48500061035156,52.4900016784668,1326
2022-02-16 15:10:00-05:00,52.47999954223633,52.4900016784668,52.459999084472656,52.47999954223633,9065
2022-02-16 15:11:00-05:00,52.48820114135742,52.48820114135742,52.45000076293945,52.45500183105469,7231
2022-02-16 15:12:00-05:00,52.45500183105469,52.470001220703125,52.439998626708984,52.46500015258789,4446
2022-02-16 15:13:00-05:00,52.46500015258789,52.470001220703125,52.44499969482422,52.470001220703125,7321
2022-02-16 15:14:00-05:00,52.470001220703125,52.4900016784668,52.470001220703125,52.48500061035156,10075
2022-02-16 15:15:00-05:00,52.474300384521484,52.47999954223633,52.439998626708984,52.45500183105469,21263
2022-02-16 15:16:00-05:00,52.45500183105469,52.529998779296875,52.439998626708984,52.51499938964844,13270
2022-02-16 15:17:00-05:00,52.5099983215332,52.5099983215332,52.474998474121094,52.4900016784668,5257
2022-02-16 15:18:00-05:00,52.47999954223633,52.47999954223633,52.45000076293945,52.474998474121094,4489
2022-02-16 15:19:00-05:00,52.470001220703125,52.47999954223633,52.459999084472656,52.47999954223633,5837
2022-02-16 15:20:00-05:00,52.470001220703125,52.48500061035156,52.439998626708984,52.45000076293945,6853
2022-02-16 15:21:00-05:00,52.459999084472656,52.470001220703125,52.44499969482422,52.45000076293945,8821
2022-02-16 15:22:00-05:00,52.45500183105469,52.470001220703125,52.439998626708984,52.45000076293945,16468
2022-02-16 15:23:00-05:00,52.459999084472656,52.46500015258789,52.43000030517578,52.44499969482422,10755
2022-02-16 15:24:00-05:00,52.44499969482422,52.459999084472656,52.44499969482422,52.45500183105469,5796
2022-02-16 15:25:00-05:00,52.459999084472656,52.474998474121094,52.45500183105469,52.45500183105469,6767
2022-02-16 15:26:00-05:00,52.459999084472656,52.529998779296875,52.459999084472656,52.5099983215332,16624
2022-02-16 15:27:00-05:00,52.5099983215332,52.560001373291016,52.4900016784668,52.4900016784668,11242
2022-02-16 15:28:00-05:00,52.4900016784668,52.4900016784668,52.46500015258789,52.470001220703125,5589
2022-02-16 15:29:00-05:00,52.470001220703125,52.470001220703125,52.41999816894531,52.45000076293945,8734
2022-02-16 15:30:00-05:00,52.439998626708984,52.45000076293945,52.40999984741211,52.43880081176758,27043
2022-02-16 15:31:00-05:00,52.43000030517578,52.47990036010742,52.43000030517578,52.470001220703125,5620
2022-02-16 15:32:00-05:00,52.470001220703125,52.470001220703125,52.40999984741211,52.42689895629883,8189
2022-02-16 15:33:00-05:00,52.435001373291016,52.435001373291016,52.310001373291016,52.33000183105469,7600
2022-02-16 15:34:00-05:00,52.29999923706055,52.29999923706055,52.26499938964844,52.290000915527344,7181
2022-02-16 15:35:00-05:00,52.290000915527344,52.314998626708984,52.27000045776367,52.310001373291016,7099
2022-02-16 15:36:00-05:00,52.310001373291016,52.33000183105469,52.29999923706055,52.33000183105469,9799
2022-02-16 15:37:00-05:00,52.33000183105469,52.380001068115234,52.33000183105469,52.36000061035156,11508
2022-02-16 15:38:00-05:00,52.369998931884766,52.40999984741211,52.369998931884766,52.400001525878906,5336
2022-02-16 15:39:00-05:00,52.400001525878906,52.439998626708984,52.3849983215332,52.439998626708984,12018
2022-02-16 15:40:00-05:00,52.435001373291016,52.5099983215332,52.43000030517578,52.5,34682
2022-02-16 15:41:00-05:00,52.5,52.5281982421875,52.5,52.5,9760
2022-02-16 15:42:00-05:00,52.5,52.51689910888672,52.5,52.5099983215332,5180
2022-02-16 15:43:00-05:00,52.5099983215332,52.560001373291016,52.5,52.53499984741211,13001
2022-02-16 15:44:00-05:00,52.53499984741211,52.54999923706055,52.529998779296875,52.54999923706055,5727
2022-02-16 15:45:00-05:00,52.54999923706055,52.560001373291016,52.53499984741211,52.53499984741211,17856
2022-02-16 15:46:00-05:00,52.540000915527344,52.540000915527344,52.529998779296875,52.529998779296875,14266
2022-02-16 15:47:00-05:00,52.540000915527344,52.54990005493164,52.529998779296875,52.529998779296875,9843
2022-02-16 15:48:00-05:00,52.53499984741211,52.54999923706055,52.525001525878906,52.54999923706055,10098
2022-02-16 15:49:00-05:00,52.54999923706055,52.584999084472656,52.54999923706055,52.579898834228516,9694
2022-02-16 15:50:00-05:00,52.58000183105469,52.59000015258789,52.540000915527344,52.58000183105469,58221
2022-02-16 15:51:00-05:00,52.58000183105469,52.584999084472656,52.560001373291016,52.56999969482422,26872
2022-02-16 15:52:00-05:00,52.57500076293945,52.58000183105469,52.48500061035156,52.48500061035156,32817
2022-02-16 15:53:00-05:00,52.47999954223633,52.529998779296875,52.459999084472656,52.525001525878906,32459
2022-02-16 15:54:00-05:00,52.52000045776367,52.529998779296875,52.459999084472656,52.470001220703125,18910
2022-02-16 15:55:00-05:00,52.474998474121094,52.4900016784668,52.439998626708984,52.44499969482422,18845
2022-02-16 15:56:00-05:00,52.44499969482422,52.46500015258789,52.415000915527344,52.415000915527344,20454
2022-02-16 15:57:00-05:00,52.41999816894531,52.43000030517578,52.40999984741211,52.41999816894531,25160
2022-02-16 15:58:00-05:00,52.415000915527344,52.47999954223633,52.40999984741211,52.459999084472656,37210
2022-02-16 15:59:00-05:00,52.459999084472656,52.540000915527344,52.45500183105469,52.52000045776367,77621
2022-02-16 16:00:00-05:00,52.49,52.49,52.49,52.49,0
2022-02-16 17:04:00-05:00,52.49,52.49,52.49,52.49,0
2022-02-16 17:08:00-05:00,52.99,52.99,52.99,52.99,0
2022-02-17 08:47:00-05:00,52.08,52.64,52.08,52.27,0
2022-02-17 08:48:00-05:00,52.58,52.58,52.58,52.58,0
2022-02-17 09:30:00-05:00,52.25,52.650001525878906,52.25,52.36000061035156,26486
2022-02-17 09:31:00-05:00,52.36000061035156,52.36000061035156,52.33000183105469,52.349998474121094,3863
2022-02-17 09:32:00-05:00,52.380001068115234,52.43000030517578,52.290000915527344,52.310001373291016,13339
2022-02-17 09:33:00-05:00,52.31999969482422,52.38999938964844,52.31999969482422,52.33000183105469,10554
2022-02-17 09:34:00-05:00,52.31999969482422,52.34000015258789,52.29999923706055,52.310001373291016,2551
2022-02-17 09:35:00-05:00,52.279998779296875,52.279998779296875,52.154998779296875,52.154998779296875,930
2022-02-17 09:36:00-05:00,52.13999938964844,52.189998626708984,52.13999938964844,52.15999984741211,2819
2022-02-17 09:37:00-05:00,52.189998626708984,52.20000076293945,52.15999984741211,52.16999816894531,4941
2022-02-17 09:38:00-05:00,52.15999984741211,52.22999954223633,52.13999938964844,52.22999954223633,3391
2022-02-17 09:39:00-05:00,52.22999954223633,52.290000915527344,52.22999954223633,52.290000915527344,2259
2022-02-17 09:40:00-05:00,52.31999969482422,52.34000015258789,52.29999923706055,52.29999923706055,1115
2022-02-17 09:41:00-05:00,52.33000183105469,52.38999938964844,52.33000183105469,52.38999938964844,2902
2022-02-17 09:42:00-05:00,52.36000061035156,52.375,52.29999923706055,52.33000183105469,3386
2022-02-17 09:43:00-05:00,52.33000183105469,52.33000183105469,52.290000915527344,52.3224983215332,2215
2022-02-17 09:44:00-05:00,52.310001373291016,52.36000061035156,52.310001373291016,52.349998474121094,1625
2022-02-17 09:45:00-05:00,52.349998474121094,52.400001525878906,52.349998474121094,52.400001525878906,2851
2022-02-17 09:46:00-05:00,52.41999816894531,52.41999816894531,52.400001525878906,52.400001525878906,5285
2022-02-17 09:47:00-05:00,52.400001525878906,52.435001373291016,52.400001525878906,52.40999984741211,3402
2022-02-17 09:48:00-05:00,52.439998626708984,52.459999084472656,52.400001525878906,52.400001525878906,4858
2022-02-17 09:49:00-05:00,52.41999816894531,52.43000030517578,52.40999984741211,52.40999984741211,4892
2022-02-17 09:50:00-05:00,52.40999984741211,52.45000076293945,52.40999984741211,52.45000076293945,1430
2022-02-17 09:51:00-05:00,52.45500183105469,52.45500183105469,52.34000015258789,52.34000015258789,4504
2022-02-17 09:52:00-05:00,52.31999969482422,52.33000183105469,52.310001373291016,52.31999969482422,1789
2022-02-17 09:53:00-05:00,52.349998474121094,52.36000061035156,52.345001220703125,52.36000061035156,1237
2022-02-17 09:54:00-05:00,52.34000015258789,52.349998474121094,52.33000183105469,52.349998474121094,1383
2022-02-17 09:55:00-05:00,52.36000061035156,52.36000061035156,52.34000015258789,52.349998474121094,941
2022-02-17 09:56:00-05:00,52.33000183105469,52.33000183105469,52.279998779296875,52.29999923706055,3695
2022-02-17 09:57:00-05:00,52.279998779296875,52.310001373291016,52.27000045776367,52.29999923706055,1041
2022-02-17 09:58:00-05:00,52.29999923706055,52.29999923706055,52.220001220703125,52.220001220703125,1121
2022-02-17 09:59:00-05:00,52.209999084472656,52.209999084472656,52.119998931884766,52.13999938964844,4770
2022-02-17 10:00:00-05:00,52.11000061035156,52.130001068115234,52.099998474121094,52.119998931884766,3062
2022-02-17 10:01:00-05:00,52.13999938964844,52.189998626708984,52.130001068115234,52.17499923706055,5470
2022-02-17 10:02:00-05:00,52.18000030517578,52.189998626708984,52.16999816894531,52.18000030517578,6532
2022-02-17 10:03:00-05:00,52.18000030517578,52.2400016784668,52.150001525878906,52.220001220703125,7818
2022-02-17 10:04:00-05:00,52.2400016784668,52.25,52.22999954223633,52.22999954223633,1809
2022-02-17 10:05:00-05:00,52.25,52.279998779296875,52.25,52.279998779296875,2607
2022-02-17 10:06:00-05:00,52.310001373291016,52.33000183105469,52.310001373291016,52.31999969482422,3618
2022-02-17 10:07:00-05:00,52.310001373291016,52.31999969482422,52.29999923706055,52.310001373291016,2894
2022-02-17 10:08:00-05:00,52.279998779296875,52.310001373291016,52.279998779296875,52.310001373291016,1711
2022-02-17 10:09:00-05:00,52.310001373291016,52.349998474121094,52.279998779296875,52.29999923706055,5849
2022-02-17 10:10:00-05:00,52.314998626708984,52.34000015258789,52.310001373291016,52.31999969482422,820
2022-02-17 10:11:00-05:00,52.30500030517578,52.31999969482422,52.27000045776367,52.27000045776367,3758
2022-02-17 10:12:00-05:00,52.2599983215332,52.310001373291016,52.2599983215332,52.310001373291016,3917
2022-02-17 16:00:00-05:00,52.41,52.41,52.41,52.41,0
2022-02-18 06:29:00-05:00,52.41,52.41,52.41,52.41,0
2022-02-18 08:40:00-05:00,52.0,52.0,52.0,52.0,0
2022-02-18 09:30:00-05:00,52.279998779296875,52.310001373291016,52.220001220703125,52.310001373291016,9135
2022-02-18 09:31:00-05:00,52.310001373291016,52.34000015258789,52.279998779296875,52.290000915527344,4023
2022-02-18 09:32:00-05:00,52.290000915527344,52.29999923706055,52.25,52.290000915527344,2347
2022-02-18 09:33:00-05:00,52.290000915527344,52.290000915527344,52.209999084472656,52.22999954223633,3119
2022-02-18 09:34:00-05:00,52.2400016784668,52.2400016784668,52.209999084472656,52.209999084472656,2827
2022-02-18 09:35:00-05:00,52.20000076293945,52.2400016784668,52.20000076293945,52.209999084472656,2310
2022-02-18 09:36:00-05:00,52.209999084472656,52.209999084472656,52.16999816894531,52.20000076293945,3888
2022-02-18 09:37:00-05:00,52.209999084472656,52.27000045776367,52.209999084472656,52.25,2477
2022-02-18 09:38:00-05:00,52.310001373291016,52.34000015258789,52.310001373291016,52.34000015258789,3304
2022-02-18 09:39:00-05:00,52.349998474121094,52.380001068115234,52.349998474121094,52.36000061035156,2988
2022-02-18 09:40:00-05:00,52.33000183105469,52.369998931884766,52.33000183105469,52.34000015258789,4894
2022-02-18 09:41:00-05:00,52.34000015258789,52.34000015258789,52.2400016784668,52.25,1422
2022-02-18 09:42:00-05:00,52.22999954223633,52.279998779296875,52.22999954223633,52.25,13781
2022-02-18 09:43:00-05:00,52.2599983215332,52.2599983215332,52.2599983215332,52.2599983215332,1225
2022-02-18 09:44:00-05:00,52.2400016784668,52.25,52.22999954223633,52.2400016784668,1554
2022-02-18 09:45:00-05:00,52.2400016784668,52.25,52.20500183105469,52.22999954223633,2446
2022-02-18 09:46:00-05:00,52.2400016784668,52.25,52.2400016784668,52.25,2441
2022-02-18 09:47:00-05:00,52.25,52.27000045776367,52.25,52.25,1303
2022-02-18 09:48:00-05:00,52.25,52.29999923706055,52.2400016784668,52.29999923706055,3290
2022-02-18 09:49:00-05:00,52.310001373291016,52.38999938964844,52.310001373291016,52.380001068115234,7082
2022-02-18 09:50:00-05:00,52.400001525878906,52.40999984741211,52.38999938964844,52.400001525878906,1431
2022-02-18 09:51:00-05:00,52.41999816894531,52.41999816894531,52.39500045776367,52.400001525878906,1210
2022-02-18 09:52:00-05:00,52.400001525878906,52.439998626708984,52.400001525878906,52.439998626708984,579
2022-02-18 09:53:00-05:00,52.459999084472656,52.47999954223633,52.459999084472656,52.47999954223633,1676
2022-02-18 09:54:00-05:00,52.47999954223633,52.47999954223633,52.45000076293945,52.47700119018555,3108
2022-02-18 09:55:00-05:00,52.47999954223633,52.4900016784668,52.47999954223633,52.47999954223633,2194
2022-02-18 09:56:00-05:00,52.47999954223633,52.5,52.470001220703125,52.470001220703125,3354
2022-02-18 09:57:00-05:00,52.47999954223633,52.47999954223633,52.459999084472656,52.459999084472656,335
2022-02-18 09:58:00-05:00,52.459999084472656,52.4900016784668,52.459999084472656,52.470001220703125,4652
2022-02-18 09:59:00-05:00,52.470001220703125,52.474998474121094,52.43000030517578,52.43000030517578,2659
2022-02-18 10:00:00-05:00,52.40999984741211,52.439998626708984,52.38999938964844,52.41999816894531,3915
2022-02-18 10:01:00-05:00,52.41999816894531,52.43000030517578,52.41999816894531,52.41999816894531,1626
2022-02-18 10:02:00-05:00,52.38999938964844,52.38999938964844,52.36000061035156,52.380001068115234,1167
2022-02-18 10:03:00-05:00,52.38999938964844,52.38999938964844,52.369998931884766,52.369998931884766,965
2022-02-18 10:04:00-05:00,52.380001068115234,52.38999938964844,52.380001068115234,52.38999938964844,1888
2022-02-18 10:05:00-05:00,52.369998931884766,52.380001068115234,52.369998931884766,52.380001068115234,831
2022-02-18 10:06:00-05:00,52.3849983215332,52.38999938964844,52.36000061035156,52.36000061035156,1120
2022-02-18 10:07:00-05:00,52.380001068115234,52.380001068115234,52.349998474121094,52.369998931884766,7307
2022-02-18 10:08:00-05:00,52.349998474121094,52.369998931884766,52.349998474121094,52.369998931884766,2015
2022-02-18 10:09:00-05:00,52.369998931884766,52.369998931884766,52.349998474121094,52.349998474121094,1430
2022-02-18 10:10:00-05:00,52.34000015258789,52.369998931884766,52.33000183105469,52.345001220703125,6062
2022-02-18 10:11:00-05:00,52.36000061035156,52.369998931884766,52.34000015258789,52.34000015258789,1951
2022-02-18 10:12:00-05:00,52.349998474121094,52.349998474121094,52.27000045776367,52.279998779296875,1289
2022-02-18 10:13:00-05:00,52.279998779296875,52.279998779296875,52.2599983215332,52.270301818847656,1029
2022-02-18 10:14:00-05:00,52.290000915527344,52.29999923706055,52.290000915527344,52.29999923706055,2024
2022-02-18 10:15:00-05:00,52.29999923706055,52.29999923706055,52.29999923706055,52.29999923706055,441
2022-02-18 10:16:00-05:00,52.33000183105469,52.33000183105469,52.27000045776367,52.27000045776367,590
2022-02-18 10:17:00-05:00,52.2599983215332,52.27000045776367,52.22999954223633,52.22999954223633,1357
2022-02-18 10:18:00-05:00,52.22999954223633,52.25,52.22999954223633,52.25,3866
2022-02-18 10:19:00-05:00,52.25,52.2599983215332,52.2400016784668,52.25,3323
2022-02-18 10:20:00-05:00,52.25,52.25,52.220001220703125,52.220001220703125,668
2022-02-18 10:21:00-05:00,52.224998474121094,52.224998474121094,52.20500183105469,52.20500183105469,617
2022-02-18 10:22:00-05:00,52.209999084472656,52.22999954223633,52.20000076293945,52.2140007019043,9265
2022-02-18 10:23:00-05:00,52.209999084472656,52.224998474121094,52.20000076293945,52.220001220703125,7091
2022-02-18 10:24:00-05:00,52.209999084472656,52.23500061035156,52.20500183105469,52.23500061035156,4246
2022-02-18 10:25:00-05:00,52.224998474121094,52.2400016784668,52.220001220703125,52.2400016784668,963
2022-02-18 10:26:00-05:00,52.23500061035156,52.2599983215332,52.23500061035156,52.25,1274
2022-02-18 10:27:00-05:00,52.2599983215332,52.279998779296875,52.25,52.279998779296875,1865
2022-02-18 10:28:00-05:00,52.27000045776367,52.279998779296875,52.2599983215332,52.27000045776367,1610
2022-02-18 10:29:00-05:00,52.2599983215332,52.27000045776367,52.22999954223633,52.22999954223633,2447
2022-02-18 10:30:00-05:00,52.209999084472656,52.220001220703125,52.18000030517578,52.18000030517578,4741
2022-02-18 10:31:00-05:00,52.16999816894531,52.16999816894531,52.13999938964844,52.150001525878906,2161
2022-02-18 10:32:00-05:00,52.150001525878906,52.189998626708984,52.150001525878906,52.16999816894531,1632
2022-02-18 10:33:00-05:00,52.18000030517578,52.20000076293945,52.18000030517578,52.20000076293945,810
2022-02-18 10:34:00-05:00,52.206298828125,52.206298828125,52.17499923706055,52.18000030517578,1077
2022-02-18 10:35:00-05:00,52.189998626708984,52.189998626708984,52.18000030517578,52.18000030517578,822
2022-02-18 10:36:00-05:00,52.189998626708984,52.209999084472656,52.189998626708984,52.189998626708984,2610
2022-02-18 10:37:00-05:00,52.189998626708984,52.189998626708984,52.15999984741211,52.15999984741211,2134
2022-02-18 10:38:00-05:00,52.150001525878906,52.16999816894531,52.150001525878906,52.16999816894531,2472
2022-02-18 10:39:00-05:00,52.15999984741211,52.15999984741211,52.130001068115234,52.130001068115234,1324
2022-02-18 10:40:00-05:00,52.130001068115234,52.130001068115234,52.08000183105469,52.08000183105469,1219
2022-02-18 10:41:00-05:00,52.04999923706055,52.060001373291016,52.04999923706055,52.060001373291016,984
2022-02-18 10:42:00-05:00,52.06999969482422,52.08000183105469,52.06999969482422,52.08000183105469,1338
2022-02-18 10:43:00-05:00,52.06999969482422,52.06999969482422,52.040000915527344,52.040000915527344,1764
2022-02-18 10:44:00-05:00,52.04999923706055,52.061500549316406,52.04999923706055,52.04999923706055,1084
2022-02-18 10:45:00-05:00,52.060001373291016,52.06999969482422,52.060001373291016,52.06999969482422,338
2022-02-18 10:46:00-05:00,52.060001373291016,52.060001373291016,52.04999923706055,52.05459976196289,1991
2022-02-18 10:47:00-05:00,52.06999969482422,52.06999969482422,52.060001373291016,52.060001373291016,1213
2022-02-18 10:48:00-05:00,52.06990051269531,52.06999969482422,52.04999923706055,52.04999923706055,3090
2022-02-18 10:49:00-05:00,52.04999923706055,52.06999969482422,52.04999923706055,52.060001373291016,2276
2022-02-18 10:50:00-05:00,52.08000183105469,52.099998474121094,52.08000183105469,52.099998474121094,1358
2022-02-18 10:51:00-05:00,52.099998474121094,52.11000061035156,52.09000015258789,52.099998474121094,2622
2022-02-18 10:52:00-05:00,52.11000061035156,52.11000061035156,52.099998474121094,52.099998474121094,1059
2022-02-18 10:53:00-05:00,52.099998474121094,52.119998931884766,52.099998474121094,52.119998931884766,5296
2022-02-18 10:54:00-05:00,52.130001068115234,52.150001525878906,52.10860061645508,52.13999938964844,7984
2022-02-18 10:55:00-05:00,52.13999938964844,52.13999938964844,52.130001068115234,52.130001068115234,1310
2022-02-18 10:56:00-05:00,52.119998931884766,52.130001068115234,52.119998931884766,52.119998931884766,2485
2022-02-18 10:57:00-05:00,52.119998931884766,52.14139938354492,52.119998931884766,52.14139938354492,1147
2022-02-18 10:58:00-05:00,52.150001525878906,52.150001525878906,52.119998931884766,52.119998931884766,1659
2022-02-18 10:59:00-05:00,52.119998931884766,52.12070083618164,52.119998931884766,52.119998931884766,886
2022-02-18 11:00:00-05:00,52.11000061035156,52.119998931884766,52.11000061035156,52.119998931884766,2641
2022-02-18 11:01:00-05:00,52.130001068115234,52.130001068115234,52.125,52.130001068115234,730
2022-02-18 11:02:00-05:00,52.11000061035156,52.11000061035156,52.08000183105469,52.08000183105469,1157
2022-02-18 11:03:00-05:00,52.099998474121094,52.099998474121094,52.08000183105469,52.099998474121094,6627
2022-02-18 11:04:00-05:00,52.11000061035156,52.119998931884766,52.08000183105469,52.08000183105469,615
2022-02-18 11:05:00-05:00,52.09000015258789,52.09000015258789,52.07500076293945,52.09000015258789,2915
2022-02-18 11:06:00-05:00,52.08000183105469,52.08000183105469,52.060001373291016,52.060001373291016,2432
2022-02-18 11:07:00-05:00,52.060001373291016,52.08000183105469,52.060001373291016,52.08000183105469,975
2022-02-18 11:08:00-05:00,52.08000183105469,52.09000015258789,52.060001373291016,52.09000015258789,4935
2022-02-18 11:09:00-05:00,52.06999969482422,52.08000183105469,52.060001373291016,52.08000183105469,1948
2022-02-18 11:10:00-05:00,52.09000015258789,52.11000061035156,52.09000015258789,52.099998474121094,2000
2022-02-18 11:11:00-05:00,52.099998474121094,52.119998931884766,52.099998474121094,52.119998931884766,618
2022-02-18 11:12:00-05:00,52.119998931884766,52.119998931884766,52.099998474121094,52.099998474121094,1513
2022-02-18 11:13:00-05:00,52.09000015258789,52.10499954223633,52.08000183105469,52.10499954223633,1867
2022-02-18 11:14:00-05:00,52.099998474121094,52.099998474121094,52.099998474121094,52.099998474121094,343
2022-02-18 11:15:00-05:00,52.09000015258789,52.11000061035156,52.09000015258789,52.10139846801758,3195
2022-02-18 11:16:00-05:00,52.119998931884766,52.130001068115234,52.11000061035156,52.119998931884766,1360
2022-02-18 11:17:00-05:00,52.130001068115234,52.150001525878906,52.125,52.13999938964844,8399
2022-02-18 11:18:00-05:00,52.15999984741211,52.16999816894531,52.150001525878906,52.16999816894531,1337
2022-02-18 11:19:00-05:00,52.15999984741211,52.15999984741211,52.150001525878906,52.150001525878906,644
2022-02-18 11:20:00-05:00,52.15999984741211,52.1786994934082,52.130001068115234,52.130001068115234,1452
2022-02-18 11:21:00-05:00,52.130001068115234,52.130001068115234,52.11000061035156,52.130001068115234,1247
2022-02-18 11:22:00-05:00,52.1349983215332,52.150001525878906,52.1349983215332,52.150001525878906,694
2022-02-18 11:23:00-05:00,52.14500045776367,52.154998779296875,52.14500045776367,52.154998779296875,235
2022-02-18 11:24:00-05:00,52.15999984741211,52.15999984741211,52.15999984741211,52.15999984741211,929
2022-02-18 11:25:00-05:00,52.18000030517578,52.20000076293945,52.18000030517578,52.189998626708984,961
2022-02-18 11:26:00-05:00,52.18989944458008,52.189998626708984,52.18989944458008,52.189998626708984,697
2022-02-18 11:27:00-05:00,52.189998626708984,52.189998626708984,52.189998626708984,52.189998626708984,534
2022-02-18 11:28:00-05:00,52.185001373291016,52.185001373291016,52.17499923706055,52.17499923706055,4774
2022-02-18 11:29:00-05:00,52.16999816894531,52.16999816894531,52.130001068115234,52.130001068115234,2456
2022-02-18 11:30:00-05:00,52.154998779296875,52.15999984741211,52.150001525878906,52.15999984741211,1389
2022-02-18 11:31:00-05:00,52.15999984741211,52.18000030517578,52.15999984741211,52.18000030517578,1017
2022-02-18 11:32:00-05:00,52.18000030517578,52.18000030517578,52.15999984741211,52.15999984741211,4837
2022-02-18 11:33:00-05:00,52.15999984741211,52.15999984741211,52.13999938964844,52.13999938964844,1098
2022-02-18 11:34:00-05:00,52.150001525878906,52.16999816894531,52.150001525878906,52.15999984741211,961
2022-02-18 11:35:00-05:00,52.165000915527344,52.165000915527344,52.150001525878906,52.150001525878906,2368
2022-02-18 11:36:00-05:00,52.15999984741211,52.1619987487793,52.150001525878906,52.150001525878906,1457
2022-02-18 11:37:00-05:00,52.15999984741211,52.15999984741211,52.130001068115234,52.13999938964844,1503
2022-02-18 11:38:00-05:00,52.16999816894531,52.185001373291016,52.16999816894531,52.185001373291016,1148
2022-02-18 11:39:00-05:00,52.16999816894531,52.16999816894531,52.16999816894531,52.16999816894531,613
2022-02-18 11:40:00-05:00,52.18000030517578,52.18000030517578,52.18000030517578,52.18000030517578,1250
2022-02-18 11:41:00-05:00,52.189998626708984,52.20000076293945,52.18000030517578,52.20000076293945,2429
2022-02-18 11:42:00-05:00,52.189998626708984,52.20000076293945,52.189998626708984,52.20000076293945,2263
2022-02-18 11:43:00-05:00,52.19499969482422,52.19499969482422,52.189998626708984,52.189998626708984,2478
2022-02-18 11:44:00-05:00,52.20000076293945,52.20000076293945,52.195701599121094,52.195701599121094,402
2022-02-18 11:45:00-05:00,52.20000076293945,52.20000076293945,52.20000076293945,52.20000076293945,4856
2022-02-18 11:46:00-05:00,52.22999954223633,52.22999954223633,52.22999954223633,52.22999954223633,505
2022-02-18 11:47:00-05:00,52.220001220703125,52.220001220703125,52.20000076293945,52.20000076293945,917
2022-02-18 11:48:00-05:00,52.189998626708984,52.20500183105469,52.18000030517578,52.18000030517578,1497
2022-02-18 11:49:00-05:00,52.18000030517578,52.19499969482422,52.17499923706055,52.18429946899414,3163
2022-02-18 11:50:00-05:00,52.19499969482422,52.20000076293945,52.19499969482422,52.20000076293945,531
2022-02-18 11:51:00-05:00,52.189998626708984,52.189998626708984,52.18000030517578,52.189998626708984,565
2022-02-18 11:52:00-05:00,52.189998626708984,52.20000076293945,52.18000030517578,52.189998626708984,3921
2022-02-18 11:53:00-05:00,52.189998626708984,52.189998626708984,52.17499923706055,52.18000030517578,921
2022-02-18 11:54:00-05:00,52.18000030517578,52.18000030517578,52.18000030517578,52.18000030517578,1647
2022-02-18 11:55:00-05:00,52.189998626708984,52.189998626708984,52.18000030517578,52.185001373291016,3131
2022-02-18 11:56:00-05:00,52.18000030517578,52.19499969482422,52.16999816894531,52.185001373291016,4929
2022-02-18 11:57:00-05:00,52.18000030517578,52.189998626708984,52.15999984741211,52.15999984741211,7141
2022-02-18 11:58:00-05:00,52.16999816894531,52.16999816894531,52.15999984741211,52.16999816894531,5607
2022-02-18 11:59:00-05:00,52.17499923706055,52.18000030517578,52.150001525878906,52.15999984741211,7155
2022-02-18 12:00:00-05:00,52.15999984741211,52.16999816894531,52.150001525878906,52.16999816894531,2850
2022-02-18 12:01:00-05:00,52.15999984741211,52.15999984741211,52.15999984741211,52.15999984741211,1393
2022-02-18 12:02:00-05:00,52.15999984741211,52.17499923706055,52.15999984741211,52.16999816894531,6603
2022-02-18 12:03:00-05:00,52.16999816894531,52.189998626708984,52.15999984741211,52.17499923706055,3088
2022-02-18 12:04:00-05:00,52.18000030517578,52.18000030517578,52.16999816894531,52.16999816894531,1277
2022-02-18 12:05:00-05:00,52.15999984741211,52.189998626708984,52.15999984741211,52.189998626708984,5542
2022-02-18 12:06:00-05:00,52.154998779296875,52.16699981689453,52.154998779296875,52.15999984741211,1802
2022-02-18 12:07:00-05:00,52.150001525878906,52.15999984741211,52.150001525878906,52.15999984741211,4640
2022-02-18 12:08:00-05:00,52.15999984741211,52.16999816894531,52.150001525878906,52.15999984741211,4809
2022-02-18 12:09:00-05:00,52.15999984741211,52.16999816894531,52.15999984741211,52.16999816894531,1868
2022-02-18 12:10:00-05:00,52.17499923706055,52.18000030517578,52.16999816894531,52.18000030517578,2626
2022-02-18 12:11:00-05:00,52.18000030517578,52.18000030517578,52.16999816894531,52.16999816894531,1530
2022-02-18 12:12:00-05:00,52.18000030517578,52.18000030517578,52.15999984741211,52.15999984741211,3117
2022-02-18 12:13:00-05:00,52.15999984741211,52.18000030517578,52.15999984741211,52.16999816894531,3431
2022-02-18 12:14:00-05:00,52.15999984741211,52.15999984741211,52.150001525878906,52.15999984741211,2772
2022-02-18 12:15:00-05:00,52.15999984741211,52.18000030517578,52.15999984741211,52.18000030517578,1090
2022-02-18 12:16:00-05:00,52.189998626708984,52.20000076293945,52.18410110473633,52.20000076293945,1779
2022-02-18 12:17:00-05:00,52.209999084472656,52.255001068115234,52.209999084472656,52.25,4766
2022-02-18 12:18:00-05:00,52.25,52.25,52.209999084472656,52.209999084472656,4221
2022-02-18 12:19:00-05:00,52.21500015258789,52.22999954223633,52.21500015258789,52.220001220703125,956
2022-02-18 12:20:00-05:00,52.22700119018555,52.2400016784668,52.21500015258789,52.2400016784668,2536
2022-02-18 12:21:00-05:00,52.22999954223633,52.22999954223633,52.220001220703125,52.220001220703125,615
2022-02-18 12:22:00-05:00,52.209999084472656,52.209999084472656,52.209999084472656,52.209999084472656,145
2022-02-18 12:23:00-05:00,52.20000076293945,52.20000076293945,52.20000076293945,52.20000076293945,364
2022-02-18 12:24:00-05:00,52.224998474121094,52.224998474121094,52.20000076293945,52.20000076293945,1077
2022-02-18 12:25:00-05:00,52.20000076293945,52.22999954223633,52.20000076293945,52.22999954223633,1056
2022-02-18 12:26:00-05:00,52.2400016784668,52.2599983215332,52.2400016784668,52.2599983215332,7520
2022-02-18 12:27:00-05:00,52.2599983215332,52.27000045776367,52.2400016784668,52.27000045776367,8379
2022-02-18 12:28:00-05:00,52.27000045776367,52.310001373291016,52.27000045776367,52.310001373291016,6605
2022-02-18 12:29:00-05:00,52.29999923706055,52.33000183105469,52.290000915527344,52.33000183105469,3945
2022-02-18 12:30:00-05:00,52.310001373291016,52.33000183105469,52.279998779296875,52.33000183105469,20810
2022-02-18 12:31:00-05:00,52.349998474121094,52.375,52.314998626708984,52.31999969482422,17154
2022-02-18 12:32:00-05:00,52.33000183105469,52.33000183105469,52.30500030517578,52.31999969482422,2648
2022-02-18 12:33:00-05:00,52.32500076293945,52.334999084472656,52.310001373291016,52.33000183105469,1662
2022-02-18 12:34:00-05:00,52.34000015258789,52.349998474121094,52.314998626708984,52.31999969482422,5371
2022-02-18 12:35:00-05:00,52.32500076293945,52.36000061035156,52.32500076293945,52.334999084472656,7745
2022-02-18 12:36:00-05:00,52.34000015258789,52.3650016784668,52.31999969482422,52.349998474121094,2818
2022-02-18 12:37:00-05:00,52.34000015258789,52.34000015258789,52.31999969482422,52.34000015258789,5119
2022-02-18 12:38:00-05:00,52.34000015258789,52.34000015258789,52.334999084472656,52.334999084472656,645
2022-02-18 12:39:00-05:00,52.334999084472656,52.334999084472656,52.33000183105469,52.33000183105469,658
2022-02-18 12:40:00-05:00,52.31999969482422,52.345001220703125,52.31999969482422,52.33000183105469,3425
2022-02-18 12:41:00-05:00,52.334999084472656,52.36000061035156,52.334999084472656,52.349998474121094,8807
2022-02-18 12:42:00-05:00,52.34000015258789,52.380001068115234,52.34000015258789,52.380001068115234,1594
2022-02-18 12:43:00-05:00,52.369998931884766,52.369998931884766,52.33000183105469,52.34000015258789,1210
2022-02-18 12:44:00-05:00,52.330299377441406,52.334999084472656,52.31999969482422,52.31999969482422,5617
2022-02-18 12:45:00-05:00,52.31999969482422,52.33000183105469,52.314998626708984,52.33000183105469,4528
2022-02-18 12:46:00-05:00,52.31999969482422,52.32500076293945,52.31999969482422,52.32279968261719,19095
2022-02-18 12:47:00-05:00,52.31999969482422,52.33000183105469,52.16999816894531,52.16999816894531,39944
2022-02-18 12:48:00-05:00,52.150001525878906,52.150001525878906,52.119998931884766,52.119998931884766,1221
2022-02-18 12:49:00-05:00,52.11000061035156,52.11000061035156,52.060001373291016,52.060001373291016,1746
2022-02-18 12:50:00-05:00,52.060001373291016,52.130001068115234,52.060001373291016,52.130001068115234,6406
2022-02-18 12:51:00-05:00,52.13999938964844,52.150001525878906,52.13999938964844,52.13999938964844,875
2022-02-18 12:52:00-05:00,52.15999984741211,52.15999984741211,52.15840148925781,52.15999984741211,572
2022-02-18 12:53:00-05:00,52.165000915527344,52.18000030517578,52.165000915527344,52.18000030517578,334
2022-02-18 12:54:00-05:00,52.16999816894531,52.19499969482422,52.15999984741211,52.18000030517578,6058
2022-02-18 12:55:00-05:00,52.189998626708984,52.20000076293945,52.18000030517578,52.189998626708984,4773
2022-02-18 12:56:00-05:00,52.20000076293945,52.20000076293945,52.189998626708984,52.20000076293945,5353
2022-02-18 12:57:00-05:00,52.20000076293945,52.220001220703125,52.20000076293945,52.20500183105469,4601
2022-02-18 12:58:00-05:00,52.20000076293945,52.20000076293945,52.189998626708984,52.189998626708984,1228
2022-02-18 12:59:00-05:00,52.20000076293945,52.20000076293945,52.18000030517578,52.189998626708984,4204
2022-02-18 13:00:00-05:00,52.189998626708984,52.20000076293945,52.18000030517578,52.189998626708984,5238
2022-02-18 13:01:00-05:00,52.20000076293945,52.20000076293945,52.17499923706055,52.18000030517578,19603
2022-02-18 13:02:00-05:00,52.189998626708984,52.189998626708984,52.16999816894531,52.189998626708984,9638
2022-02-18 13:03:00-05:00,52.189998626708984,52.22999954223633,52.189998626708984,52.22999954223633,1147
2022-02-18 13:04:00-05:00,52.224998474121094,52.224998474121094,52.20000076293945,52.209999084472656,12961
2022-02-18 13:05:00-05:00,52.20500183105469,52.224998474121094,52.20000076293945,52.224998474121094,5166
2022-02-18 13:06:00-05:00,52.22999954223633,52.22999954223633,52.209999084472656,52.209999084472656,1625
2022-02-18 13:07:00-05:00,52.220001220703125,52.220001220703125,52.20500183105469,52.220001220703125,4434
2022-02-18 13:08:00-05:00,52.220001220703125,52.25,52.220001220703125,52.25,2193
2022-02-18 13:09:00-05:00,52.25,52.25,52.22999954223633,52.2400016784668,11260
2022-02-18 13:10:00-05:00,52.2599983215332,52.27000045776367,52.2599983215332,52.27000045776367,6693
2022-02-18 13:11:00-05:00,52.279998779296875,52.28499984741211,52.27000045776367,52.28499984741211,1850
2022-02-18 13:12:00-05:00,52.279998779296875,52.279998779296875,52.2599983215332,52.26499938964844,14106
2022-02-18 13:13:00-05:00,52.27000045776367,52.29999923706055,52.27000045776367,52.29999923706055,2303
2022-02-18 13:14:00-05:00,52.290000915527344,52.290000915527344,52.27000045776367,52.290000915527344,3828
2022-02-18 13:15:00-05:00,52.279998779296875,52.279998779296875,52.26499938964844,52.27000045776367,4037
2022-02-18 13:16:00-05:00,52.27000045776367,52.27000045776367,52.26499938964844,52.27000045776367,7610
2022-02-18 13:17:00-05:00,52.27000045776367,52.279998779296875,52.2599983215332,52.275001525878906,6852
2022-02-18 13:19:00-05:00,52.279998779296875,52.28499984741211,52.26499938964844,52.275001525878906,5683
2022-02-18 13:20:00-05:00,52.27000045776367,52.29499816894531,52.27000045776367,52.290000915527344,4919
2022-02-18 13:21:00-05:00,52.290000915527344,52.290000915527344,52.275001525878906,52.290000915527344,3886
2022-02-18 13:22:00-05:00,52.290000915527344,52.29999923706055,52.28499984741211,52.28499984741211,4062
2022-02-18 13:23:00-05:00,52.290000915527344,52.34000015258789,52.290000915527344,52.34000015258789,55289
2022-02-18 13:24:00-05:00,52.334999084472656,52.349998474121094,52.31999969482422,52.31999969482422,2429
2022-02-18 13:25:00-05:00,52.31999969482422,52.31999969482422,52.310001373291016,52.310001373291016,2329
2022-02-18 13:26:00-05:00,52.31999969482422,52.31999969482422,52.310001373291016,52.31999969482422,43242
2022-02-18 13:27:00-05:00,52.31999969482422,52.31999969482422,52.25,52.2599983215332,4827
2022-02-18 13:28:00-05:00,52.2599983215332,52.26499938964844,52.209999084472656,52.209999084472656,1523
2022-02-18 13:29:00-05:00,52.220001220703125,52.220001220703125,52.189998626708984,52.20000076293945,2685
2022-02-18 13:30:00-05:00,52.18000030517578,52.189998626708984,52.15999984741211,52.189998626708984,3375
2022-02-18 13:31:00-05:00,52.18000030517578,52.209999084472656,52.18000030517578,52.20000076293945,1743
2022-02-18 13:32:00-05:00,52.18000030517578,52.18000030517578,52.15999984741211,52.15999984741211,502
2022-02-18 13:33:00-05:00,52.16999816894531,52.189998626708984,52.16999816894531,52.18000030517578,1804
2022-02-18 13:34:00-05:00,52.189998626708984,52.20000076293945,52.189998626708984,52.20000076293945,744
2022-02-18 13:35:00-05:00,52.189998626708984,52.189998626708984,52.18000030517578,52.18000030517578,1105
2022-02-18 13:36:00-05:00,52.189998626708984,52.189998626708984,52.165000915527344,52.16999816894531,1934
2022-02-18 13:37:00-05:00,52.18000030517578,52.18000030517578,52.150001525878906,52.15999984741211,2313
2022-02-18 13:38:00-05:00,52.16999816894531,52.18000030517578,52.15999984741211,52.15999984741211,1422
2022-02-18 13:39:00-05:00,52.18000030517578,52.18000030517578,52.16999816894531,52.16999816894531,1044
2022-02-18 13:40:00-05:00,52.16999816894531,52.20000076293945,52.16999816894531,52.19279861450195,5642
2022-02-18 13:41:00-05:00,52.189998626708984,52.20000076293945,52.18000030517578,52.18000030517578,6347
2022-02-18 13:42:00-05:00,52.15999984741211,52.15999984741211,52.14500045776367,52.14500045776367,2652
2022-02-18 13:43:00-05:00,52.13999938964844,52.13999938964844,52.099998474121094,52.109901428222656,2129
2022-02-18 13:44:00-05:00,52.101898193359375,52.14419937133789,52.101898193359375,52.130001068115234,6856
2022-02-18 13:45:00-05:00,52.130001068115234,52.130001068115234,52.119998931884766,52.119998931884766,6820
2022-02-18 13:46:00-05:00,52.14500045776367,52.14500045776367,52.13999938964844,52.13999938964844,3433
2022-02-18 13:47:00-05:00,52.13999938964844,52.13999938964844,52.13010025024414,52.13010025024414,1608
2022-02-18 13:48:00-05:00,52.130001068115234,52.130001068115234,52.1150016784668,52.117000579833984,6606
2022-02-18 13:49:00-05:00,52.11000061035156,52.11000061035156,52.10499954223633,52.10499954223633,887
2022-02-18 13:50:00-05:00,52.099998474121094,52.099998474121094,52.06999969482422,52.06999969482422,5111
2022-02-18 13:51:00-05:00,52.06999969482422,52.10499954223633,52.060001373291016,52.10499954223633,2965
2022-02-18 13:52:00-05:00,52.11000061035156,52.11800003051758,52.109901428222656,52.109901428222656,615
2022-02-18 13:53:00-05:00,52.099998474121094,52.099998474121094,52.094200134277344,52.094200134277344,1650
2022-02-18 13:54:00-05:00,52.099998474121094,52.099998474121094,52.08000183105469,52.08000183105469,1992
2022-02-18 13:55:00-05:00,52.06999969482422,52.07400131225586,52.06999969482422,52.06999969482422,720
2022-02-18 13:56:00-05:00,52.06999969482422,52.06999969482422,52.04499816894531,52.04999923706055,1570
2022-02-18 13:57:00-05:00,52.05500030517578,52.060001373291016,52.04999923706055,52.060001373291016,3089
2022-02-18 13:58:00-05:00,52.04999923706055,52.04999923706055,52.02000045776367,52.02000045776367,1109
2022-02-18 13:59:00-05:00,52.029998779296875,52.03499984741211,52.02000045776367,52.02000045776367,1143
2022-02-18 14:00:00-05:00,52.029998779296875,52.04499816894531,52.0,52.0099983215332,13437
2022-02-18 14:01:00-05:00,52.01279830932617,52.029998779296875,52.01279830932617,52.02000045776367,2162
2022-02-18 14:02:00-05:00,52.0,52.005001068115234,52.0,52.005001068115234,951
2022-02-18 14:03:00-05:00,52.02000045776367,52.03499984741211,52.02000045776367,52.03379821777344,954
2022-02-18 14:04:00-05:00,52.04499816894531,52.08000183105469,52.04499816894531,52.08000183105469,2544
2022-02-18 14:05:00-05:00,52.09000015258789,52.13999938964844,52.09000015258789,52.13999938964844,2924
2022-02-18 14:06:00-05:00,52.13999938964844,52.13999938964844,52.1150016784668,52.125,3833
2022-02-18 14:07:00-05:00,52.11000061035156,52.1150016784668,52.11000061035156,52.1150016784668,790
2022-02-18 14:08:00-05:00,52.130001068115234,52.165000915527344,52.130001068115234,52.15999984741211,2626
2022-02-18 14:09:00-05:00,52.130001068115234,52.130001068115234,52.130001068115234,52.130001068115234,1120
2022-02-18 14:10:00-05:00,52.119998931884766,52.1349983215332,52.119998931884766,52.119998931884766,813
2022-02-18 14:11:00-05:00,52.119998931884766,52.130001068115234,52.11000061035156,52.119998931884766,4170
2022-02-18 14:12:00-05:00,52.119998931884766,52.125,52.11000061035156,52.119998931884766,909
2022-02-18 14:13:00-05:00,52.11009979248047,52.119998931884766,52.11000061035156,52.11000061035156,823
2022-02-18 14:14:00-05:00,52.11000061035156,52.12799835205078,52.11000061035156,52.12799835205078,1054
2022-02-18 14:15:00-05:00,52.130001068115234,52.13999938964844,52.119998931884766,52.130001068115234,4500
2022-02-18 14:16:00-05:00,52.150001525878906,52.150001525878906,52.150001525878906,52.150001525878906,2838
2022-02-18 14:17:00-05:00,52.150001525878906,52.15999984741211,52.150001525878906,52.15999984741211,4203
2022-02-18 14:18:00-05:00,52.16999816894531,52.17499923706055,52.15999984741211,52.15999984741211,2148
2022-02-18 14:19:00-05:00,52.18000030517578,52.189998626708984,52.16999816894531,52.189998626708984,6716
2022-02-18 14:20:00-05:00,52.189998626708984,52.20000076293945,52.189998626708984,52.20000076293945,1382
2022-02-18 14:21:00-05:00,52.189998626708984,52.20000076293945,52.18000030517578,52.20000076293945,7576
2022-02-18 14:22:00-05:00,52.20000076293945,52.20000076293945,52.19499969482422,52.20000076293945,4578
2022-02-18 14:23:00-05:00,52.20500183105469,52.20500183105469,52.18000030517578,52.20000076293945,5884
2022-02-18 14:24:00-05:00,52.21500015258789,52.2599983215332,52.21500015258789,52.255001068115234,6959
2022-02-18 14:25:00-05:00,52.2599983215332,52.27000045776367,52.255001068115234,52.255001068115234,5558
2022-02-18 14:26:00-05:00,52.25,52.26499938964844,52.25,52.2599983215332,14294
2022-02-18 14:27:00-05:00,52.290000915527344,52.290000915527344,52.279998779296875,52.279998779296875,1155
2022-02-18 14:28:00-05:00,52.29999923706055,52.29999923706055,52.290000915527344,52.29999923706055,6011
2022-02-18 14:29:00-05:00,52.290000915527344,52.29999923706055,52.290000915527344,52.29999923706055,5208
2022-02-18 14:30:00-05:00,52.29999923706055,52.29999923706055,52.29499816894531,52.29999923706055,5541
2022-02-18 14:31:00-05:00,52.29999923706055,52.310001373291016,52.29499816894531,52.310001373291016,25846
2022-02-18 14:32:00-05:00,52.30500030517578,52.31999969482422,52.290000915527344,52.31999969482422,3061
2022-02-18 14:33:00-05:00,52.31999969482422,52.31999969482422,52.29999923706055,52.29999923706055,1986
2022-02-18 14:34:00-05:00,52.30500030517578,52.31999969482422,52.29499816894531,52.29999923706055,2851
2022-02-18 14:35:00-05:00,52.29999923706055,52.29999923706055,52.29999923706055,52.29999923706055,1059
2022-02-18 14:36:00-05:00,52.29999923706055,52.29999923706055,52.22999954223633,52.22999954223633,83822
2022-02-18 14:37:00-05:00,52.22999954223633,52.22999954223633,52.18000030517578,52.189998626708984,4142
2022-02-18 14:38:00-05:00,52.18000030517578,52.189998626708984,52.15999984741211,52.189998626708984,2323
2022-02-18 14:39:00-05:00,52.185001373291016,52.185001373291016,52.150001525878906,52.15999984741211,3495
2022-02-18 14:40:00-05:00,52.165000915527344,52.18000030517578,52.130001068115234,52.13999938964844,3166
2022-02-18 14:41:00-05:00,52.15999984741211,52.15999984741211,52.15999984741211,52.15999984741211,916
2022-02-18 14:42:00-05:00,52.16999816894531,52.18000030517578,52.15999984741211,52.17499923706055,2632
2022-02-18 14:43:00-05:00,52.18000030517578,52.189998626708984,52.18000030517578,52.185001373291016,2290
2022-02-18 14:44:00-05:00,52.18000030517578,52.18000030517578,52.16999816894531,52.16999816894531,2051
2022-02-18 14:45:00-05:00,52.18000030517578,52.189998626708984,52.18000030517578,52.189998626708984,1827
2022-02-18 14:46:00-05:00,52.209999084472656,52.209999084472656,52.20000076293945,52.209999084472656,7081
2022-02-18 14:47:00-05:00,52.220001220703125,52.23500061035156,52.220001220703125,52.23500061035156,3847
2022-02-18 14:48:00-05:00,52.2400016784668,52.2400016784668,52.209999084472656,52.23500061035156,3064
2022-02-18 14:49:00-05:00,52.220001220703125,52.2400016784668,52.209999084472656,52.220001220703125,3442
2022-02-18 14:50:00-05:00,52.220001220703125,52.244998931884766,52.209999084472656,52.244998931884766,2551
2022-02-18 14:51:00-05:00,52.244998931884766,52.27000045776367,52.2400016784668,52.244998931884766,14564
2022-02-18 14:52:00-05:00,52.244998931884766,52.255001068115234,52.2400016784668,52.255001068115234,831
2022-02-18 14:53:00-05:00,52.25,52.25,52.22999954223633,52.22999954223633,514
2022-02-18 14:54:00-05:00,52.22999954223633,52.279998779296875,52.22999954223633,52.27000045776367,1943
2022-02-18 14:55:00-05:00,52.27000045776367,52.33000183105469,52.27000045776367,52.31999969482422,2708
2022-02-18 14:56:00-05:00,52.31999969482422,52.349998474121094,52.31999969482422,52.349998474121094,2323
2022-02-18 14:57:00-05:00,52.34000015258789,52.34000015258789,52.33000183105469,52.34000015258789,837
2022-02-18 14:58:00-05:00,52.34000015258789,52.36000061035156,52.34000015258789,52.36000061035156,1296
2022-02-18 14:59:00-05:00,52.36000061035156,52.369998931884766,52.35499954223633,52.36000061035156,1203
2022-02-18 15:00:00-05:00,52.369998931884766,52.375,52.35499954223633,52.35499954223633,2457
2022-02-18 15:01:00-05:00,52.36000061035156,52.380001068115234,52.36000061035156,52.380001068115234,2935
2022-02-18 15:02:00-05:00,52.369998931884766,52.38999938964844,52.369998931884766,52.38999938964844,2883
2022-02-18 15:03:00-05:00,52.375,52.375,52.36000061035156,52.36000061035156,1571
2022-02-18 15:04:00-05:00,52.3650016784668,52.36629867553711,52.33000183105469,52.36000061035156,5068
2022-02-18 15:05:00-05:00,52.35499954223633,52.369998931884766,52.349998474121094,52.36000061035156,8581
2022-02-18 15:06:00-05:00,52.349998474121094,52.349998474121094,52.30500030517578,52.33000183105469,5553
2022-02-18 15:07:00-05:00,52.34000015258789,52.349998474121094,52.310001373291016,52.310001373291016,3364
2022-02-18 15:08:00-05:00,52.310001373291016,52.310001373291016,52.290000915527344,52.290000915527344,1153
2022-02-18 15:09:00-05:00,52.30500030517578,52.30500030517578,52.290000915527344,52.29999923706055,1406
2022-02-18 15:10:00-05:00,52.310001373291016,52.334999084472656,52.310001373291016,52.334999084472656,1105
2022-02-18 15:11:00-05:00,52.310001373291016,52.310001373291016,52.279998779296875,52.29999923706055,3542
2022-02-18 15:12:00-05:00,52.310001373291016,52.310001373291016,52.29999923706055,52.29999923706055,1675
2022-02-18 15:13:00-05:00,52.310001373291016,52.310001373291016,52.30500030517578,52.30500030517578,2202
2022-02-18 15:14:00-05:00,52.29999923706055,52.310001373291016,52.29999923706055,52.30630111694336,1601
2022-02-18 15:16:00-05:00,52.30500030517578,52.31999969482422,52.30500030517578,52.31999969482422,2478
2022-02-18 15:17:00-05:00,52.33000183105469,52.33000183105469,52.30500030517578,52.30500030517578,2970
2022-02-18 15:18:00-05:00,52.314300537109375,52.314300537109375,52.314300537109375,52.314300537109375,240
2022-02-18 15:19:00-05:00,52.310001373291016,52.310001373291016,52.25,52.27000045776367,4660
2022-02-18 15:20:00-05:00,52.27000045776367,52.29499816894531,52.27000045776367,52.29499816894531,2460
2022-02-18 15:21:00-05:00,52.29499816894531,52.30500030517578,52.290000915527344,52.290000915527344,1139
2022-02-18 15:22:00-05:00,52.290000915527344,52.30500030517578,52.290000915527344,52.30500030517578,1832
2022-02-18 15:23:00-05:00,52.290000915527344,52.290000915527344,52.279998779296875,52.290000915527344,4292
2022-02-18 15:24:00-05:00,52.290000915527344,52.29499816894531,52.279998779296875,52.279998779296875,2602
2022-02-18 15:25:00-05:00,52.279998779296875,52.279998779296875,52.2599983215332,52.279998779296875,1855
2022-02-18 15:26:00-05:00,52.29499816894531,52.297000885009766,52.290000915527344,52.290000915527344,1020
2022-02-18 15:27:00-05:00,52.279998779296875,52.29999923706055,52.2400016784668,52.2400016784668,2860
2022-02-18 15:28:00-05:00,52.2400016784668,52.26499938964844,52.2400016784668,52.26499938964844,2057
2022-02-18 15:29:00-05:00,52.25,52.25,52.209999084472656,52.22999954223633,7044
2022-02-18 15:30:00-05:00,52.2400016784668,52.2400016784668,52.209999084472656,52.2400016784668,8952
2022-02-18 15:31:00-05:00,52.2400016784668,52.2400016784668,52.209999084472656,52.220001220703125,9331
2022-02-18 15:32:00-05:00,52.20000076293945,52.220001220703125,52.18000030517578,52.21500015258789,13154
2022-02-18 15:33:00-05:00,52.21500015258789,52.220001220703125,52.20500183105469,52.209999084472656,7405
2022-02-18 15:34:00-05:00,52.20500183105469,52.220001220703125,52.20500183105469,52.220001220703125,5132
2022-02-18 15:35:00-05:00,52.21500015258789,52.255001068115234,52.209999084472656,52.2400016784668,8348
2022-02-18 15:36:00-05:00,52.22999954223633,52.22999954223633,52.19499969482422,52.209999084472656,12756
2022-02-18 15:37:00-05:00,52.209999084472656,52.209999084472656,52.18000030517578,52.189998626708984,8064
2022-02-18 15:38:00-05:00,52.20000076293945,52.2400016784668,52.20000076293945,52.2400016784668,8132
2022-02-18 15:39:00-05:00,52.224998474121094,52.25,52.21500015258789,52.25,6679
2022-02-18 15:40:00-05:00,52.2400016784668,52.26499938964844,52.2400016784668,52.25,8468
2022-02-18 15:41:00-05:00,52.2599983215332,52.275001525878906,52.25270080566406,52.26499938964844,3227
2022-02-18 15:42:00-05:00,52.26499938964844,52.31999969482422,52.26499938964844,52.310001373291016,20160
2022-02-18 15:43:00-05:00,52.310001373291016,52.32500076293945,52.29999923706055,52.30009841918945,5164
2022-02-18 15:44:00-05:00,52.29999923706055,52.400001525878906,52.29999923706055,52.380001068115234,26213
2022-02-18 15:45:00-05:00,52.38999938964844,52.415000915527344,52.3849983215332,52.400001525878906,11231
2022-02-18 15:46:00-05:00,52.38999938964844,52.38999938964844,52.314998626708984,52.314998626708984,14688
2022-02-18 15:47:00-05:00,52.29999923706055,52.310001373291016,52.28499984741211,52.29499816894531,11049
2022-02-18 15:48:00-05:00,52.28499984741211,52.28499984741211,52.244998931884766,52.244998931884766,5784
2022-02-18 15:49:00-05:00,52.25,52.38999938964844,52.25,52.36000061035156,41183
2022-02-18 15:50:00-05:00,52.34000015258789,52.34000015258789,52.2599983215332,52.279998779296875,12824
2022-02-18 15:51:00-05:00,52.279998779296875,52.34000015258789,52.23500061035156,52.34000015258789,22545
2022-02-18 15:52:00-05:00,52.33000183105469,52.380001068115234,52.25,52.369998931884766,55224
2022-02-18 15:53:00-05:00,52.36000061035156,52.41999816894531,52.349998474121094,52.400001525878906,43004
2022-02-18 15:54:00-05:00,52.400001525878906,52.41999816894531,52.334999084472656,52.40999984741211,51088
2022-02-18 15:55:00-05:00,52.400001525878906,52.41999816894531,52.39500045776367,52.40999984741211,52205
2022-02-18 15:56:00-05:00,52.400001525878906,52.40999984741211,52.380001068115234,52.400001525878906,22000
2022-02-18 15:57:00-05:00,52.400001525878906,52.40999984741211,52.380001068115234,52.3931999206543,72050
2022-02-18 15:58:00-05:00,52.400001525878906,52.40169906616211,52.32350158691406,52.33000183105469,32402
2022-02-18 15:59:00-05:00,52.33000183105469,52.5099983215332,52.263301849365234,52.470001220703125,276388
2022-02-18 16:00:00-05:00,52.48,52.48,52.45,52.45,32065
2022-02-18 16:42:00-05:00,52.45,52.45,52.45,52.45,0
2022-02-18 17:59:00-05:00,52.88,52.88,52.88,52.88,0
