Date,Open,High,Low,Close,Volume
2014-05-12,11.399999618530273,15.75,11.0600004196167,15.25,10289000
2014-05-19,16.0,18.170000076293945,14.800000190734863,16.360000610351562,5057000
2014-05-26,16.5,18.450000762939453,15.829999923706055,15.979999542236328,1108200
2014-06-02,15.949999809265137,16.0,14.170000076293945,15.390000343322754,1217500
2014-06-09,15.239999771118164,18.75,14.760000228881836,16.75,1759500
2014-06-16,16.690000534057617,18.290000915527344,16.190000534057617,17.559999465942383,1049600
2014-06-23,17.489999771118164,18.399999618530273,17.15999984741211,17.15999984741211,1555300
2014-06-30,17.270000457763672,17.600000381469727,16.15999984741211,16.510000228881836,718500
2014-07-07,16.510000228881836,16.510000228881836,15.5,15.9399995803833,1012800
2014-07-14,16.040000915527344,17.770000457763672,16.040000915527344,17.639999389648438,1004900
2014-07-21,17.6200008392334,17.8799991607666,16.850000381469727,17.049999237060547,823200
2014-07-28,17.0,18.0,16.799999237060547,17.549999237060547,859600
2014-08-04,17.579999923706055,21.450000762939453,17.309999465942383,21.290000915527344,2197500
2014-08-11,21.389999389648438,24.440000534057617,21.350000381469727,23.979999542236328,1107100
2014-08-18,24.25,25.440000534057617,23.770000457763672,24.940000534057617,609000
2014-08-25,24.969999313354492,27.959999084472656,24.760000228881836,27.190000534057617,778700
2014-09-01,27.68000030517578,28.049999237060547,23.8700008392334,24.670000076293945,717700
2014-09-08,24.670000076293945,25.450000762939453,23.450000762939453,23.5,1014800
2014-09-15,23.420000076293945,24.1299991607666,21.469999313354492,22.649999618530273,1989200
2014-09-22,22.530000686645508,22.739999771118164,20.82900047302246,21.899999618530273,718800
2014-09-29,21.56999969482422,25.850000381469727,21.010000228881836,25.549999237060547,1376400
2014-10-06,25.700000762939453,25.700000762939453,20.5,20.520000457763672,1802300
2014-10-13,20.56999969482422,22.940000534057617,19.389999389648438,22.079999923706055,1952000
2014-10-20,21.829999923706055,22.110000610351562,19.899999618530273,21.09000015258789,1133300
2014-10-27,20.989999771118164,28.200000762939453,20.5,26.0,2605100
2014-11-03,25.889999389648438,27.3700008392334,24.219999313354492,24.649999618530273,2532100
2014-11-10,24.5,25.559999465942383,22.809999465942383,25.049999237060547,4313500
2014-11-17,23.889999389648438,25.049999237060547,23.68000030517578,24.3799991607666,3339300
2014-11-24,24.010000228881836,24.739999771118164,23.020000457763672,23.760000228881836,2051400
2014-12-01,23.010000228881836,24.350000381469727,22.059999465942383,23.889999389648438,2759500
2014-12-08,23.459999084472656,24.700000762939453,22.8799991607666,23.389999389648438,3003100
2014-12-15,23.290000915527344,24.90999984741211,22.100000381469727,24.6299991607666,4569500
2014-12-22,24.700000762939453,25.020000457763672,24.280000686645508,25.0,1811000
2014-12-29,25.010000228881836,25.020000457763672,23.899999618530273,24.56999969482422,1259900
2015-01-05,24.3700008392334,25.670000076293945,23.309999465942383,25.149999618530273,2086800
2015-01-12,25.139999389648438,25.489999771118164,24.125,24.579999923706055,1342900
2015-01-19,24.709999084472656,26.0,23.68000030517578,25.920000076293945,1129700
2015-01-26,25.6299991607666,25.799999237060547,23.799999237060547,24.190000534057617,1596200
2015-02-02,24.299999237060547,26.079999923706055,22.84000015258789,26.079999923706055,1243000
2015-02-09,25.969999313354492,26.3700008392334,22.239999771118164,25.3799991607666,3901900
2015-02-16,24.90999984741211,25.219999313354492,22.735000610351562,24.260000228881836,2029900
2015-02-23,24.190000534057617,24.719999313354492,23.78499984741211,24.719999313354492,1820200
2015-03-02,24.719999313354492,24.729999542236328,22.325000762939453,23.010000228881836,1796100
2015-03-09,23.049999237060547,23.1299991607666,21.270000457763672,22.540000915527344,2548000
2015-03-16,22.719999313354492,23.90999984741211,21.739999771118164,22.170000076293945,7478100
2015-03-23,22.100000381469727,23.209999084472656,21.65999984741211,22.219999313354492,4723500
2015-03-30,22.3700008392334,22.93000030517578,22.239999771118164,22.520000457763672,2073200
2015-04-06,22.299999237060547,23.360000610351562,22.229999542236328,22.770000457763672,1638800
2015-04-13,22.709999084472656,23.959999084472656,22.299999237060547,23.389999389648438,1878000
2015-04-20,23.450000762939453,24.010000228881836,23.34000015258789,23.420000076293945,1632200
2015-04-27,23.469999313354492,23.920000076293945,22.530000686645508,22.549999237060547,1628500
2015-05-04,22.549999237060547,23.600000381469727,20.27899932861328,23.06999969482422,4530200
2015-05-11,23.0,23.600000381469727,21.700000762939453,22.290000915527344,3145800
2015-05-18,21.399999618530273,22.8700008392334,21.3700008392334,22.649999618530273,2885200
2015-05-25,22.049999237060547,23.18000030517578,21.985000610351562,23.030000686645508,1935400
2015-06-01,23.100000381469727,23.420000076293945,21.8799991607666,23.420000076293945,2933600
2015-06-08,23.420000076293945,23.5,22.43000030517578,22.889999389648438,3215300
2015-06-15,22.709999084472656,24.1299991607666,22.165000915527344,24.079999923706055,6134800
2015-06-22,24.1200008392334,24.68000030517578,23.549999237060547,23.649999618530273,6932700
2015-06-29,23.559999465942383,23.56999969482422,21.09000015258789,21.549999237060547,2717200
2015-07-06,21.31999969482422,21.530000686645508,20.0,21.440000534057617,2697200
2015-07-13,21.489999771118164,21.969999313354492,20.920000076293945,21.450000762939453,2797200
2015-07-20,21.40999984741211,22.0,21.1200008392334,21.479999542236328,2059200
2015-07-27,21.350000381469727,21.399999618530273,19.920000076293945,20.6299991607666,2957200
2015-08-03,20.579999923706055,23.56999969482422,20.1200008392334,22.100000381469727,7800600
2015-08-10,22.06999969482422,22.356000900268555,19.8700008392334,20.68000030517578,3707500
2015-08-17,20.31999969482422,21.280000686645508,19.5,20.219999313354492,2876100
2015-08-24,18.959999084472656,20.530000686645508,17.93000030517578,20.440000534057617,3346700
2015-08-31,20.290000915527344,21.110000610351562,20.059999465942383,20.75,3016800
2015-09-07,20.979999542236328,21.809999465942383,20.549999237060547,21.739999771118164,2125600
2015-09-14,21.68000030517578,21.829999923706055,20.920000076293945,21.700000762939453,3403800
2015-09-21,21.670000076293945,21.84000015258789,20.489999771118164,20.610000610351562,1690400
2015-09-28,20.610000610351562,20.809999465942383,19.31999969482422,20.809999465942383,2093400
2015-10-05,20.93000030517578,20.989999771118164,19.690000534057617,20.65999984741211,2106600
2015-10-12,20.579999923706055,21.31999969482422,18.75,20.450000762939453,2626200
2015-10-19,20.389999389648438,20.709999084472656,19.100000381469727,19.889999389648438,2049000
2015-10-26,19.90999984741211,20.25,19.309999465942383,20.1200008392334,2379700
2015-11-02,20.190000534057617,24.15999984741211,20.03499984741211,22.959999084472656,6990200
2015-11-09,22.899999618530273,24.049999237060547,22.6299991607666,22.639999389648438,3355900
2015-11-16,22.219999313354492,26.06999969482422,22.219999313354492,24.940000534057617,6731700
2015-11-23,24.899999618530273,25.940000534057617,24.59000015258789,25.510000228881836,2309900
2015-11-30,25.6200008392334,27.540000915527344,25.280000686645508,27.329999923706055,5178000
2015-12-07,27.25,27.530000686645508,26.149999618530273,26.579999923706055,4365400
2015-12-14,26.530000686645508,27.0,25.290000915527344,25.399999618530273,4540700
2015-12-21,25.520000457763672,26.700000762939453,25.239999771118164,26.540000915527344,1759400
2015-12-28,26.420000076293945,26.799999237060547,26.059999465942383,26.440000534057617,1982000
2016-01-04,25.969999313354492,26.280000686645508,23.520000457763672,23.65999984741211,4502100
2016-01-11,23.770000457763672,24.6299991607666,22.31999969482422,23.100000381469727,3903900
2016-01-18,23.270000457763672,24.489999771118164,21.030000686645508,23.229999542236328,3151000
2016-01-25,23.15999984741211,23.15999984741211,20.75,22.010000228881836,3701700
2016-02-01,21.760000228881836,22.219999313354492,16.59000015258789,16.979999542236328,7260000
2016-02-08,16.030000686645508,16.68000030517578,14.385000228881836,15.829999923706055,9086000
2016-02-15,16.040000915527344,17.649999618530273,15.09000015258789,17.110000610351562,8529100
2016-02-22,17.139999389648438,18.850000381469727,16.889999389648438,18.549999237060547,6157700
2016-02-29,18.5,19.850000381469727,18.299999237060547,19.829999923706055,5558500
2016-03-07,19.65999984741211,20.809999465942383,19.5,20.09000015258789,4626700
2016-03-14,20.030000686645508,20.229999542236328,18.709999084472656,20.09000015258789,4349000
2016-03-21,20.0,20.545000076293945,18.979999542236328,19.520000457763672,2459400
2016-03-28,19.780000686645508,21.030000686645508,19.15999984741211,21.0,3547700
2016-04-04,20.989999771118164,22.0,20.56999969482422,20.690000534057617,2640000
2016-04-11,20.780000686645508,21.770000457763672,20.260000228881836,21.65999984741211,2727400
2016-04-18,21.5,23.770000457763672,21.3700008392334,23.18000030517578,3519700
2016-04-25,23.200000762939453,23.6299991607666,22.46500015258789,22.600000381469727,3091100
2016-05-02,22.790000915527344,26.0,22.479999542236328,23.440000534057617,8020600
2016-05-09,23.34000015258789,24.639999389648438,23.170000076293945,23.469999313354492,4378100
2016-05-16,23.3700008392334,24.3700008392334,22.8799991607666,24.360000610351562,4288300
2016-05-23,24.299999237060547,25.09000015258789,23.719999313354492,24.479999542236328,4485800
2016-05-30,24.399999618530273,26.209999084472656,24.15999984741211,26.170000076293945,6320400
2016-06-06,26.110000610351562,28.0,25.6299991607666,26.899999618530273,5296800
2016-06-13,26.8700008392334,27.493000030517578,26.600000381469727,27.010000228881836,4632200
2016-06-20,27.31999969482422,27.899999618530273,25.959999084472656,26.0,7594900
2016-06-27,25.5,27.030000686645508,23.649999618530273,26.799999237060547,4827100
2016-07-04,26.5,28.229999542236328,26.291000366210938,28.18000030517578,3327200
2016-07-11,28.5,29.760000228881836,28.219999313354492,28.780000686645508,4132600
2016-07-18,28.8799991607666,29.18000030517578,27.700000762939453,28.15999984741211,4106900
2016-07-25,28.309999465942383,30.309999465942383,27.829999923706055,30.239999771118164,4558300
2016-08-01,30.440000534057617,30.600000381469727,26.799999237060547,30.139999389648438,7118400
2016-08-08,30.110000610351562,31.389999389648438,29.760000228881836,30.469999313354492,5174900
2016-08-15,30.459999084472656,30.809999465942383,29.290000915527344,30.540000915527344,4066400
2016-08-22,30.31999969482422,31.360000610351562,30.31999969482422,31.139999389648438,3373200
2016-08-29,31.149999618530273,31.43000030517578,30.030000686645508,31.40999984741211,3563700
2016-09-05,31.420000076293945,31.875,29.889999389648438,29.979999542236328,3445200
2016-09-12,29.700000762939453,30.450000762939453,29.100000381469727,30.0,4539700
2016-09-19,30.270000457763672,31.0,29.3799991607666,29.81999969482422,3045100
2016-09-26,29.670000076293945,31.09000015258789,29.200000762939453,30.709999084472656,3499200
2016-10-03,30.600000381469727,31.15999984741211,29.219999313354492,29.520000457763672,2599600
2016-10-10,29.610000610351562,30.399999618530273,26.809999465942383,27.59000015258789,3360500
2016-10-17,27.489999771118164,27.6299991607666,26.100000381469727,26.700000762939453,5351800
2016-10-24,26.8700008392334,27.360000610351562,25.600000381469727,25.940000534057617,2947400
2016-10-31,25.959999084472656,26.440000534057617,22.010000228881836,22.90999984741211,12368400
2016-11-07,23.639999389648438,25.354999542236328,23.440000534057617,24.559999465942383,9000800
2016-11-14,24.809999465942383,24.940000534057617,22.049999237060547,22.270000457763672,7197700
2016-11-21,22.40999984741211,23.209999084472656,22.09000015258789,22.56999969482422,3850100
2016-11-28,22.459999084472656,22.5,19.770000457763672,21.170000076293945,8498400
2016-12-05,19.989999771118164,22.649999618530273,19.920000076293945,22.649999618530273,6893200
2016-12-12,22.479999542236328,23.30500030517578,21.8700008392334,22.299999237060547,8533900
2016-12-19,22.43000030517578,22.549999237060547,20.860000610351562,21.040000915527344,4468000
2016-12-26,21.09000015258789,21.85700035095215,20.950000762939453,21.200000762939453,2655100
2017-01-02,21.520000457763672,22.6200008392334,21.43000030517578,22.469999313354492,4084800
2017-01-09,22.43000030517578,24.81999969482422,22.270000457763672,24.760000228881836,6519500
2017-01-16,24.309999465942383,24.459999084472656,22.200000762939453,24.06999969482422,7771000
2017-01-23,23.850000381469727,24.889999389648438,23.59000015258789,23.719999313354492,3991300
2017-01-30,23.5,24.760000228881836,22.8799991607666,24.639999389648438,3670900
2017-02-06,24.469999313354492,29.530000686645508,24.149999618530273,27.65999984741211,12251200
2017-02-13,27.729999542236328,28.239999771118164,26.709999084472656,27.889999389648438,6926400
2017-02-20,27.549999237060547,28.1299991607666,27.097999572753906,27.920000076293945,4191400
2017-02-27,27.899999618530273,28.40999984741211,27.010000228881836,27.1200008392334,4719700
2017-03-06,26.899999618530273,27.559999465942383,26.59000015258789,27.329999923706055,3667400
2017-03-13,27.329999923706055,28.0,27.209999084472656,27.6200008392334,4132700
2017-03-20,27.579999923706055,28.100000381469727,26.360000610351562,26.860000610351562,3271300
2017-03-27,26.450000762939453,28.15999984741211,26.270000457763672,28.040000915527344,3195400
2017-04-03,28.030000686645508,28.25,26.850000381469727,27.149999618530273,3042900
2017-04-10,27.190000534057617,28.579999923706055,27.040000915527344,28.18000030517578,3162800
2017-04-17,28.190000534057617,28.860000610351562,27.940000534057617,28.329999923706055,4986000
2017-04-24,28.670000076293945,28.979999542236328,28.190000534057617,28.75,5877800
2017-05-01,28.809999465942383,30.239999771118164,26.81999969482422,27.600000381469727,10458900
2017-05-08,27.459999084472656,27.889999389648438,25.639999389648438,27.299999237060547,8748100
2017-05-15,27.290000915527344,27.558000564575195,24.780000686645508,24.889999389648438,9677000
2017-05-22,24.760000228881836,26.899999618530273,24.485000610351562,26.739999771118164,6243200
2017-05-29,26.540000915527344,27.670000076293945,25.809999465942383,27.450000762939453,4556500
2017-06-05,27.40999984741211,27.899999618530273,25.530000686645508,26.1200008392334,5827500
2017-06-12,25.860000610351562,27.219999313354492,24.709999084472656,27.139999389648438,5932100
2017-06-19,27.40999984741211,29.655000686645508,27.149999618530273,29.59000015258789,7479200
2017-06-26,29.389999389648438,29.389999389648438,27.059999465942383,27.780000686645508,5064600
2017-07-03,27.899999618530273,28.197999954223633,26.850000381469727,28.030000686645508,2764500
2017-07-10,28.040000915527344,28.81999969482422,27.489999771118164,28.459999084472656,4097600
2017-07-17,28.43000030517578,29.59000015258789,27.93000030517578,29.15999984741211,2774100
2017-07-24,29.260000228881836,31.360000610351562,29.000999450683594,30.010000228881836,4847600
2017-07-31,30.100000381469727,30.31999969482422,27.790000915527344,29.190000534057617,6172700
2017-08-07,29.0,29.0,25.09000015258789,26.290000915527344,9948700
2017-08-14,26.610000610351562,27.399999618530273,26.350000381469727,26.6200008392334,3203300
2017-08-21,26.600000381469727,27.75,26.329999923706055,27.139999389648438,2782900
2017-08-28,27.3700008392334,27.639999389648438,26.84000015258789,27.479999542236328,3206600
2017-09-04,27.329999923706055,28.579999923706055,27.219999313354492,28.100000381469727,2765800
2017-09-11,28.5,29.56999969482422,28.469999313354492,28.65999984741211,4262600
2017-09-18,28.719999313354492,29.229999542236328,28.040000915527344,28.059999465942383,2250000
2017-09-25,28.059999465942383,29.170000076293945,27.09000015258789,29.110000610351562,3411600
2017-10-02,29.110000610351562,31.1299991607666,29.06999969482422,31.110000610351562,3716200
2017-10-09,29.389999389648438,31.950000762939453,28.809999465942383,29.90999984741211,6135700
2017-10-16,29.969999313354492,31.309999465942383,29.450000762939453,31.299999237060547,2383000
2017-10-23,31.450000762939453,31.459999084472656,29.75,30.290000915527344,3370800
2017-10-30,30.100000381469727,35.0,29.56999969482422,33.970001220703125,8233200
2017-11-06,33.79999923706055,35.88999938964844,33.58000183105469,35.27000045776367,5946500
2017-11-13,35.0,35.59000015258789,33.709999084472656,34.43000030517578,4704900
2017-11-20,34.38999938964844,35.779998779296875,34.25,35.59000015258789,3112700
2017-11-27,35.63999938964844,35.7599983215332,32.56999969482422,33.38999938964844,4824900
2017-12-04,33.77000045776367,34.650001525878906,31.900999069213867,33.709999084472656,3012300
2017-12-11,34.0,34.650001525878906,33.720001220703125,34.2400016784668,2866200
2017-12-18,34.5099983215332,34.790000915527344,33.1349983215332,33.66999816894531,3029600
2017-12-25,33.470001220703125,34.209999084472656,33.2599983215332,33.84000015258789,1216600
2018-01-01,33.97999954223633,35.400001525878906,33.435001373291016,34.970001220703125,2631800
2018-01-08,35.0,37.709999084472656,34.459999084472656,37.5099983215332,3524100
2018-01-15,37.810001373291016,38.83000183105469,35.849998474121094,37.06999969482422,3495500
2018-01-22,37.11000061035156,39.2599983215332,36.83000183105469,39.06999969482422,4420400
2018-01-29,38.939998626708984,39.29999923706055,37.65999984741211,37.939998626708984,3738900
2018-02-05,37.68000030517578,42.349998474121094,36.060001373291016,39.099998474121094,10413200
2018-02-12,39.31999969482422,42.970001220703125,39.16999816894531,42.380001068115234,5519300
2018-02-19,41.9900016784668,43.83000183105469,41.77000045776367,42.54999923706055,3380900
2018-02-26,42.75,44.689998626708984,42.0099983215332,44.61000061035156,4361800
2018-03-05,44.29999923706055,47.290000915527344,43.849998474121094,45.939998626708984,5302000
2018-03-12,46.209999084472656,49.41999816894531,45.34000015258789,46.91999816894531,12335300
2018-03-19,46.56999969482422,49.08700180053711,45.209999084472656,46.70000076293945,8142100
2018-03-26,47.810001373291016,50.150001525878906,45.29999923706055,47.869998931884766,6879100
2018-04-02,47.439998626708984,47.56999969482422,44.41999816894531,45.09000015258789,5642200
2018-04-09,45.70000076293945,49.13999938964844,45.11000061035156,48.849998474121094,5554900
2018-04-16,49.08000183105469,50.90999984741211,48.2400016784668,48.459999084472656,5421700
2018-04-23,48.619998931884766,49.709999084472656,45.599998474121094,48.470001220703125,6412700
2018-04-30,48.529998779296875,54.25,48.02000045776367,53.650001525878906,11219200
2018-05-07,53.84000015258789,57.310001373291016,53.66999816894531,56.029998779296875,6268200
2018-05-14,56.400001525878906,57.029998779296875,53.31999969482422,56.34000015258789,6161600
2018-05-21,57.0,57.209999084472656,53.84000015258789,56.33000183105469,3641900
2018-05-28,56.02000045776367,57.2400016784668,55.70000076293945,56.84000015258789,3752700
2018-06-04,57.25,58.400001525878906,53.93000030517578,56.7400016784668,6179500
2018-06-11,56.75,60.2599983215332,56.369998931884766,58.90999984741211,6034900
2018-06-18,58.369998931884766,59.891998291015625,54.20000076293945,54.7599983215332,15570700
2018-06-25,54.7599983215332,55.44900131225586,51.720001220703125,54.4900016784668,10304400
2018-07-02,54.220001220703125,58.02000045776367,53.849998474121094,57.65999984741211,4741100
2018-07-09,57.90999984741211,60.439998626708984,56.70000076293945,59.68000030517578,5614400
2018-07-16,59.63999938964844,60.83000183105469,58.59000015258789,60.58000183105469,4373200
2018-07-23,60.5,61.83000183105469,57.11000061035156,58.04999923706055,6066800
2018-07-30,57.91999816894531,63.09000015258789,53.25,61.06999969482422,13917700
2018-08-06,60.52000045776367,64.30999755859375,60.45000076293945,62.900001525878906,5263700
2018-08-13,62.81999969482422,64.125,60.79999923706055,61.709999084472656,5576800
2018-08-20,61.560001373291016,66.87000274658203,60.90999984741211,66.76000213623047,5101800
2018-08-27,67.37000274658203,69.9800033569336,66.33000183105469,68.88999938964844,5794300
2018-09-03,68.83999633789062,69.76000213623047,66.37999725341797,69.05999755859375,4457100
2018-09-10,69.23999786376953,72.2300033569336,68.75800323486328,71.94000244140625,5018300
2018-09-17,71.54000091552734,72.18000030517578,66.3499984741211,67.30999755859375,6550500
2018-09-24,66.75,72.05999755859375,65.88999938964844,71.0,6079400
2018-10-01,71.43000030517578,72.76000213623047,64.5999984741211,65.80000305175781,5629900
2018-10-08,65.2699966430664,65.88999938964844,58.5099983215332,61.61000061035156,9596000
2018-10-15,61.43000030517578,63.82899856567383,57.709999084472656,57.81999969482422,9074800
2018-10-22,58.0,59.845001220703125,54.08000183105469,55.68000030517578,9020500
2018-10-29,56.869998931884766,58.439998626708984,52.54999923706055,55.16999816894531,18421600
2018-11-05,55.11000061035156,58.34000015258789,51.93000030517578,54.400001525878906,9405500
2018-11-12,54.70000076293945,56.79999923706055,51.66999816894531,54.91999816894531,13076400
2018-11-19,54.540000915527344,55.81999969482422,45.599998474121094,53.099998474121094,11758000
2018-11-26,53.7599983215332,60.09000015258789,51.369998931884766,59.43000030517578,10813900
2018-12-03,61.18000030517578,61.79999923706055,56.709999084472656,58.400001525878906,7493800
2018-12-10,57.95000076293945,62.720001220703125,57.2400016784668,59.86000061035156,9735000
2018-12-17,59.25,59.59000015258789,50.619998931884766,51.25,10549800
2018-12-24,50.27000045776367,58.36000061035156,50.04999923706055,57.25,4257500
2018-12-31,58.04999923706055,59.404998779296875,55.33000183105469,58.220001220703125,5986900
2019-01-07,59.380001068115234,63.84000015258789,58.70000076293945,62.45000076293945,7129500
2019-01-14,61.31999969482422,65.62999725341797,61.0,65.02999877929688,7753600
2019-01-21,64.58000183105469,66.81999969482422,63.40999984741211,65.79000091552734,6674100
2019-01-28,65.16999816894531,69.19999694824219,64.4000015258789,69.08000183105469,8298400
2019-02-04,69.47000122070312,78.8499984741211,68.08000183105469,76.37999725341797,21560800
2019-02-11,77.04000091552734,79.83000183105469,75.83999633789062,78.7300033569336,8800800
2019-02-18,78.31999969482422,79.72000122070312,75.66000366210938,78.83999633789062,7483500
2019-02-25,79.72000122070312,80.62999725341797,78.07499694824219,80.2699966430664,8950900
2019-03-04,80.7300033569336,80.9800033569336,73.83999633789062,77.19999694824219,11096400
2019-03-11,77.43000030517578,83.83000183105469,77.38999938964844,82.5999984741211,11495500
2019-03-18,82.5999984741211,86.12999725341797,81.2969970703125,82.81999969482422,7974100
2019-03-25,82.11000061035156,85.5,80.91000366210938,85.0,6151100
2019-04-01,86.01000213623047,86.8499984741211,80.1500015258789,81.70999908447266,6927900
2019-04-08,81.55000305175781,84.91000366210938,79.69999694824219,83.19999694824219,5431000
2019-04-15,83.0,84.12000274658203,78.43000030517578,80.9000015258789,6289500
2019-04-22,80.87000274658203,86.08999633789062,80.25499725341797,85.7699966430664,7073300
2019-04-29,86.44000244140625,87.91999816894531,81.61000061035156,86.94999694824219,12004800
2019-05-06,84.63999938964844,89.06999969482422,83.5199966430664,88.58000183105469,7645800
2019-05-13,86.22000122070312,90.0,82.23999786376953,87.95999908447266,7497800
2019-05-20,86.51000213623047,90.0,85.20999908447266,88.0199966430664,5304600
2019-05-27,88.36000061035156,90.52999877929688,83.16000366210938,84.25,5440800
2019-06-03,84.05000305175781,89.56999969482422,77.61000061035156,89.37000274658203,12193400
2019-06-10,90.30000305175781,93.72000122070312,85.83000183105469,86.80999755859375,8390800
2019-06-17,87.0,93.18499755859375,86.54000091552734,92.55000305175781,7366100
2019-06-24,91.9800033569336,92.66999816894531,85.66999816894531,89.02999877929688,7168300
2019-07-01,91.2300033569336,92.55000305175781,89.06999969482422,91.94000244140625,3890900
2019-07-08,91.4000015258789,94.88999938964844,90.7699966430664,93.62000274658203,5549500
2019-07-15,93.87999725341797,94.43499755859375,90.48999786376953,90.69000244140625,4669000
2019-07-22,91.20999908447266,94.83000183105469,90.11000061035156,93.73999786376953,5472300
2019-07-29,94.18000030517578,94.23999786376953,78.91600036621094,80.19999694824219,21207900
2019-08-05,77.45999908447266,78.87000274658203,74.48999786376953,76.33999633789062,12623300
2019-08-12,75.62999725341797,78.87000274658203,73.16000366210938,76.30000305175781,8489800
2019-08-19,77.5199966430664,82.62999725341797,76.0,80.38999938964844,8268900
2019-08-26,81.0,84.1500015258789,78.45999908447266,80.19999694824219,6513500
2019-09-02,79.30999755859375,80.88999938964844,77.79499816894531,78.30999755859375,4003600
2019-09-09,78.69999694824219,78.85700225830078,72.25,73.45999908447266,10097600
2019-09-16,72.76000213623047,78.52999877929688,71.91000366210938,77.48999786376953,6456200
2019-09-23,77.08000183105469,78.33000183105469,70.1500015258789,72.08000183105469,9120800
2019-09-30,71.98999786376953,74.83999633789062,68.13999938964844,74.80000305175781,10590400
2019-10-07,74.2699966430664,75.70999908447266,69.3499984741211,71.87999725341797,8841900
2019-10-14,71.55999755859375,73.26000213623047,63.470001220703125,64.4000015258789,16761500
2019-10-21,64.5,66.4000015258789,62.3849983215332,66.13999938964844,17236400
2019-10-28,66.55000305175781,73.0,65.47000122070312,72.2300033569336,17253100
2019-11-04,72.45999908447266,72.67500305175781,69.12999725341797,70.83000183105469,7401600
2019-11-11,70.9000015258789,75.72000122070312,70.48600006103516,75.44000244140625,6604300
2019-11-18,75.4000015258789,80.16999816894531,75.0199966430664,78.9000015258789,8186700
2019-11-25,79.13999938964844,80.29000091552734,78.0,79.0,4766100
2019-12-02,78.77999877929688,78.77999877929688,72.05000305175781,75.69999694824219,5910200
2019-12-09,75.37000274658203,75.94999694824219,71.83999633789062,75.75,5567300
2019-12-16,75.93000030517578,77.76000213623047,75.11000061035156,77.6500015258789,6674700
2019-12-23,77.87000274658203,78.55000305175781,76.08999633789062,77.52999877929688,3460000
2019-12-30,77.52999877929688,80.13999938964844,75.19999694824219,78.3499984741211,5901600
2020-01-06,77.63999938964844,84.44000244140625,77.63999938964844,81.80000305175781,7944800
2020-01-13,82.31999969482422,86.18000030517578,81.91000366210938,83.97000122070312,7654600
2020-01-20,84.33000183105469,88.50499725341797,84.33000183105469,86.19000244140625,5656000
2020-01-27,83.23999786376953,87.32499694824219,83.12999725341797,86.4000015258789,5357400
2020-02-03,86.77999877929688,90.52999877929688,85.01000213623047,86.94999694824219,11435800
2020-02-10,86.93000030517578,91.51000213623047,86.63999938964844,90.4800033569336,8301300
2020-02-17,90.0,91.44000244140625,85.2300033569336,86.25,6355900
2020-02-24,81.95999908447266,85.94999694824219,77.0009994506836,79.30999755859375,10698000
2020-03-02,79.87999725341797,80.9800033569336,68.5999984741211,71.55000305175781,21636800
2020-03-09,66.88999938964844,72.2699966430664,57.939998626708984,64.43000030517578,14559700
2020-03-16,57.0,64.43000030517578,50.22999954223633,56.880001068115234,14770400
2020-03-23,56.560001373291016,68.22000122070312,53.75,64.8499984741211,11514800
2020-03-30,64.58999633789062,67.23999786376953,56.599998474121094,57.84000015258789,9379100
2020-04-06,60.29999923706055,71.27999877929688,59.709999084472656,68.70999908447266,9478000
2020-04-13,68.37000274658203,73.19000244140625,66.0,73.18000030517578,7924800
2020-04-20,72.08000183105469,74.38999938964844,66.46499633789062,73.4000015258789,9230900
2020-04-27,74.22000122070312,79.8499984741211,70.05000305175781,72.55000305175781,12554500
2020-05-04,72.0199966430664,79.9800033569336,71.02999877929688,77.87000274658203,8467500
2020-05-11,77.18000030517578,79.45999908447266,70.91999816894531,74.55000305175781,7718600
2020-05-18,76.18000030517578,82.25,75.79000091552734,81.93000030517578,9089900
2020-05-25,83.44000244140625,85.9000015258789,77.12999725341797,85.75,10622300
2020-06-01,85.0,89.0999984741211,81.25,82.7300033569336,7606700
2020-06-08,82.5,89.44000244140625,77.7699966430664,80.11000061035156,13227200
2020-06-15,78.91999816894531,84.19999694824219,77.75,81.25,9119200
2020-06-22,82.0,87.15699768066406,81.0999984741211,86.41999816894531,12495000
2020-06-29,87.08999633789062,91.95999908447266,84.5999984741211,88.4800033569336,10017200
2020-07-06,90.0,94.87000274658203,89.04000091552734,92.5,8943000
2020-07-13,93.30000305175781,94.37000274658203,84.09500122070312,89.75,8404100
2020-07-20,89.7699966430664,97.66999816894531,89.7699966430664,94.12000274658203,13216500
2020-07-27,94.9000015258789,101.94000244140625,89.0999984741211,91.1500015258789,13786500
2020-08-03,92.0,93.58999633789062,86.6510009765625,88.37999725341797,11912100
2020-08-10,89.44999694824219,89.83000183105469,85.19000244140625,87.87000274658203,7439300
2020-08-17,88.33999633789062,89.0,85.91999816894531,86.22000122070312,5377200
2020-08-24,87.02999877929688,96.02999877929688,85.44000244140625,94.73999786376953,7084000
2020-08-31,95.0,107.79000091552734,94.12999725341797,98.23999786376953,11132100
2020-09-07,93.5999984741211,98.77999877929688,93.18000030517578,94.54000091552734,4847000
2020-09-14,96.1500015258789,99.19999694824219,93.05000305175781,95.61000061035156,6554400
2020-09-21,93.91999816894531,101.38999938964844,93.5199966430664,99.37000274658203,5944600
2020-09-28,100.19000244140625,105.62000274658203,100.0,103.44000244140625,7760800
2020-10-05,104.0,111.4800033569336,103.5,110.86000061035156,5456800
2020-10-12,112.91999816894531,116.54000091552734,108.37000274658203,112.2300033569336,6260500
2020-10-19,113.0,115.25,106.55000305175781,110.23999786376953,4479800
2020-10-26,109.91999816894531,117.3499984741211,103.27999877929688,110.94000244140625,9426700
2020-11-02,110.5,125.93000030517578,107.87999725341797,125.16999816894531,9432000
2020-11-09,118.98999786376953,126.95999908447266,117.79000091552734,123.55000305175781,7775500
2020-11-16,122.80000305175781,128.47000122070312,121.0,126.55000305175781,5677700
2020-11-23,127.23999786376953,139.1699981689453,125.76000213623047,135.19000244140625,4923100
2020-11-30,135.92999267578125,137.8000030517578,129.99000549316406,135.8800048828125,13427600
2020-12-07,135.9199981689453,139.27000427246094,130.85000610351562,139.0800018310547,5800000
2020-12-14,138.5399932861328,142.27999877929688,133.5399932861328,140.27000427246094,6438100
2020-12-21,138.47000122070312,144.55999755859375,137.44000244140625,142.8300018310547,2653500
2020-12-28,144.38999938964844,144.58999633789062,137.6300048828125,143.1199951171875,2576000
2021-01-04,143.77999877929688,149.75999450683594,135.47799682617188,149.3699951171875,6577500
2021-01-11,147.94000244140625,154.24000549316406,141.72000122070312,143.33999633789062,9942900
2021-01-18,145.08999633789062,152.4499969482422,143.50999450683594,150.80999755859375,4412300
2021-01-25,152.41000366210938,152.8300018310547,135.19000244140625,144.24000549316406,7768100
2021-02-01,145.0,166.60000610351562,144.6699981689453,158.0,8675100
2021-02-08,159.10000610351562,163.63999938964844,152.75999450683594,157.1999969482422,6485200
2021-02-15,158.52999877929688,159.8000030517578,149.41000366210938,157.69000244140625,4512800
2021-02-22,155.0,156.99000549316406,141.1300048828125,146.13999938964844,6146800
2021-03-01,148.67999267578125,151.32000732421875,126.0,133.0800018310547,6149000
2021-03-08,132.97999572753906,137.77999877929688,126.19000244140625,134.8699951171875,5659200
2021-03-15,133.82000732421875,137.35000610351562,124.697998046875,129.47999572753906,7124200
2021-03-22,130.3000030517578,136.22000122070312,124.51000213623047,130.63999938964844,4649900
2021-03-29,129.38999938964844,140.33999633789062,125.1780014038086,139.8000030517578,4906100
2021-04-05,140.75999450683594,144.9199981689453,137.28500366210938,144.33999633789062,3570600
2021-04-12,142.9199981689453,152.52000427246094,142.52999877929688,150.3300018310547,3257500
2021-04-19,148.82000732421875,151.42999267578125,144.8800048828125,147.52000427246094,4818000
2021-04-26,148.94000244140625,155.6199951171875,145.6199951171875,146.14999389648438,7975300
2021-05-03,147.38999938964844,147.5500030517578,134.6999969482422,135.6699981689453,6936100
2021-05-10,135.0800018310547,139.11000061035156,127.06999969482422,135.0399932861328,5162100
2021-05-17,134.36000061035156,137.97000122070312,129.80999755859375,135.36000061035156,3697400
2021-05-24,137.0,139.52000427246094,134.60000610351562,136.66000366210938,3962800
2021-05-31,136.5,136.5399932861328,131.0,132.83999633789062,2916600
2021-06-07,132.13999938964844,138.64999389648438,131.38999938964844,138.61000061035156,4079300
2021-06-14,139.0,146.75999450683594,137.1300048828125,145.92999267578125,5198700
2021-06-21,145.85000610351562,149.35000610351562,143.00399780273438,146.63999938964844,4130600
2021-06-28,146.9499969482422,149.22000122070312,141.50999450683594,146.02000427246094,4486300
2021-07-05,146.74000549316406,149.1999969482422,139.00999450683594,143.47999572753906,3651700
2021-07-12,143.83999633789062,145.3800048828125,134.55999755859375,136.36000061035156,4937400
2021-07-19,135.0,147.14999389648438,132.6199951171875,146.89999389648438,5763100
2021-07-26,147.64999389648438,153.42999267578125,127.58999633789062,130.52999877929688,12467200
2021-08-02,129.11000061035156,130.47000122070312,125.3949966430664,128.6199951171875,6517400
2021-08-09,128.13999938964844,129.25,122.36000061035156,123.72000122070312,5399900
2021-08-16,122.91999816894531,123.05000305175781,118.18000030517578,119.4800033569336,5397800
2021-08-23,119.88999938964844,126.83999633789062,119.26000213623047,124.69000244140625,4714500
2021-08-30,125.0,125.79000091552734,121.7699966430664,125.08000183105469,6446500
2021-09-06,124.8499984741211,124.8499984741211,116.80000305175781,117.25,5401800
2021-09-13,117.5,126.18000030517578,113.3499984741211,124.61000061035156,11849800
2021-09-20,121.83000183105469,127.27999877929688,120.33999633789062,122.54000091552734,6095900
2021-09-27,121.4000015258789,122.12000274658203,115.0999984741211,116.69000244140625,7032900
2021-10-04,115.69000244140625,115.77999877929688,109.55000305175781,112.16999816894531,6120200
2021-10-11,111.16999816894531,125.76000213623047,110.07499694824219,124.55999755859375,7792400
2021-10-18,124.77999877929688,136.05999755859375,124.41000366210938,135.22999572753906,7144800
2021-10-25,135.0,136.3000030517578,92.0,101.80000305175781,42204200
2021-11-01,103.69999694824219,105.20999908447266,99.29000091552734,101.06999969482422,18406000
2021-11-08,101.04000091552734,103.86499786376953,99.01000213623047,103.83000183105469,10463300
2021-11-15,103.13999938964844,105.30999755859375,95.5999984741211,97.20999908447266,13674600
2021-11-22,97.87000274658203,98.0,90.51000213623047,94.2699966430664,11445200
2021-11-29,94.69000244140625,104.0,91.08000183105469,96.87999725341797,20159200
2021-12-06,95.38999938964844,107.4000015258789,93.69999694824219,100.56999969482422,10109000
2021-12-13,101.31999969482422,102.51000213623047,95.30999755859375,102.31999969482422,11180000
2021-12-20,101.58999633789062,106.41000366210938,100.33000183105469,103.3499984741211,4682900
2021-12-27,103.5,107.12999725341797,101.81500244140625,104.29000091552734,6362800
2022-01-03,104.16000366210938,104.66999816894531,96.05000305175781,97.91999816894531,7832800
2022-01-10,97.33000183105469,105.0,95.91999816894531,100.41000366210938,7837600
2022-01-17,98.0199966430664,100.94999694824219,94.33000183105469,94.73999786376953,7467400
2022-01-24,92.20999908447266,96.23999786376953,87.9000015258789,94.51000213623047,8792700
2022-01-31,95.5999984741211,101.79000091552734,93.72000122070312,97.68000030517578,8236800
2022-02-07,98.0,121.62000274658203,97.5999984741211,116.2699966430664,17968000
2022-02-14,114.4800033569336,120.18000030517578,112.30000305175781,115.05999755859375,13044800
2022-02-18,116.81999969482422,117.5,113.1500015258789,115.05999755859375,2810255
